#!ascii label  , from subject Woofsurfer vox2ras=TkReg coords=white
1232
18558  0.000  0.000  0.000 0.0000000000
18566  0.000  0.000  0.000 0.0000000000
18573  0.000  0.000  0.000 0.0000000000
18581  0.000  0.000  0.000 0.0000000000
18588  0.000  0.000  0.000 0.0000000000
18589  0.000  0.000  0.000 0.0000000000
18599  0.000  0.000  0.000 0.0000000000
18607  0.000  0.000  0.000 0.0000000000
18614  0.000  0.000  0.000 0.0000000000
18621  0.000  0.000  0.000 0.0000000000
18628  0.000  0.000  0.000 0.0000000000
18634  0.000  0.000  0.000 0.0000000000
18641  0.000  0.000  0.000 0.0000000000
18646  0.000  0.000  0.000 0.0000000000
18653  0.000  0.000  0.000 0.0000000000
18659  0.000  0.000  0.000 0.0000000000
19313  0.000  0.000  0.000 0.0000000000
19320  0.000  0.000  0.000 0.0000000000
19328  0.000  0.000  0.000 0.0000000000
19329  0.000  0.000  0.000 0.0000000000
19337  0.000  0.000  0.000 0.0000000000
19338  0.000  0.000  0.000 0.0000000000
19347  0.000  0.000  0.000 0.0000000000
19348  0.000  0.000  0.000 0.0000000000
19358  0.000  0.000  0.000 0.0000000000
19365  0.000  0.000  0.000 0.0000000000
19366  0.000  0.000  0.000 0.0000000000
19374  0.000  0.000  0.000 0.0000000000
19375  0.000  0.000  0.000 0.0000000000
19383  0.000  0.000  0.000 0.0000000000
19384  0.000  0.000  0.000 0.0000000000
19391  0.000  0.000  0.000 0.0000000000
19392  0.000  0.000  0.000 0.0000000000
19399  0.000  0.000  0.000 0.0000000000
19400  0.000  0.000  0.000 0.0000000000
19407  0.000  0.000  0.000 0.0000000000
19408  0.000  0.000  0.000 0.0000000000
19414  0.000  0.000  0.000 0.0000000000
19415  0.000  0.000  0.000 0.0000000000
19422  0.000  0.000  0.000 0.0000000000
19423  0.000  0.000  0.000 0.0000000000
19430  0.000  0.000  0.000 0.0000000000
19437  0.000  0.000  0.000 0.0000000000
19446  0.000  0.000  0.000 0.0000000000
20072  0.000  0.000  0.000 0.0000000000
20078  0.000  0.000  0.000 0.0000000000
20079  0.000  0.000  0.000 0.0000000000
20088  0.000  0.000  0.000 0.0000000000
20089  0.000  0.000  0.000 0.0000000000
20099  0.000  0.000  0.000 0.0000000000
20110  0.000  0.000  0.000 0.0000000000
20123  0.000  0.000  0.000 0.0000000000
20124  0.000  0.000  0.000 0.0000000000
20134  0.000  0.000  0.000 0.0000000000
20135  0.000  0.000  0.000 0.0000000000
20136  0.000  0.000  0.000 0.0000000000
20145  0.000  0.000  0.000 0.0000000000
20146  0.000  0.000  0.000 0.0000000000
20155  0.000  0.000  0.000 0.0000000000
20156  0.000  0.000  0.000 0.0000000000
20157  0.000  0.000  0.000 0.0000000000
20163  0.000  0.000  0.000 0.0000000000
20164  0.000  0.000  0.000 0.0000000000
20165  0.000  0.000  0.000 0.0000000000
20172  0.000  0.000  0.000 0.0000000000
20173  0.000  0.000  0.000 0.0000000000
20174  0.000  0.000  0.000 0.0000000000
20181  0.000  0.000  0.000 0.0000000000
20182  0.000  0.000  0.000 0.0000000000
20183  0.000  0.000  0.000 0.0000000000
20190  0.000  0.000  0.000 0.0000000000
20191  0.000  0.000  0.000 0.0000000000
20198  0.000  0.000  0.000 0.0000000000
20199  0.000  0.000  0.000 0.0000000000
20200  0.000  0.000  0.000 0.0000000000
20208  0.000  0.000  0.000 0.0000000000
20209  0.000  0.000  0.000 0.0000000000
20216  0.000  0.000  0.000 0.0000000000
20217  0.000  0.000  0.000 0.0000000000
20225  0.000  0.000  0.000 0.0000000000
20232  0.000  0.000  0.000 0.0000000000
20870  0.000  0.000  0.000 0.0000000000
20871  0.000  0.000  0.000 0.0000000000
20883  0.000  0.000  0.000 0.0000000000
20884  0.000  0.000  0.000 0.0000000000
20891  0.000  0.000  0.000 0.0000000000
20892  0.000  0.000  0.000 0.0000000000
20900  0.000  0.000  0.000 0.0000000000
20910  0.000  0.000  0.000 0.0000000000
20925  0.000  0.000  0.000 0.0000000000
20926  0.000  0.000  0.000 0.0000000000
20940  0.000  0.000  0.000 0.0000000000
20941  0.000  0.000  0.000 0.0000000000
20942  0.000  0.000  0.000 0.0000000000
20954  0.000  0.000  0.000 0.0000000000
20955  0.000  0.000  0.000 0.0000000000
20956  0.000  0.000  0.000 0.0000000000
20970  0.000  0.000  0.000 0.0000000000
20971  0.000  0.000  0.000 0.0000000000
20985  0.000  0.000  0.000 0.0000000000
20986  0.000  0.000  0.000 0.0000000000
20997  0.000  0.000  0.000 0.0000000000
21008  0.000  0.000  0.000 0.0000000000
21016  0.000  0.000  0.000 0.0000000000
21017  0.000  0.000  0.000 0.0000000000
21026  0.000  0.000  0.000 0.0000000000
21033  0.000  0.000  0.000 0.0000000000
21034  0.000  0.000  0.000 0.0000000000
21041  0.000  0.000  0.000 0.0000000000
21042  0.000  0.000  0.000 0.0000000000
21049  0.000  0.000  0.000 0.0000000000
21050  0.000  0.000  0.000 0.0000000000
21051  0.000  0.000  0.000 0.0000000000
21060  0.000  0.000  0.000 0.0000000000
21061  0.000  0.000  0.000 0.0000000000
21068  0.000  0.000  0.000 0.0000000000
21076  0.000  0.000  0.000 0.0000000000
21711  0.000  0.000  0.000 0.0000000000
21712  0.000  0.000  0.000 0.0000000000
21721  0.000  0.000  0.000 0.0000000000
21722  0.000  0.000  0.000 0.0000000000
21730  0.000  0.000  0.000 0.0000000000
21737  0.000  0.000  0.000 0.0000000000
21745  0.000  0.000  0.000 0.0000000000
21746  0.000  0.000  0.000 0.0000000000
21759  0.000  0.000  0.000 0.0000000000
21760  0.000  0.000  0.000 0.0000000000
21761  0.000  0.000  0.000 0.0000000000
21762  0.000  0.000  0.000 0.0000000000
21770  0.000  0.000  0.000 0.0000000000
21771  0.000  0.000  0.000 0.0000000000
21772  0.000  0.000  0.000 0.0000000000
21777  0.000  0.000  0.000 0.0000000000
21778  0.000  0.000  0.000 0.0000000000
21875  0.000  0.000  0.000 0.0000000000
21876  0.000  0.000  0.000 0.0000000000
21884  0.000  0.000  0.000 0.0000000000
21885  0.000  0.000  0.000 0.0000000000
21886  0.000  0.000  0.000 0.0000000000
21895  0.000  0.000  0.000 0.0000000000
21896  0.000  0.000  0.000 0.0000000000
21905  0.000  0.000  0.000 0.0000000000
22552  0.000  0.000  0.000 0.0000000000
22553  0.000  0.000  0.000 0.0000000000
22568  0.000  0.000  0.000 0.0000000000
22569  0.000  0.000  0.000 0.0000000000
22570  0.000  0.000  0.000 0.0000000000
22576  0.000  0.000  0.000 0.0000000000
22577  0.000  0.000  0.000 0.0000000000
22584  0.000  0.000  0.000 0.0000000000
22591  0.000  0.000  0.000 0.0000000000
22592  0.000  0.000  0.000 0.0000000000
22601  0.000  0.000  0.000 0.0000000000
22602  0.000  0.000  0.000 0.0000000000
22603  0.000  0.000  0.000 0.0000000000
22616  0.000  0.000  0.000 0.0000000000
22617  0.000  0.000  0.000 0.0000000000
22689  0.000  0.000  0.000 0.0000000000
22690  0.000  0.000  0.000 0.0000000000
22698  0.000  0.000  0.000 0.0000000000
22699  0.000  0.000  0.000 0.0000000000
22708  0.000  0.000  0.000 0.0000000000
22709  0.000  0.000  0.000 0.0000000000
23381  0.000  0.000  0.000 0.0000000000
23382  0.000  0.000  0.000 0.0000000000
23395  0.000  0.000  0.000 0.0000000000
23396  0.000  0.000  0.000 0.0000000000
23403  0.000  0.000  0.000 0.0000000000
23410  0.000  0.000  0.000 0.0000000000
23418  0.000  0.000  0.000 0.0000000000
23419  0.000  0.000  0.000 0.0000000000
23420  0.000  0.000  0.000 0.0000000000
23432  0.000  0.000  0.000 0.0000000000
23433  0.000  0.000  0.000 0.0000000000
23447  0.000  0.000  0.000 0.0000000000
23499  0.000  0.000  0.000 0.0000000000
23505  0.000  0.000  0.000 0.0000000000
24153  0.000  0.000  0.000 0.0000000000
24154  0.000  0.000  0.000 0.0000000000
24165  0.000  0.000  0.000 0.0000000000
24166  0.000  0.000  0.000 0.0000000000
24173  0.000  0.000  0.000 0.0000000000
24181  0.000  0.000  0.000 0.0000000000
24182  0.000  0.000  0.000 0.0000000000
24191  0.000  0.000  0.000 0.0000000000
24192  0.000  0.000  0.000 0.0000000000
24193  0.000  0.000  0.000 0.0000000000
24206  0.000  0.000  0.000 0.0000000000
24909  0.000  0.000  0.000 0.0000000000
24910  0.000  0.000  0.000 0.0000000000
24920  0.000  0.000  0.000 0.0000000000
24921  0.000  0.000  0.000 0.0000000000
24928  0.000  0.000  0.000 0.0000000000
24936  0.000  0.000  0.000 0.0000000000
24937  0.000  0.000  0.000 0.0000000000
24945  0.000  0.000  0.000 0.0000000000
24946  0.000  0.000  0.000 0.0000000000
24947  0.000  0.000  0.000 0.0000000000
24961  0.000  0.000  0.000 0.0000000000
25684  0.000  0.000  0.000 0.0000000000
25685  0.000  0.000  0.000 0.0000000000
25686  0.000  0.000  0.000 0.0000000000
25694  0.000  0.000  0.000 0.0000000000
25695  0.000  0.000  0.000 0.0000000000
25702  0.000  0.000  0.000 0.0000000000
25711  0.000  0.000  0.000 0.0000000000
25712  0.000  0.000  0.000 0.0000000000
25713  0.000  0.000  0.000 0.0000000000
25723  0.000  0.000  0.000 0.0000000000
25724  0.000  0.000  0.000 0.0000000000
25725  0.000  0.000  0.000 0.0000000000
26471  0.000  0.000  0.000 0.0000000000
26472  0.000  0.000  0.000 0.0000000000
26484  0.000  0.000  0.000 0.0000000000
26485  0.000  0.000  0.000 0.0000000000
26486  0.000  0.000  0.000 0.0000000000
26493  0.000  0.000  0.000 0.0000000000
26500  0.000  0.000  0.000 0.0000000000
26501  0.000  0.000  0.000 0.0000000000
26510  0.000  0.000  0.000 0.0000000000
26511  0.000  0.000  0.000 0.0000000000
26512  0.000  0.000  0.000 0.0000000000
26524  0.000  0.000  0.000 0.0000000000
26525  0.000  0.000  0.000 0.0000000000
27262  0.000  0.000  0.000 0.0000000000
27263  0.000  0.000  0.000 0.0000000000
27276  0.000  0.000  0.000 0.0000000000
27277  0.000  0.000  0.000 0.0000000000
27286  0.000  0.000  0.000 0.0000000000
27294  0.000  0.000  0.000 0.0000000000
27295  0.000  0.000  0.000 0.0000000000
27304  0.000  0.000  0.000 0.0000000000
27305  0.000  0.000  0.000 0.0000000000
27318  0.000  0.000  0.000 0.0000000000
27319  0.000  0.000  0.000 0.0000000000
28027  0.000  0.000  0.000 0.0000000000
28028  0.000  0.000  0.000 0.0000000000
28041  0.000  0.000  0.000 0.0000000000
28042  0.000  0.000  0.000 0.0000000000
28050  0.000  0.000  0.000 0.0000000000
28051  0.000  0.000  0.000 0.0000000000
28058  0.000  0.000  0.000 0.0000000000
28059  0.000  0.000  0.000 0.0000000000
28067  0.000  0.000  0.000 0.0000000000
28068  0.000  0.000  0.000 0.0000000000
28082  0.000  0.000  0.000 0.0000000000
28083  0.000  0.000  0.000 0.0000000000
28812  0.000  0.000  0.000 0.0000000000
28813  0.000  0.000  0.000 0.0000000000
28826  0.000  0.000  0.000 0.0000000000
28835  0.000  0.000  0.000 0.0000000000
28836  0.000  0.000  0.000 0.0000000000
28843  0.000  0.000  0.000 0.0000000000
28844  0.000  0.000  0.000 0.0000000000
28854  0.000  0.000  0.000 0.0000000000
28855  0.000  0.000  0.000 0.0000000000
28869  0.000  0.000  0.000 0.0000000000
28870  0.000  0.000  0.000 0.0000000000
29592  0.000  0.000  0.000 0.0000000000
29593  0.000  0.000  0.000 0.0000000000
29603  0.000  0.000  0.000 0.0000000000
29612  0.000  0.000  0.000 0.0000000000
29620  0.000  0.000  0.000 0.0000000000
29631  0.000  0.000  0.000 0.0000000000
29632  0.000  0.000  0.000 0.0000000000
29643  0.000  0.000  0.000 0.0000000000
29644  0.000  0.000  0.000 0.0000000000
30328  0.000  0.000  0.000 0.0000000000
30329  0.000  0.000  0.000 0.0000000000
30338  0.000  0.000  0.000 0.0000000000
30347  0.000  0.000  0.000 0.0000000000
30356  0.000  0.000  0.000 0.0000000000
30368  0.000  0.000  0.000 0.0000000000
30369  0.000  0.000  0.000 0.0000000000
30370  0.000  0.000  0.000 0.0000000000
30380  0.000  0.000  0.000 0.0000000000
30381  0.000  0.000  0.000 0.0000000000
31167  0.000  0.000  0.000 0.0000000000
31168  0.000  0.000  0.000 0.0000000000
31177  0.000  0.000  0.000 0.0000000000
31186  0.000  0.000  0.000 0.0000000000
31198  0.000  0.000  0.000 0.0000000000
31208  0.000  0.000  0.000 0.0000000000
31209  0.000  0.000  0.000 0.0000000000
31210  0.000  0.000  0.000 0.0000000000
31215  0.000  0.000  0.000 0.0000000000
31988  0.000  0.000  0.000 0.0000000000
31989  0.000  0.000  0.000 0.0000000000
31998  0.000  0.000  0.000 0.0000000000
31999  0.000  0.000  0.000 0.0000000000
32010  0.000  0.000  0.000 0.0000000000
32023  0.000  0.000  0.000 0.0000000000
32030  0.000  0.000  0.000 0.0000000000
32031  0.000  0.000  0.000 0.0000000000
32032  0.000  0.000  0.000 0.0000000000
32038  0.000  0.000  0.000 0.0000000000
33208  0.000  0.000  0.000 0.0000000000
33219  0.000  0.000  0.000 0.0000000000
33220  0.000  0.000  0.000 0.0000000000
33234  0.000  0.000  0.000 0.0000000000
33245  0.000  0.000  0.000 0.0000000000
33246  0.000  0.000  0.000 0.0000000000
33249  0.000  0.000  0.000 0.0000000000
33250  0.000  0.000  0.000 0.0000000000
33251  0.000  0.000  0.000 0.0000000000
33257  0.000  0.000  0.000 0.0000000000
34015  0.000  0.000  0.000 0.0000000000
34028  0.000  0.000  0.000 0.0000000000
34029  0.000  0.000  0.000 0.0000000000
34043  0.000  0.000  0.000 0.0000000000
34050  0.000  0.000  0.000 0.0000000000
34051  0.000  0.000  0.000 0.0000000000
34055  0.000  0.000  0.000 0.0000000000
34056  0.000  0.000  0.000 0.0000000000
34062  0.000  0.000  0.000 0.0000000000
34749  0.000  0.000  0.000 0.0000000000
34763  0.000  0.000  0.000 0.0000000000
34764  0.000  0.000  0.000 0.0000000000
34777  0.000  0.000  0.000 0.0000000000
34781  0.000  0.000  0.000 0.0000000000
34782  0.000  0.000  0.000 0.0000000000
34786  0.000  0.000  0.000 0.0000000000
34787  0.000  0.000  0.000 0.0000000000
34792  0.000  0.000  0.000 0.0000000000
35544  0.000  0.000  0.000 0.0000000000
35557  0.000  0.000  0.000 0.0000000000
35558  0.000  0.000  0.000 0.0000000000
35569  0.000  0.000  0.000 0.0000000000
35572  0.000  0.000  0.000 0.0000000000
35573  0.000  0.000  0.000 0.0000000000
35576  0.000  0.000  0.000 0.0000000000
35577  0.000  0.000  0.000 0.0000000000
35582  0.000  0.000  0.000 0.0000000000
35583  0.000  0.000  0.000 0.0000000000
36457  0.000  0.000  0.000 0.0000000000
36469  0.000  0.000  0.000 0.0000000000
36470  0.000  0.000  0.000 0.0000000000
36479  0.000  0.000  0.000 0.0000000000
36480  0.000  0.000  0.000 0.0000000000
36483  0.000  0.000  0.000 0.0000000000
36484  0.000  0.000  0.000 0.0000000000
36487  0.000  0.000  0.000 0.0000000000
36488  0.000  0.000  0.000 0.0000000000
36492  0.000  0.000  0.000 0.0000000000
36493  0.000  0.000  0.000 0.0000000000
37307  0.000  0.000  0.000 0.0000000000
37317  0.000  0.000  0.000 0.0000000000
37326  0.000  0.000  0.000 0.0000000000
37327  0.000  0.000  0.000 0.0000000000
37330  0.000  0.000  0.000 0.0000000000
37331  0.000  0.000  0.000 0.0000000000
37334  0.000  0.000  0.000 0.0000000000
37335  0.000  0.000  0.000 0.0000000000
37339  0.000  0.000  0.000 0.0000000000
37340  0.000  0.000  0.000 0.0000000000
38131  0.000  0.000  0.000 0.0000000000
38142  0.000  0.000  0.000 0.0000000000
38149  0.000  0.000  0.000 0.0000000000
38150  0.000  0.000  0.000 0.0000000000
38152  0.000  0.000  0.000 0.0000000000
38153  0.000  0.000  0.000 0.0000000000
38156  0.000  0.000  0.000 0.0000000000
38157  0.000  0.000  0.000 0.0000000000
38160  0.000  0.000  0.000 0.0000000000
38161  0.000  0.000  0.000 0.0000000000
38162  0.000  0.000  0.000 0.0000000000
38918  0.000  0.000  0.000 0.0000000000
38929  0.000  0.000  0.000 0.0000000000
38935  0.000  0.000  0.000 0.0000000000
38936  0.000  0.000  0.000 0.0000000000
38939  0.000  0.000  0.000 0.0000000000
38940  0.000  0.000  0.000 0.0000000000
38943  0.000  0.000  0.000 0.0000000000
38944  0.000  0.000  0.000 0.0000000000
38947  0.000  0.000  0.000 0.0000000000
38948  0.000  0.000  0.000 0.0000000000
38949  0.000  0.000  0.000 0.0000000000
38950  0.000  0.000  0.000 0.0000000000
39673  0.000  0.000  0.000 0.0000000000
39684  0.000  0.000  0.000 0.0000000000
39689  0.000  0.000  0.000 0.0000000000
39692  0.000  0.000  0.000 0.0000000000
39695  0.000  0.000  0.000 0.0000000000
39698  0.000  0.000  0.000 0.0000000000
39699  0.000  0.000  0.000 0.0000000000
39700  0.000  0.000  0.000 0.0000000000
39701  0.000  0.000  0.000 0.0000000000
39705  0.000  0.000  0.000 0.0000000000
39706  0.000  0.000  0.000 0.0000000000
40526  0.000  0.000  0.000 0.0000000000
40535  0.000  0.000  0.000 0.0000000000
40538  0.000  0.000  0.000 0.0000000000
40539  0.000  0.000  0.000 0.0000000000
40542  0.000  0.000  0.000 0.0000000000
40543  0.000  0.000  0.000 0.0000000000
40545  0.000  0.000  0.000 0.0000000000
40546  0.000  0.000  0.000 0.0000000000
40549  0.000  0.000  0.000 0.0000000000
40550  0.000  0.000  0.000 0.0000000000
40551  0.000  0.000  0.000 0.0000000000
40552  0.000  0.000  0.000 0.0000000000
40557  0.000  0.000  0.000 0.0000000000
40558  0.000  0.000  0.000 0.0000000000
41545  0.000  0.000  0.000 0.0000000000
41554  0.000  0.000  0.000 0.0000000000
41557  0.000  0.000  0.000 0.0000000000
41558  0.000  0.000  0.000 0.0000000000
41560  0.000  0.000  0.000 0.0000000000
41561  0.000  0.000  0.000 0.0000000000
41564  0.000  0.000  0.000 0.0000000000
41565  0.000  0.000  0.000 0.0000000000
41568  0.000  0.000  0.000 0.0000000000
41569  0.000  0.000  0.000 0.0000000000
41570  0.000  0.000  0.000 0.0000000000
41571  0.000  0.000  0.000 0.0000000000
42440  0.000  0.000  0.000 0.0000000000
42448  0.000  0.000  0.000 0.0000000000
42456  0.000  0.000  0.000 0.0000000000
42459  0.000  0.000  0.000 0.0000000000
42461  0.000  0.000  0.000 0.0000000000
42464  0.000  0.000  0.000 0.0000000000
42467  0.000  0.000  0.000 0.0000000000
42468  0.000  0.000  0.000 0.0000000000
42469  0.000  0.000  0.000 0.0000000000
42473  0.000  0.000  0.000 0.0000000000
43275  0.000  0.000  0.000 0.0000000000
43283  0.000  0.000  0.000 0.0000000000
43292  0.000  0.000  0.000 0.0000000000
43295  0.000  0.000  0.000 0.0000000000
43297  0.000  0.000  0.000 0.0000000000
43298  0.000  0.000  0.000 0.0000000000
43301  0.000  0.000  0.000 0.0000000000
43302  0.000  0.000  0.000 0.0000000000
43304  0.000  0.000  0.000 0.0000000000
43305  0.000  0.000  0.000 0.0000000000
43306  0.000  0.000  0.000 0.0000000000
43309  0.000  0.000  0.000 0.0000000000
44175  0.000  0.000  0.000 0.0000000000
44185  0.000  0.000  0.000 0.0000000000
44193  0.000  0.000  0.000 0.0000000000
44196  0.000  0.000  0.000 0.0000000000
44198  0.000  0.000  0.000 0.0000000000
44199  0.000  0.000  0.000 0.0000000000
44202  0.000  0.000  0.000 0.0000000000
44203  0.000  0.000  0.000 0.0000000000
44205  0.000  0.000  0.000 0.0000000000
44206  0.000  0.000  0.000 0.0000000000
44207  0.000  0.000  0.000 0.0000000000
44209  0.000  0.000  0.000 0.0000000000
44210  0.000  0.000  0.000 0.0000000000
44211  0.000  0.000  0.000 0.0000000000
44215  0.000  0.000  0.000 0.0000000000
44216  0.000  0.000  0.000 0.0000000000
44950  0.000  0.000  0.000 0.0000000000
44960  0.000  0.000  0.000 0.0000000000
44968  0.000  0.000  0.000 0.0000000000
44971  0.000  0.000  0.000 0.0000000000
44974  0.000  0.000  0.000 0.0000000000
44975  0.000  0.000  0.000 0.0000000000
44978  0.000  0.000  0.000 0.0000000000
44979  0.000  0.000  0.000 0.0000000000
44981  0.000  0.000  0.000 0.0000000000
44982  0.000  0.000  0.000 0.0000000000
44983  0.000  0.000  0.000 0.0000000000
44986  0.000  0.000  0.000 0.0000000000
44987  0.000  0.000  0.000 0.0000000000
44988  0.000  0.000  0.000 0.0000000000
44992  0.000  0.000  0.000 0.0000000000
44993  0.000  0.000  0.000 0.0000000000
45796  0.000  0.000  0.000 0.0000000000
45806  0.000  0.000  0.000 0.0000000000
45809  0.000  0.000  0.000 0.0000000000
45812  0.000  0.000  0.000 0.0000000000
45813  0.000  0.000  0.000 0.0000000000
45816  0.000  0.000  0.000 0.0000000000
45819  0.000  0.000  0.000 0.0000000000
45820  0.000  0.000  0.000 0.0000000000
45823  0.000  0.000  0.000 0.0000000000
45824  0.000  0.000  0.000 0.0000000000
45825  0.000  0.000  0.000 0.0000000000
45828  0.000  0.000  0.000 0.0000000000
45829  0.000  0.000  0.000 0.0000000000
45830  0.000  0.000  0.000 0.0000000000
46539  0.000  0.000  0.000 0.0000000000
46542  0.000  0.000  0.000 0.0000000000
46545  0.000  0.000  0.000 0.0000000000
46546  0.000  0.000  0.000 0.0000000000
46549  0.000  0.000  0.000 0.0000000000
46552  0.000  0.000  0.000 0.0000000000
46553  0.000  0.000  0.000 0.0000000000
46556  0.000  0.000  0.000 0.0000000000
46557  0.000  0.000  0.000 0.0000000000
46558  0.000  0.000  0.000 0.0000000000
46562  0.000  0.000  0.000 0.0000000000
46563  0.000  0.000  0.000 0.0000000000
46564  0.000  0.000  0.000 0.0000000000
46565  0.000  0.000  0.000 0.0000000000
47414  0.000  0.000  0.000 0.0000000000
47418  0.000  0.000  0.000 0.0000000000
47421  0.000  0.000  0.000 0.0000000000
47422  0.000  0.000  0.000 0.0000000000
47425  0.000  0.000  0.000 0.0000000000
47428  0.000  0.000  0.000 0.0000000000
47431  0.000  0.000  0.000 0.0000000000
47432  0.000  0.000  0.000 0.0000000000
47436  0.000  0.000  0.000 0.0000000000
47437  0.000  0.000  0.000 0.0000000000
47438  0.000  0.000  0.000 0.0000000000
47439  0.000  0.000  0.000 0.0000000000
48156  0.000  0.000  0.000 0.0000000000
48161  0.000  0.000  0.000 0.0000000000
48165  0.000  0.000  0.000 0.0000000000
48166  0.000  0.000  0.000 0.0000000000
48170  0.000  0.000  0.000 0.0000000000
48173  0.000  0.000  0.000 0.0000000000
48176  0.000  0.000  0.000 0.0000000000
48177  0.000  0.000  0.000 0.0000000000
48182  0.000  0.000  0.000 0.0000000000
48183  0.000  0.000  0.000 0.0000000000
48184  0.000  0.000  0.000 0.0000000000
49127  0.000  0.000  0.000 0.0000000000
49130  0.000  0.000  0.000 0.0000000000
49131  0.000  0.000  0.000 0.0000000000
49134  0.000  0.000  0.000 0.0000000000
49137  0.000  0.000  0.000 0.0000000000
49140  0.000  0.000  0.000 0.0000000000
49141  0.000  0.000  0.000 0.0000000000
49147  0.000  0.000  0.000 0.0000000000
49148  0.000  0.000  0.000 0.0000000000
49149  0.000  0.000  0.000 0.0000000000
49150  0.000  0.000  0.000 0.0000000000
49156  0.000  0.000  0.000 0.0000000000
49157  0.000  0.000  0.000 0.0000000000
49920  0.000  0.000  0.000 0.0000000000
49924  0.000  0.000  0.000 0.0000000000
49925  0.000  0.000  0.000 0.0000000000
49929  0.000  0.000  0.000 0.0000000000
49933  0.000  0.000  0.000 0.0000000000
49936  0.000  0.000  0.000 0.0000000000
49939  0.000  0.000  0.000 0.0000000000
49940  0.000  0.000  0.000 0.0000000000
49941  0.000  0.000  0.000 0.0000000000
49947  0.000  0.000  0.000 0.0000000000
49948  0.000  0.000  0.000 0.0000000000
50724  0.000  0.000  0.000 0.0000000000
50728  0.000  0.000  0.000 0.0000000000
50729  0.000  0.000  0.000 0.0000000000
50735  0.000  0.000  0.000 0.0000000000
50741  0.000  0.000  0.000 0.0000000000
50742  0.000  0.000  0.000 0.0000000000
50746  0.000  0.000  0.000 0.0000000000
50747  0.000  0.000  0.000 0.0000000000
50750  0.000  0.000  0.000 0.0000000000
50751  0.000  0.000  0.000 0.0000000000
50752  0.000  0.000  0.000 0.0000000000
50758  0.000  0.000  0.000 0.0000000000
50759  0.000  0.000  0.000 0.0000000000
50760  0.000  0.000  0.000 0.0000000000
51508  0.000  0.000  0.000 0.0000000000
51512  0.000  0.000  0.000 0.0000000000
51513  0.000  0.000  0.000 0.0000000000
51519  0.000  0.000  0.000 0.0000000000
51525  0.000  0.000  0.000 0.0000000000
51526  0.000  0.000  0.000 0.0000000000
51530  0.000  0.000  0.000 0.0000000000
51531  0.000  0.000  0.000 0.0000000000
51535  0.000  0.000  0.000 0.0000000000
51536  0.000  0.000  0.000 0.0000000000
51537  0.000  0.000  0.000 0.0000000000
51543  0.000  0.000  0.000 0.0000000000
51544  0.000  0.000  0.000 0.0000000000
51545  0.000  0.000  0.000 0.0000000000
51552  0.000  0.000  0.000 0.0000000000
52348  0.000  0.000  0.000 0.0000000000
52349  0.000  0.000  0.000 0.0000000000
52353  0.000  0.000  0.000 0.0000000000
52358  0.000  0.000  0.000 0.0000000000
52359  0.000  0.000  0.000 0.0000000000
52363  0.000  0.000  0.000 0.0000000000
52367  0.000  0.000  0.000 0.0000000000
52368  0.000  0.000  0.000 0.0000000000
52371  0.000  0.000  0.000 0.0000000000
52372  0.000  0.000  0.000 0.0000000000
52373  0.000  0.000  0.000 0.0000000000
52380  0.000  0.000  0.000 0.0000000000
53126  0.000  0.000  0.000 0.0000000000
53130  0.000  0.000  0.000 0.0000000000
53135  0.000  0.000  0.000 0.0000000000
53136  0.000  0.000  0.000 0.0000000000
53140  0.000  0.000  0.000 0.0000000000
53145  0.000  0.000  0.000 0.0000000000
53146  0.000  0.000  0.000 0.0000000000
53150  0.000  0.000  0.000 0.0000000000
53151  0.000  0.000  0.000 0.0000000000
53152  0.000  0.000  0.000 0.0000000000
53153  0.000  0.000  0.000 0.0000000000
53160  0.000  0.000  0.000 0.0000000000
53161  0.000  0.000  0.000 0.0000000000
53879  0.000  0.000  0.000 0.0000000000
53884  0.000  0.000  0.000 0.0000000000
53885  0.000  0.000  0.000 0.0000000000
53889  0.000  0.000  0.000 0.0000000000
53894  0.000  0.000  0.000 0.0000000000
53899  0.000  0.000  0.000 0.0000000000
53900  0.000  0.000  0.000 0.0000000000
53901  0.000  0.000  0.000 0.0000000000
53907  0.000  0.000  0.000 0.0000000000
53908  0.000  0.000  0.000 0.0000000000
54578  0.000  0.000  0.000 0.0000000000
54582  0.000  0.000  0.000 0.0000000000
54583  0.000  0.000  0.000 0.0000000000
54587  0.000  0.000  0.000 0.0000000000
54592  0.000  0.000  0.000 0.0000000000
54597  0.000  0.000  0.000 0.0000000000
54598  0.000  0.000  0.000 0.0000000000
54599  0.000  0.000  0.000 0.0000000000
54605  0.000  0.000  0.000 0.0000000000
54606  0.000  0.000  0.000 0.0000000000
54607  0.000  0.000  0.000 0.0000000000
54615  0.000  0.000  0.000 0.0000000000
54616  0.000  0.000  0.000 0.0000000000
55241  0.000  0.000  0.000 0.0000000000
55245  0.000  0.000  0.000 0.0000000000
55246  0.000  0.000  0.000 0.0000000000
55250  0.000  0.000  0.000 0.0000000000
55251  0.000  0.000  0.000 0.0000000000
55256  0.000  0.000  0.000 0.0000000000
55260  0.000  0.000  0.000 0.0000000000
55261  0.000  0.000  0.000 0.0000000000
55265  0.000  0.000  0.000 0.0000000000
55266  0.000  0.000  0.000 0.0000000000
55267  0.000  0.000  0.000 0.0000000000
55274  0.000  0.000  0.000 0.0000000000
55275  0.000  0.000  0.000 0.0000000000
55905  0.000  0.000  0.000 0.0000000000
55909  0.000  0.000  0.000 0.0000000000
55910  0.000  0.000  0.000 0.0000000000
55914  0.000  0.000  0.000 0.0000000000
55915  0.000  0.000  0.000 0.0000000000
55920  0.000  0.000  0.000 0.0000000000
55925  0.000  0.000  0.000 0.0000000000
55930  0.000  0.000  0.000 0.0000000000
55931  0.000  0.000  0.000 0.0000000000
55932  0.000  0.000  0.000 0.0000000000
55940  0.000  0.000  0.000 0.0000000000
55941  0.000  0.000  0.000 0.0000000000
55942  0.000  0.000  0.000 0.0000000000
56536  0.000  0.000  0.000 0.0000000000
56537  0.000  0.000  0.000 0.0000000000
56542  0.000  0.000  0.000 0.0000000000
56543  0.000  0.000  0.000 0.0000000000
56548  0.000  0.000  0.000 0.0000000000
56554  0.000  0.000  0.000 0.0000000000
56559  0.000  0.000  0.000 0.0000000000
56560  0.000  0.000  0.000 0.0000000000
56567  0.000  0.000  0.000 0.0000000000
56568  0.000  0.000  0.000 0.0000000000
56569  0.000  0.000  0.000 0.0000000000
56570  0.000  0.000  0.000 0.0000000000
57152  0.000  0.000  0.000 0.0000000000
57153  0.000  0.000  0.000 0.0000000000
57157  0.000  0.000  0.000 0.0000000000
57158  0.000  0.000  0.000 0.0000000000
57159  0.000  0.000  0.000 0.0000000000
57163  0.000  0.000  0.000 0.0000000000
57168  0.000  0.000  0.000 0.0000000000
57174  0.000  0.000  0.000 0.0000000000
57182  0.000  0.000  0.000 0.0000000000
57183  0.000  0.000  0.000 0.0000000000
57184  0.000  0.000  0.000 0.0000000000
57185  0.000  0.000  0.000 0.0000000000
57193  0.000  0.000  0.000 0.0000000000
57194  0.000  0.000  0.000 0.0000000000
57828  0.000  0.000  0.000 0.0000000000
57832  0.000  0.000  0.000 0.0000000000
57833  0.000  0.000  0.000 0.0000000000
57834  0.000  0.000  0.000 0.0000000000
57839  0.000  0.000  0.000 0.0000000000
57840  0.000  0.000  0.000 0.0000000000
57845  0.000  0.000  0.000 0.0000000000
57851  0.000  0.000  0.000 0.0000000000
57856  0.000  0.000  0.000 0.0000000000
57857  0.000  0.000  0.000 0.0000000000
57858  0.000  0.000  0.000 0.0000000000
57865  0.000  0.000  0.000 0.0000000000
57866  0.000  0.000  0.000 0.0000000000
57867  0.000  0.000  0.000 0.0000000000
58486  0.000  0.000  0.000 0.0000000000
58487  0.000  0.000  0.000 0.0000000000
58492  0.000  0.000  0.000 0.0000000000
58493  0.000  0.000  0.000 0.0000000000
58498  0.000  0.000  0.000 0.0000000000
58504  0.000  0.000  0.000 0.0000000000
58509  0.000  0.000  0.000 0.0000000000
58510  0.000  0.000  0.000 0.0000000000
58517  0.000  0.000  0.000 0.0000000000
58518  0.000  0.000  0.000 0.0000000000
58519  0.000  0.000  0.000 0.0000000000
58520  0.000  0.000  0.000 0.0000000000
59083  0.000  0.000  0.000 0.0000000000
59084  0.000  0.000  0.000 0.0000000000
59088  0.000  0.000  0.000 0.0000000000
59089  0.000  0.000  0.000 0.0000000000
59090  0.000  0.000  0.000 0.0000000000
59095  0.000  0.000  0.000 0.0000000000
59102  0.000  0.000  0.000 0.0000000000
59107  0.000  0.000  0.000 0.0000000000
59111  0.000  0.000  0.000 0.0000000000
59112  0.000  0.000  0.000 0.0000000000
59113  0.000  0.000  0.000 0.0000000000
59114  0.000  0.000  0.000 0.0000000000
59120  0.000  0.000  0.000 0.0000000000
59121  0.000  0.000  0.000 0.0000000000
59697  0.000  0.000  0.000 0.0000000000
59698  0.000  0.000  0.000 0.0000000000
59699  0.000  0.000  0.000 0.0000000000
59703  0.000  0.000  0.000 0.0000000000
59710  0.000  0.000  0.000 0.0000000000
59717  0.000  0.000  0.000 0.0000000000
59718  0.000  0.000  0.000 0.0000000000
59723  0.000  0.000  0.000 0.0000000000
59724  0.000  0.000  0.000 0.0000000000
59725  0.000  0.000  0.000 0.0000000000
59726  0.000  0.000  0.000 0.0000000000
59731  0.000  0.000  0.000 0.0000000000
59732  0.000  0.000  0.000 0.0000000000
60299  0.000  0.000  0.000 0.0000000000
60300  0.000  0.000  0.000 0.0000000000
60301  0.000  0.000  0.000 0.0000000000
60305  0.000  0.000  0.000 0.0000000000
60306  0.000  0.000  0.000 0.0000000000
60311  0.000  0.000  0.000 0.0000000000
60318  0.000  0.000  0.000 0.0000000000
60319  0.000  0.000  0.000 0.0000000000
60324  0.000  0.000  0.000 0.0000000000
60325  0.000  0.000  0.000 0.0000000000
60326  0.000  0.000  0.000 0.0000000000
60327  0.000  0.000  0.000 0.0000000000
60331  0.000  0.000  0.000 0.0000000000
60332  0.000  0.000  0.000 0.0000000000
60333  0.000  0.000  0.000 0.0000000000
60334  0.000  0.000  0.000 0.0000000000
60339  0.000  0.000  0.000 0.0000000000
60340  0.000  0.000  0.000 0.0000000000
60341  0.000  0.000  0.000 0.0000000000
60925  0.000  0.000  0.000 0.0000000000
60926  0.000  0.000  0.000 0.0000000000
60930  0.000  0.000  0.000 0.0000000000
60931  0.000  0.000  0.000 0.0000000000
60936  0.000  0.000  0.000 0.0000000000
60937  0.000  0.000  0.000 0.0000000000
60945  0.000  0.000  0.000 0.0000000000
60946  0.000  0.000  0.000 0.0000000000
60951  0.000  0.000  0.000 0.0000000000
60952  0.000  0.000  0.000 0.0000000000
60953  0.000  0.000  0.000 0.0000000000
60957  0.000  0.000  0.000 0.0000000000
60958  0.000  0.000  0.000 0.0000000000
60964  0.000  0.000  0.000 0.0000000000
60965  0.000  0.000  0.000 0.0000000000
60966  0.000  0.000  0.000 0.0000000000
61634  0.000  0.000  0.000 0.0000000000
61635  0.000  0.000  0.000 0.0000000000
61638  0.000  0.000  0.000 0.0000000000
61639  0.000  0.000  0.000 0.0000000000
61643  0.000  0.000  0.000 0.0000000000
61644  0.000  0.000  0.000 0.0000000000
61651  0.000  0.000  0.000 0.0000000000
61658  0.000  0.000  0.000 0.0000000000
61659  0.000  0.000  0.000 0.0000000000
61660  0.000  0.000  0.000 0.0000000000
61663  0.000  0.000  0.000 0.0000000000
61664  0.000  0.000  0.000 0.0000000000
61671  0.000  0.000  0.000 0.0000000000
61672  0.000  0.000  0.000 0.0000000000
61673  0.000  0.000  0.000 0.0000000000
62298  0.000  0.000  0.000 0.0000000000
62299  0.000  0.000  0.000 0.0000000000
62302  0.000  0.000  0.000 0.0000000000
62303  0.000  0.000  0.000 0.0000000000
62304  0.000  0.000  0.000 0.0000000000
62308  0.000  0.000  0.000 0.0000000000
62309  0.000  0.000  0.000 0.0000000000
62315  0.000  0.000  0.000 0.0000000000
62323  0.000  0.000  0.000 0.0000000000
62324  0.000  0.000  0.000 0.0000000000
62325  0.000  0.000  0.000 0.0000000000
62328  0.000  0.000  0.000 0.0000000000
62329  0.000  0.000  0.000 0.0000000000
62337  0.000  0.000  0.000 0.0000000000
62338  0.000  0.000  0.000 0.0000000000
62951  0.000  0.000  0.000 0.0000000000
62952  0.000  0.000  0.000 0.0000000000
62953  0.000  0.000  0.000 0.0000000000
62956  0.000  0.000  0.000 0.0000000000
62957  0.000  0.000  0.000 0.0000000000
62962  0.000  0.000  0.000 0.0000000000
62971  0.000  0.000  0.000 0.0000000000
62972  0.000  0.000  0.000 0.0000000000
62973  0.000  0.000  0.000 0.0000000000
62978  0.000  0.000  0.000 0.0000000000
62979  0.000  0.000  0.000 0.0000000000
62987  0.000  0.000  0.000 0.0000000000
62988  0.000  0.000  0.000 0.0000000000
63594  0.000  0.000  0.000 0.0000000000
63595  0.000  0.000  0.000 0.0000000000
63598  0.000  0.000  0.000 0.0000000000
63599  0.000  0.000  0.000 0.0000000000
63600  0.000  0.000  0.000 0.0000000000
63603  0.000  0.000  0.000 0.0000000000
63604  0.000  0.000  0.000 0.0000000000
63608  0.000  0.000  0.000 0.0000000000
63609  0.000  0.000  0.000 0.0000000000
63618  0.000  0.000  0.000 0.0000000000
63619  0.000  0.000  0.000 0.0000000000
63620  0.000  0.000  0.000 0.0000000000
63625  0.000  0.000  0.000 0.0000000000
63626  0.000  0.000  0.000 0.0000000000
63634  0.000  0.000  0.000 0.0000000000
63635  0.000  0.000  0.000 0.0000000000
64253  0.000  0.000  0.000 0.0000000000
64256  0.000  0.000  0.000 0.0000000000
64257  0.000  0.000  0.000 0.0000000000
64260  0.000  0.000  0.000 0.0000000000
64264  0.000  0.000  0.000 0.0000000000
64265  0.000  0.000  0.000 0.0000000000
64274  0.000  0.000  0.000 0.0000000000
64275  0.000  0.000  0.000 0.0000000000
64276  0.000  0.000  0.000 0.0000000000
64280  0.000  0.000  0.000 0.0000000000
64281  0.000  0.000  0.000 0.0000000000
64289  0.000  0.000  0.000 0.0000000000
64290  0.000  0.000  0.000 0.0000000000
64899  0.000  0.000  0.000 0.0000000000
64900  0.000  0.000  0.000 0.0000000000
64903  0.000  0.000  0.000 0.0000000000
64904  0.000  0.000  0.000 0.0000000000
64907  0.000  0.000  0.000 0.0000000000
64911  0.000  0.000  0.000 0.0000000000
64912  0.000  0.000  0.000 0.0000000000
64920  0.000  0.000  0.000 0.0000000000
64921  0.000  0.000  0.000 0.0000000000
64922  0.000  0.000  0.000 0.0000000000
64926  0.000  0.000  0.000 0.0000000000
64927  0.000  0.000  0.000 0.0000000000
64935  0.000  0.000  0.000 0.0000000000
64936  0.000  0.000  0.000 0.0000000000
65587  0.000  0.000  0.000 0.0000000000
65588  0.000  0.000  0.000 0.0000000000
65590  0.000  0.000  0.000 0.0000000000
65591  0.000  0.000  0.000 0.0000000000
65594  0.000  0.000  0.000 0.0000000000
65597  0.000  0.000  0.000 0.0000000000
65598  0.000  0.000  0.000 0.0000000000
65606  0.000  0.000  0.000 0.0000000000
65607  0.000  0.000  0.000 0.0000000000
65608  0.000  0.000  0.000 0.0000000000
65612  0.000  0.000  0.000 0.0000000000
65613  0.000  0.000  0.000 0.0000000000
65621  0.000  0.000  0.000 0.0000000000
65622  0.000  0.000  0.000 0.0000000000
66266  0.000  0.000  0.000 0.0000000000
66267  0.000  0.000  0.000 0.0000000000
66270  0.000  0.000  0.000 0.0000000000
66271  0.000  0.000  0.000 0.0000000000
66274  0.000  0.000  0.000 0.0000000000
66278  0.000  0.000  0.000 0.0000000000
66279  0.000  0.000  0.000 0.0000000000
66287  0.000  0.000  0.000 0.0000000000
66288  0.000  0.000  0.000 0.0000000000
66289  0.000  0.000  0.000 0.0000000000
66293  0.000  0.000  0.000 0.0000000000
66294  0.000  0.000  0.000 0.0000000000
66301  0.000  0.000  0.000 0.0000000000
66302  0.000  0.000  0.000 0.0000000000
66933  0.000  0.000  0.000 0.0000000000
66934  0.000  0.000  0.000 0.0000000000
66936  0.000  0.000  0.000 0.0000000000
66937  0.000  0.000  0.000 0.0000000000
66940  0.000  0.000  0.000 0.0000000000
66944  0.000  0.000  0.000 0.0000000000
66945  0.000  0.000  0.000 0.0000000000
66952  0.000  0.000  0.000 0.0000000000
66953  0.000  0.000  0.000 0.0000000000
66954  0.000  0.000  0.000 0.0000000000
66958  0.000  0.000  0.000 0.0000000000
66959  0.000  0.000  0.000 0.0000000000
66965  0.000  0.000  0.000 0.0000000000
66966  0.000  0.000  0.000 0.0000000000
67629  0.000  0.000  0.000 0.0000000000
67630  0.000  0.000  0.000 0.0000000000
67633  0.000  0.000  0.000 0.0000000000
67634  0.000  0.000  0.000 0.0000000000
67638  0.000  0.000  0.000 0.0000000000
67645  0.000  0.000  0.000 0.0000000000
67646  0.000  0.000  0.000 0.0000000000
67654  0.000  0.000  0.000 0.0000000000
67655  0.000  0.000  0.000 0.0000000000
67656  0.000  0.000  0.000 0.0000000000
67660  0.000  0.000  0.000 0.0000000000
67661  0.000  0.000  0.000 0.0000000000
67662  0.000  0.000  0.000 0.0000000000
67668  0.000  0.000  0.000 0.0000000000
67669  0.000  0.000  0.000 0.0000000000
68281  0.000  0.000  0.000 0.0000000000
68282  0.000  0.000  0.000 0.0000000000
68286  0.000  0.000  0.000 0.0000000000
68287  0.000  0.000  0.000 0.0000000000
68293  0.000  0.000  0.000 0.0000000000
68294  0.000  0.000  0.000 0.0000000000
68301  0.000  0.000  0.000 0.0000000000
68302  0.000  0.000  0.000 0.0000000000
68306  0.000  0.000  0.000 0.0000000000
68307  0.000  0.000  0.000 0.0000000000
68310  0.000  0.000  0.000 0.0000000000
68311  0.000  0.000  0.000 0.0000000000
68318  0.000  0.000  0.000 0.0000000000
68952  0.000  0.000  0.000 0.0000000000
68953  0.000  0.000  0.000 0.0000000000
68957  0.000  0.000  0.000 0.0000000000
68962  0.000  0.000  0.000 0.0000000000
68963  0.000  0.000  0.000 0.0000000000
68967  0.000  0.000  0.000 0.0000000000
68968  0.000  0.000  0.000 0.0000000000
68971  0.000  0.000  0.000 0.0000000000
68972  0.000  0.000  0.000 0.0000000000
68975  0.000  0.000  0.000 0.0000000000
68976  0.000  0.000  0.000 0.0000000000
68983  0.000  0.000  0.000 0.0000000000
68984  0.000  0.000  0.000 0.0000000000
69582  0.000  0.000  0.000 0.0000000000
69583  0.000  0.000  0.000 0.0000000000
69586  0.000  0.000  0.000 0.0000000000
69590  0.000  0.000  0.000 0.0000000000
69593  0.000  0.000  0.000 0.0000000000
69596  0.000  0.000  0.000 0.0000000000
69597  0.000  0.000  0.000 0.0000000000
69598  0.000  0.000  0.000 0.0000000000
69601  0.000  0.000  0.000 0.0000000000
69602  0.000  0.000  0.000 0.0000000000
69603  0.000  0.000  0.000 0.0000000000
69610  0.000  0.000  0.000 0.0000000000
69611  0.000  0.000  0.000 0.0000000000
70212  0.000  0.000  0.000 0.0000000000
70213  0.000  0.000  0.000 0.0000000000
70216  0.000  0.000  0.000 0.0000000000
70219  0.000  0.000  0.000 0.0000000000
70222  0.000  0.000  0.000 0.0000000000
70225  0.000  0.000  0.000 0.0000000000
70226  0.000  0.000  0.000 0.0000000000
70227  0.000  0.000  0.000 0.0000000000
70230  0.000  0.000  0.000 0.0000000000
70231  0.000  0.000  0.000 0.0000000000
70236  0.000  0.000  0.000 0.0000000000
70791  0.000  0.000  0.000 0.0000000000
70792  0.000  0.000  0.000 0.0000000000
70795  0.000  0.000  0.000 0.0000000000
70796  0.000  0.000  0.000 0.0000000000
70799  0.000  0.000  0.000 0.0000000000
70800  0.000  0.000  0.000 0.0000000000
70803  0.000  0.000  0.000 0.0000000000
70804  0.000  0.000  0.000 0.0000000000
70807  0.000  0.000  0.000 0.0000000000
70808  0.000  0.000  0.000 0.0000000000
70809  0.000  0.000  0.000 0.0000000000
70812  0.000  0.000  0.000 0.0000000000
70813  0.000  0.000  0.000 0.0000000000
70819  0.000  0.000  0.000 0.0000000000
71415  0.000  0.000  0.000 0.0000000000
71418  0.000  0.000  0.000 0.0000000000
71419  0.000  0.000  0.000 0.0000000000
71422  0.000  0.000  0.000 0.0000000000
71423  0.000  0.000  0.000 0.0000000000
71426  0.000  0.000  0.000 0.0000000000
71427  0.000  0.000  0.000 0.0000000000
71430  0.000  0.000  0.000 0.0000000000
71431  0.000  0.000  0.000 0.0000000000
71432  0.000  0.000  0.000 0.0000000000
71433  0.000  0.000  0.000 0.0000000000
71437  0.000  0.000  0.000 0.0000000000
71438  0.000  0.000  0.000 0.0000000000
71444  0.000  0.000  0.000 0.0000000000
72039  0.000  0.000  0.000 0.0000000000
72042  0.000  0.000  0.000 0.0000000000
72043  0.000  0.000  0.000 0.0000000000
72046  0.000  0.000  0.000 0.0000000000
72047  0.000  0.000  0.000 0.0000000000
72050  0.000  0.000  0.000 0.0000000000
72053  0.000  0.000  0.000 0.0000000000
72054  0.000  0.000  0.000 0.0000000000
72055  0.000  0.000  0.000 0.0000000000
72059  0.000  0.000  0.000 0.0000000000
72621  0.000  0.000  0.000 0.0000000000
72624  0.000  0.000  0.000 0.0000000000
72628  0.000  0.000  0.000 0.0000000000
72631  0.000  0.000  0.000 0.0000000000
72632  0.000  0.000  0.000 0.0000000000
72635  0.000  0.000  0.000 0.0000000000
72636  0.000  0.000  0.000 0.0000000000
72637  0.000  0.000  0.000 0.0000000000
72642  0.000  0.000  0.000 0.0000000000
73187  0.000  0.000  0.000 0.0000000000
73190  0.000  0.000  0.000 0.0000000000
73194  0.000  0.000  0.000 0.0000000000
73198  0.000  0.000  0.000 0.0000000000
73199  0.000  0.000  0.000 0.0000000000
73203  0.000  0.000  0.000 0.0000000000
73204  0.000  0.000  0.000 0.0000000000
73736  0.000  0.000  0.000 0.0000000000
73739  0.000  0.000  0.000 0.0000000000
73742  0.000  0.000  0.000 0.0000000000
73746  0.000  0.000  0.000 0.0000000000
73747  0.000  0.000  0.000 0.0000000000
73751  0.000  0.000  0.000 0.0000000000
73752  0.000  0.000  0.000 0.0000000000
73758  0.000  0.000  0.000 0.0000000000
74252  0.000  0.000  0.000 0.0000000000
74255  0.000  0.000  0.000 0.0000000000
74258  0.000  0.000  0.000 0.0000000000
74261  0.000  0.000  0.000 0.0000000000
74262  0.000  0.000  0.000 0.0000000000
74265  0.000  0.000  0.000 0.0000000000
74266  0.000  0.000  0.000 0.0000000000
74272  0.000  0.000  0.000 0.0000000000
74868  0.000  0.000  0.000 0.0000000000
74871  0.000  0.000  0.000 0.0000000000
74874  0.000  0.000  0.000 0.0000000000
74875  0.000  0.000  0.000 0.0000000000
74878  0.000  0.000  0.000 0.0000000000
74879  0.000  0.000  0.000 0.0000000000
74883  0.000  0.000  0.000 0.0000000000
74884  0.000  0.000  0.000 0.0000000000
75441  0.000  0.000  0.000 0.0000000000
75444  0.000  0.000  0.000 0.0000000000
75447  0.000  0.000  0.000 0.0000000000
75448  0.000  0.000  0.000 0.0000000000
75451  0.000  0.000  0.000 0.0000000000
75452  0.000  0.000  0.000 0.0000000000
75456  0.000  0.000  0.000 0.0000000000
75457  0.000  0.000  0.000 0.0000000000
76011  0.000  0.000  0.000 0.0000000000
76012  0.000  0.000  0.000 0.0000000000
76015  0.000  0.000  0.000 0.0000000000
76016  0.000  0.000  0.000 0.0000000000
76019  0.000  0.000  0.000 0.0000000000
76020  0.000  0.000  0.000 0.0000000000
76023  0.000  0.000  0.000 0.0000000000
76024  0.000  0.000  0.000 0.0000000000
76027  0.000  0.000  0.000 0.0000000000
76028  0.000  0.000  0.000 0.0000000000
76029  0.000  0.000  0.000 0.0000000000
76030  0.000  0.000  0.000 0.0000000000
76034  0.000  0.000  0.000 0.0000000000
76035  0.000  0.000  0.000 0.0000000000
76589  0.000  0.000  0.000 0.0000000000
76591  0.000  0.000  0.000 0.0000000000
76594  0.000  0.000  0.000 0.0000000000
76597  0.000  0.000  0.000 0.0000000000
76600  0.000  0.000  0.000 0.0000000000
76601  0.000  0.000  0.000 0.0000000000
76602  0.000  0.000  0.000 0.0000000000
76603  0.000  0.000  0.000 0.0000000000
76607  0.000  0.000  0.000 0.0000000000
76608  0.000  0.000  0.000 0.0000000000
76609  0.000  0.000  0.000 0.0000000000
77141  0.000  0.000  0.000 0.0000000000
77144  0.000  0.000  0.000 0.0000000000
77147  0.000  0.000  0.000 0.0000000000
77150  0.000  0.000  0.000 0.0000000000
77151  0.000  0.000  0.000 0.0000000000
77155  0.000  0.000  0.000 0.0000000000
77156  0.000  0.000  0.000 0.0000000000
77157  0.000  0.000  0.000 0.0000000000
77167  0.000  0.000  0.000 0.0000000000
77696  0.000  0.000  0.000 0.0000000000
77698  0.000  0.000  0.000 0.0000000000
77700  0.000  0.000  0.000 0.0000000000
77703  0.000  0.000  0.000 0.0000000000
77704  0.000  0.000  0.000 0.0000000000
77709  0.000  0.000  0.000 0.0000000000
77710  0.000  0.000  0.000 0.0000000000
77711  0.000  0.000  0.000 0.0000000000
77719  0.000  0.000  0.000 0.0000000000
78251  0.000  0.000  0.000 0.0000000000
78254  0.000  0.000  0.000 0.0000000000
78257  0.000  0.000  0.000 0.0000000000
78262  0.000  0.000  0.000 0.0000000000
78267  0.000  0.000  0.000 0.0000000000
78268  0.000  0.000  0.000 0.0000000000
78269  0.000  0.000  0.000 0.0000000000
78274  0.000  0.000  0.000 0.0000000000
78275  0.000  0.000  0.000 0.0000000000
78773  0.000  0.000  0.000 0.0000000000
78777  0.000  0.000  0.000 0.0000000000
78782  0.000  0.000  0.000 0.0000000000
78785  0.000  0.000  0.000 0.0000000000
78786  0.000  0.000  0.000 0.0000000000
78789  0.000  0.000  0.000 0.0000000000
78790  0.000  0.000  0.000 0.0000000000
78802  0.000  0.000  0.000 0.0000000000
79334  0.000  0.000  0.000 0.0000000000
79337  0.000  0.000  0.000 0.0000000000
79340  0.000  0.000  0.000 0.0000000000
79342  0.000  0.000  0.000 0.0000000000
79343  0.000  0.000  0.000 0.0000000000
79346  0.000  0.000  0.000 0.0000000000
79347  0.000  0.000  0.000 0.0000000000
79348  0.000  0.000  0.000 0.0000000000
79361  0.000  0.000  0.000 0.0000000000
79362  0.000  0.000  0.000 0.0000000000
79845  0.000  0.000  0.000 0.0000000000
79848  0.000  0.000  0.000 0.0000000000
79850  0.000  0.000  0.000 0.0000000000
79855  0.000  0.000  0.000 0.0000000000
79856  0.000  0.000  0.000 0.0000000000
79870  0.000  0.000  0.000 0.0000000000
79871  0.000  0.000  0.000 0.0000000000
79884  0.000  0.000  0.000 0.0000000000
79885  0.000  0.000  0.000 0.0000000000
80371  0.000  0.000  0.000 0.0000000000
80373  0.000  0.000  0.000 0.0000000000
80376  0.000  0.000  0.000 0.0000000000
80386  0.000  0.000  0.000 0.0000000000
80387  0.000  0.000  0.000 0.0000000000
80403  0.000  0.000  0.000 0.0000000000
80404  0.000  0.000  0.000 0.0000000000
80414  0.000  0.000  0.000 0.0000000000
80415  0.000  0.000  0.000 0.0000000000
80430  0.000  0.000  0.000 0.0000000000
80877  0.000  0.000  0.000 0.0000000000
80880  0.000  0.000  0.000 0.0000000000
80892  0.000  0.000  0.000 0.0000000000
80905  0.000  0.000  0.000 0.0000000000
80906  0.000  0.000  0.000 0.0000000000
80917  0.000  0.000  0.000 0.0000000000
80918  0.000  0.000  0.000 0.0000000000
80929  0.000  0.000  0.000 0.0000000000
80940  0.000  0.000  0.000 0.0000000000
81376  0.000  0.000  0.000 0.0000000000
81378  0.000  0.000  0.000 0.0000000000
81392  0.000  0.000  0.000 0.0000000000
81405  0.000  0.000  0.000 0.0000000000
81417  0.000  0.000  0.000 0.0000000000
81418  0.000  0.000  0.000 0.0000000000
81427  0.000  0.000  0.000 0.0000000000
81428  0.000  0.000  0.000 0.0000000000
81437  0.000  0.000  0.000 0.0000000000
81438  0.000  0.000  0.000 0.0000000000
81859  0.000  0.000  0.000 0.0000000000
81880  0.000  0.000  0.000 0.0000000000
81898  0.000  0.000  0.000 0.0000000000
81911  0.000  0.000  0.000 0.0000000000
81921  0.000  0.000  0.000 0.0000000000
81922  0.000  0.000  0.000 0.0000000000
81930  0.000  0.000  0.000 0.0000000000
81931  0.000  0.000  0.000 0.0000000000
81932  0.000  0.000  0.000 0.0000000000
81941  0.000  0.000  0.000 0.0000000000
81942  0.000  0.000  0.000 0.0000000000
81950  0.000  0.000  0.000 0.0000000000
81951  0.000  0.000  0.000 0.0000000000
81957  0.000  0.000  0.000 0.0000000000
82413  0.000  0.000  0.000 0.0000000000
82440  0.000  0.000  0.000 0.0000000000
82456  0.000  0.000  0.000 0.0000000000
82463  0.000  0.000  0.000 0.0000000000
82472  0.000  0.000  0.000 0.0000000000
82480  0.000  0.000  0.000 0.0000000000
82481  0.000  0.000  0.000 0.0000000000
82489  0.000  0.000  0.000 0.0000000000
82490  0.000  0.000  0.000 0.0000000000
82494  0.000  0.000  0.000 0.0000000000
82495  0.000  0.000  0.000 0.0000000000
82498  0.000  0.000  0.000 0.0000000000
82499  0.000  0.000  0.000 0.0000000000
83031  0.000  0.000  0.000 0.0000000000
83040  0.000  0.000  0.000 0.0000000000
83047  0.000  0.000  0.000 0.0000000000
83055  0.000  0.000  0.000 0.0000000000
83062  0.000  0.000  0.000 0.0000000000
83063  0.000  0.000  0.000 0.0000000000
83069  0.000  0.000  0.000 0.0000000000
83070  0.000  0.000  0.000 0.0000000000
83071  0.000  0.000  0.000 0.0000000000
83075  0.000  0.000  0.000 0.0000000000
83076  0.000  0.000  0.000 0.0000000000
83077  0.000  0.000  0.000 0.0000000000
83080  0.000  0.000  0.000 0.0000000000
83081  0.000  0.000  0.000 0.0000000000
83082  0.000  0.000  0.000 0.0000000000
83085  0.000  0.000  0.000 0.0000000000
83086  0.000  0.000  0.000 0.0000000000
83090  0.000  0.000  0.000 0.0000000000
83091  0.000  0.000  0.000 0.0000000000
83095  0.000  0.000  0.000 0.0000000000
83096  0.000  0.000  0.000 0.0000000000
83099  0.000  0.000  0.000 0.0000000000
83100  0.000  0.000  0.000 0.0000000000
83104  0.000  0.000  0.000 0.0000000000
83105  0.000  0.000  0.000 0.0000000000
83110  0.000  0.000  0.000 0.0000000000
83675  0.000  0.000  0.000 0.0000000000
83685  0.000  0.000  0.000 0.0000000000
83693  0.000  0.000  0.000 0.0000000000
83701  0.000  0.000  0.000 0.0000000000
83708  0.000  0.000  0.000 0.0000000000
83714  0.000  0.000  0.000 0.0000000000
83717  0.000  0.000  0.000 0.0000000000
83721  0.000  0.000  0.000 0.0000000000
83722  0.000  0.000  0.000 0.0000000000
83725  0.000  0.000  0.000 0.0000000000
83726  0.000  0.000  0.000 0.0000000000
83729  0.000  0.000  0.000 0.0000000000
83730  0.000  0.000  0.000 0.0000000000
83734  0.000  0.000  0.000 0.0000000000
83735  0.000  0.000  0.000 0.0000000000
83739  0.000  0.000  0.000 0.0000000000
83740  0.000  0.000  0.000 0.0000000000
83744  0.000  0.000  0.000 0.0000000000
83745  0.000  0.000  0.000 0.0000000000
83749  0.000  0.000  0.000 0.0000000000
83750  0.000  0.000  0.000 0.0000000000
83754  0.000  0.000  0.000 0.0000000000
84349  0.000  0.000  0.000 0.0000000000
84359  0.000  0.000  0.000 0.0000000000
84367  0.000  0.000  0.000 0.0000000000
84371  0.000  0.000  0.000 0.0000000000
84375  0.000  0.000  0.000 0.0000000000
84379  0.000  0.000  0.000 0.0000000000
84384  0.000  0.000  0.000 0.0000000000
84388  0.000  0.000  0.000 0.0000000000
84392  0.000  0.000  0.000 0.0000000000
