#!ascii label  , from subject Woofsurfer vox2ras=TkReg coords=white
2370
7239  0.000  0.000  0.000 0.0000000000
7807  0.000  0.000  0.000 0.0000000000
7808  0.000  0.000  0.000 0.0000000000
7813  0.000  0.000  0.000 0.0000000000
7814  0.000  0.000  0.000 0.0000000000
7818  0.000  0.000  0.000 0.0000000000
7819  0.000  0.000  0.000 0.0000000000
7823  0.000  0.000  0.000 0.0000000000
7824  0.000  0.000  0.000 0.0000000000
8374  0.000  0.000  0.000 0.0000000000
8380  0.000  0.000  0.000 0.0000000000
8381  0.000  0.000  0.000 0.0000000000
8386  0.000  0.000  0.000 0.0000000000
8387  0.000  0.000  0.000 0.0000000000
8391  0.000  0.000  0.000 0.0000000000
8392  0.000  0.000  0.000 0.0000000000
8393  0.000  0.000  0.000 0.0000000000
8397  0.000  0.000  0.000 0.0000000000
8398  0.000  0.000  0.000 0.0000000000
8953  0.000  0.000  0.000 0.0000000000
8954  0.000  0.000  0.000 0.0000000000
8958  0.000  0.000  0.000 0.0000000000
8959  0.000  0.000  0.000 0.0000000000
8960  0.000  0.000  0.000 0.0000000000
8964  0.000  0.000  0.000 0.0000000000
8965  0.000  0.000  0.000 0.0000000000
8969  0.000  0.000  0.000 0.0000000000
8970  0.000  0.000  0.000 0.0000000000
8971  0.000  0.000  0.000 0.0000000000
8975  0.000  0.000  0.000 0.0000000000
8976  0.000  0.000  0.000 0.0000000000
8977  0.000  0.000  0.000 0.0000000000
8978  0.000  0.000  0.000 0.0000000000
8983  0.000  0.000  0.000 0.0000000000
9525  0.000  0.000  0.000 0.0000000000
9526  0.000  0.000  0.000 0.0000000000
9530  0.000  0.000  0.000 0.0000000000
9531  0.000  0.000  0.000 0.0000000000
9532  0.000  0.000  0.000 0.0000000000
9536  0.000  0.000  0.000 0.0000000000
9537  0.000  0.000  0.000 0.0000000000
9538  0.000  0.000  0.000 0.0000000000
9542  0.000  0.000  0.000 0.0000000000
9543  0.000  0.000  0.000 0.0000000000
9544  0.000  0.000  0.000 0.0000000000
9547  0.000  0.000  0.000 0.0000000000
9548  0.000  0.000  0.000 0.0000000000
9549  0.000  0.000  0.000 0.0000000000
9550  0.000  0.000  0.000 0.0000000000
9551  0.000  0.000  0.000 0.0000000000
9554  0.000  0.000  0.000 0.0000000000
9555  0.000  0.000  0.000 0.0000000000
9556  0.000  0.000  0.000 0.0000000000
10118  0.000  0.000  0.000 0.0000000000
10119  0.000  0.000  0.000 0.0000000000
10120  0.000  0.000  0.000 0.0000000000
10124  0.000  0.000  0.000 0.0000000000
10125  0.000  0.000  0.000 0.0000000000
10126  0.000  0.000  0.000 0.0000000000
10127  0.000  0.000  0.000 0.0000000000
10131  0.000  0.000  0.000 0.0000000000
10132  0.000  0.000  0.000 0.0000000000
10133  0.000  0.000  0.000 0.0000000000
10134  0.000  0.000  0.000 0.0000000000
10135  0.000  0.000  0.000 0.0000000000
10139  0.000  0.000  0.000 0.0000000000
10140  0.000  0.000  0.000 0.0000000000
10141  0.000  0.000  0.000 0.0000000000
10142  0.000  0.000  0.000 0.0000000000
10146  0.000  0.000  0.000 0.0000000000
10147  0.000  0.000  0.000 0.0000000000
10148  0.000  0.000  0.000 0.0000000000
10149  0.000  0.000  0.000 0.0000000000
10150  0.000  0.000  0.000 0.0000000000
10153  0.000  0.000  0.000 0.0000000000
10154  0.000  0.000  0.000 0.0000000000
10155  0.000  0.000  0.000 0.0000000000
10156  0.000  0.000  0.000 0.0000000000
10157  0.000  0.000  0.000 0.0000000000
10158  0.000  0.000  0.000 0.0000000000
10162  0.000  0.000  0.000 0.0000000000
10163  0.000  0.000  0.000 0.0000000000
10667  0.000  0.000  0.000 0.0000000000
10668  0.000  0.000  0.000 0.0000000000
10672  0.000  0.000  0.000 0.0000000000
10673  0.000  0.000  0.000 0.0000000000
10674  0.000  0.000  0.000 0.0000000000
10675  0.000  0.000  0.000 0.0000000000
10676  0.000  0.000  0.000 0.0000000000
10677  0.000  0.000  0.000 0.0000000000
10678  0.000  0.000  0.000 0.0000000000
10679  0.000  0.000  0.000 0.0000000000
10682  0.000  0.000  0.000 0.0000000000
10683  0.000  0.000  0.000 0.0000000000
10684  0.000  0.000  0.000 0.0000000000
10685  0.000  0.000  0.000 0.0000000000
10686  0.000  0.000  0.000 0.0000000000
10687  0.000  0.000  0.000 0.0000000000
10691  0.000  0.000  0.000 0.0000000000
10692  0.000  0.000  0.000 0.0000000000
10693  0.000  0.000  0.000 0.0000000000
10694  0.000  0.000  0.000 0.0000000000
10698  0.000  0.000  0.000 0.0000000000
10699  0.000  0.000  0.000 0.0000000000
10700  0.000  0.000  0.000 0.0000000000
10701  0.000  0.000  0.000 0.0000000000
10705  0.000  0.000  0.000 0.0000000000
10706  0.000  0.000  0.000 0.0000000000
10707  0.000  0.000  0.000 0.0000000000
10708  0.000  0.000  0.000 0.0000000000
10709  0.000  0.000  0.000 0.0000000000
10710  0.000  0.000  0.000 0.0000000000
10711  0.000  0.000  0.000 0.0000000000
10715  0.000  0.000  0.000 0.0000000000
10716  0.000  0.000  0.000 0.0000000000
10717  0.000  0.000  0.000 0.0000000000
10718  0.000  0.000  0.000 0.0000000000
11234  0.000  0.000  0.000 0.0000000000
11235  0.000  0.000  0.000 0.0000000000
11236  0.000  0.000  0.000 0.0000000000
11237  0.000  0.000  0.000 0.0000000000
11238  0.000  0.000  0.000 0.0000000000
11244  0.000  0.000  0.000 0.0000000000
11245  0.000  0.000  0.000 0.0000000000
11246  0.000  0.000  0.000 0.0000000000
11247  0.000  0.000  0.000 0.0000000000
11248  0.000  0.000  0.000 0.0000000000
11249  0.000  0.000  0.000 0.0000000000
11250  0.000  0.000  0.000 0.0000000000
11251  0.000  0.000  0.000 0.0000000000
11252  0.000  0.000  0.000 0.0000000000
11255  0.000  0.000  0.000 0.0000000000
11256  0.000  0.000  0.000 0.0000000000
11257  0.000  0.000  0.000 0.0000000000
11260  0.000  0.000  0.000 0.0000000000
11261  0.000  0.000  0.000 0.0000000000
11262  0.000  0.000  0.000 0.0000000000
11265  0.000  0.000  0.000 0.0000000000
11266  0.000  0.000  0.000 0.0000000000
11267  0.000  0.000  0.000 0.0000000000
11270  0.000  0.000  0.000 0.0000000000
11271  0.000  0.000  0.000 0.0000000000
11272  0.000  0.000  0.000 0.0000000000
11273  0.000  0.000  0.000 0.0000000000
11274  0.000  0.000  0.000 0.0000000000
11277  0.000  0.000  0.000 0.0000000000
11278  0.000  0.000  0.000 0.0000000000
11279  0.000  0.000  0.000 0.0000000000
11280  0.000  0.000  0.000 0.0000000000
11281  0.000  0.000  0.000 0.0000000000
11818  0.000  0.000  0.000 0.0000000000
11819  0.000  0.000  0.000 0.0000000000
11820  0.000  0.000  0.000 0.0000000000
11825  0.000  0.000  0.000 0.0000000000
11826  0.000  0.000  0.000 0.0000000000
11827  0.000  0.000  0.000 0.0000000000
11828  0.000  0.000  0.000 0.0000000000
11829  0.000  0.000  0.000 0.0000000000
11830  0.000  0.000  0.000 0.0000000000
11831  0.000  0.000  0.000 0.0000000000
11832  0.000  0.000  0.000 0.0000000000
11837  0.000  0.000  0.000 0.0000000000
11838  0.000  0.000  0.000 0.0000000000
11839  0.000  0.000  0.000 0.0000000000
11840  0.000  0.000  0.000 0.0000000000
11841  0.000  0.000  0.000 0.0000000000
11842  0.000  0.000  0.000 0.0000000000
11843  0.000  0.000  0.000 0.0000000000
11844  0.000  0.000  0.000 0.0000000000
11845  0.000  0.000  0.000 0.0000000000
11848  0.000  0.000  0.000 0.0000000000
11849  0.000  0.000  0.000 0.0000000000
11850  0.000  0.000  0.000 0.0000000000
11853  0.000  0.000  0.000 0.0000000000
11854  0.000  0.000  0.000 0.0000000000
11855  0.000  0.000  0.000 0.0000000000
11858  0.000  0.000  0.000 0.0000000000
11859  0.000  0.000  0.000 0.0000000000
11860  0.000  0.000  0.000 0.0000000000
11863  0.000  0.000  0.000 0.0000000000
11864  0.000  0.000  0.000 0.0000000000
11865  0.000  0.000  0.000 0.0000000000
11866  0.000  0.000  0.000 0.0000000000
11869  0.000  0.000  0.000 0.0000000000
11870  0.000  0.000  0.000 0.0000000000
11871  0.000  0.000  0.000 0.0000000000
11872  0.000  0.000  0.000 0.0000000000
11873  0.000  0.000  0.000 0.0000000000
11874  0.000  0.000  0.000 0.0000000000
11875  0.000  0.000  0.000 0.0000000000
11878  0.000  0.000  0.000 0.0000000000
11879  0.000  0.000  0.000 0.0000000000
12392  0.000  0.000  0.000 0.0000000000
12393  0.000  0.000  0.000 0.0000000000
12394  0.000  0.000  0.000 0.0000000000
12395  0.000  0.000  0.000 0.0000000000
12396  0.000  0.000  0.000 0.0000000000
12397  0.000  0.000  0.000 0.0000000000
12398  0.000  0.000  0.000 0.0000000000
12399  0.000  0.000  0.000 0.0000000000
12403  0.000  0.000  0.000 0.0000000000
12404  0.000  0.000  0.000 0.0000000000
12405  0.000  0.000  0.000 0.0000000000
12406  0.000  0.000  0.000 0.0000000000
12407  0.000  0.000  0.000 0.0000000000
12408  0.000  0.000  0.000 0.0000000000
12409  0.000  0.000  0.000 0.0000000000
12410  0.000  0.000  0.000 0.0000000000
12411  0.000  0.000  0.000 0.0000000000
12412  0.000  0.000  0.000 0.0000000000
12418  0.000  0.000  0.000 0.0000000000
12419  0.000  0.000  0.000 0.0000000000
12420  0.000  0.000  0.000 0.0000000000
12421  0.000  0.000  0.000 0.0000000000
12422  0.000  0.000  0.000 0.0000000000
12423  0.000  0.000  0.000 0.0000000000
12424  0.000  0.000  0.000 0.0000000000
12425  0.000  0.000  0.000 0.0000000000
12426  0.000  0.000  0.000 0.0000000000
12427  0.000  0.000  0.000 0.0000000000
12428  0.000  0.000  0.000 0.0000000000
12429  0.000  0.000  0.000 0.0000000000
12430  0.000  0.000  0.000 0.0000000000
12431  0.000  0.000  0.000 0.0000000000
12432  0.000  0.000  0.000 0.0000000000
12438  0.000  0.000  0.000 0.0000000000
12439  0.000  0.000  0.000 0.0000000000
12440  0.000  0.000  0.000 0.0000000000
12441  0.000  0.000  0.000 0.0000000000
12442  0.000  0.000  0.000 0.0000000000
12443  0.000  0.000  0.000 0.0000000000
12444  0.000  0.000  0.000 0.0000000000
12445  0.000  0.000  0.000 0.0000000000
12446  0.000  0.000  0.000 0.0000000000
12447  0.000  0.000  0.000 0.0000000000
12448  0.000  0.000  0.000 0.0000000000
12449  0.000  0.000  0.000 0.0000000000
12453  0.000  0.000  0.000 0.0000000000
12454  0.000  0.000  0.000 0.0000000000
12455  0.000  0.000  0.000 0.0000000000
12456  0.000  0.000  0.000 0.0000000000
12457  0.000  0.000  0.000 0.0000000000
12458  0.000  0.000  0.000 0.0000000000
12459  0.000  0.000  0.000 0.0000000000
12463  0.000  0.000  0.000 0.0000000000
12464  0.000  0.000  0.000 0.0000000000
12465  0.000  0.000  0.000 0.0000000000
12466  0.000  0.000  0.000 0.0000000000
12467  0.000  0.000  0.000 0.0000000000
12468  0.000  0.000  0.000 0.0000000000
12469  0.000  0.000  0.000 0.0000000000
12473  0.000  0.000  0.000 0.0000000000
12474  0.000  0.000  0.000 0.0000000000
12475  0.000  0.000  0.000 0.0000000000
12476  0.000  0.000  0.000 0.0000000000
12477  0.000  0.000  0.000 0.0000000000
12480  0.000  0.000  0.000 0.0000000000
12481  0.000  0.000  0.000 0.0000000000
12482  0.000  0.000  0.000 0.0000000000
12485  0.000  0.000  0.000 0.0000000000
12486  0.000  0.000  0.000 0.0000000000
12487  0.000  0.000  0.000 0.0000000000
12488  0.000  0.000  0.000 0.0000000000
12489  0.000  0.000  0.000 0.0000000000
12490  0.000  0.000  0.000 0.0000000000
12493  0.000  0.000  0.000 0.0000000000
12494  0.000  0.000  0.000 0.0000000000
12495  0.000  0.000  0.000 0.0000000000
12496  0.000  0.000  0.000 0.0000000000
13012  0.000  0.000  0.000 0.0000000000
13013  0.000  0.000  0.000 0.0000000000
13014  0.000  0.000  0.000 0.0000000000
13017  0.000  0.000  0.000 0.0000000000
13018  0.000  0.000  0.000 0.0000000000
13019  0.000  0.000  0.000 0.0000000000
13020  0.000  0.000  0.000 0.0000000000
13021  0.000  0.000  0.000 0.0000000000
13022  0.000  0.000  0.000 0.0000000000
13026  0.000  0.000  0.000 0.0000000000
13027  0.000  0.000  0.000 0.0000000000
13028  0.000  0.000  0.000 0.0000000000
13029  0.000  0.000  0.000 0.0000000000
13030  0.000  0.000  0.000 0.0000000000
13031  0.000  0.000  0.000 0.0000000000
13032  0.000  0.000  0.000 0.0000000000
13033  0.000  0.000  0.000 0.0000000000
13037  0.000  0.000  0.000 0.0000000000
13038  0.000  0.000  0.000 0.0000000000
13039  0.000  0.000  0.000 0.0000000000
13040  0.000  0.000  0.000 0.0000000000
13046  0.000  0.000  0.000 0.0000000000
13047  0.000  0.000  0.000 0.0000000000
13048  0.000  0.000  0.000 0.0000000000
13049  0.000  0.000  0.000 0.0000000000
13050  0.000  0.000  0.000 0.0000000000
13051  0.000  0.000  0.000 0.0000000000
13052  0.000  0.000  0.000 0.0000000000
13053  0.000  0.000  0.000 0.0000000000
13054  0.000  0.000  0.000 0.0000000000
13055  0.000  0.000  0.000 0.0000000000
13061  0.000  0.000  0.000 0.0000000000
13062  0.000  0.000  0.000 0.0000000000
13063  0.000  0.000  0.000 0.0000000000
13064  0.000  0.000  0.000 0.0000000000
13065  0.000  0.000  0.000 0.0000000000
13066  0.000  0.000  0.000 0.0000000000
13067  0.000  0.000  0.000 0.0000000000
13068  0.000  0.000  0.000 0.0000000000
13071  0.000  0.000  0.000 0.0000000000
13072  0.000  0.000  0.000 0.0000000000
13073  0.000  0.000  0.000 0.0000000000
13074  0.000  0.000  0.000 0.0000000000
13075  0.000  0.000  0.000 0.0000000000
13076  0.000  0.000  0.000 0.0000000000
13077  0.000  0.000  0.000 0.0000000000
13080  0.000  0.000  0.000 0.0000000000
13081  0.000  0.000  0.000 0.0000000000
13082  0.000  0.000  0.000 0.0000000000
13083  0.000  0.000  0.000 0.0000000000
13084  0.000  0.000  0.000 0.0000000000
13085  0.000  0.000  0.000 0.0000000000
13086  0.000  0.000  0.000 0.0000000000
13087  0.000  0.000  0.000 0.0000000000
13088  0.000  0.000  0.000 0.0000000000
13092  0.000  0.000  0.000 0.0000000000
13093  0.000  0.000  0.000 0.0000000000
13094  0.000  0.000  0.000 0.0000000000
13095  0.000  0.000  0.000 0.0000000000
13098  0.000  0.000  0.000 0.0000000000
13099  0.000  0.000  0.000 0.0000000000
13103  0.000  0.000  0.000 0.0000000000
13104  0.000  0.000  0.000 0.0000000000
13105  0.000  0.000  0.000 0.0000000000
13106  0.000  0.000  0.000 0.0000000000
13108  0.000  0.000  0.000 0.0000000000
13109  0.000  0.000  0.000 0.0000000000
13110  0.000  0.000  0.000 0.0000000000
13113  0.000  0.000  0.000 0.0000000000
13114  0.000  0.000  0.000 0.0000000000
13115  0.000  0.000  0.000 0.0000000000
13116  0.000  0.000  0.000 0.0000000000
13117  0.000  0.000  0.000 0.0000000000
13118  0.000  0.000  0.000 0.0000000000
13119  0.000  0.000  0.000 0.0000000000
13122  0.000  0.000  0.000 0.0000000000
13123  0.000  0.000  0.000 0.0000000000
13124  0.000  0.000  0.000 0.0000000000
13125  0.000  0.000  0.000 0.0000000000
13126  0.000  0.000  0.000 0.0000000000
13658  0.000  0.000  0.000 0.0000000000
13659  0.000  0.000  0.000 0.0000000000
13660  0.000  0.000  0.000 0.0000000000
13663  0.000  0.000  0.000 0.0000000000
13664  0.000  0.000  0.000 0.0000000000
13665  0.000  0.000  0.000 0.0000000000
13666  0.000  0.000  0.000 0.0000000000
13667  0.000  0.000  0.000 0.0000000000
13671  0.000  0.000  0.000 0.0000000000
13672  0.000  0.000  0.000 0.0000000000
13673  0.000  0.000  0.000 0.0000000000
13674  0.000  0.000  0.000 0.0000000000
13675  0.000  0.000  0.000 0.0000000000
13676  0.000  0.000  0.000 0.0000000000
13677  0.000  0.000  0.000 0.0000000000
13681  0.000  0.000  0.000 0.0000000000
13682  0.000  0.000  0.000 0.0000000000
13683  0.000  0.000  0.000 0.0000000000
13684  0.000  0.000  0.000 0.0000000000
13685  0.000  0.000  0.000 0.0000000000
13689  0.000  0.000  0.000 0.0000000000
13690  0.000  0.000  0.000 0.0000000000
13691  0.000  0.000  0.000 0.0000000000
13692  0.000  0.000  0.000 0.0000000000
13693  0.000  0.000  0.000 0.0000000000
13698  0.000  0.000  0.000 0.0000000000
13699  0.000  0.000  0.000 0.0000000000
13700  0.000  0.000  0.000 0.0000000000
13701  0.000  0.000  0.000 0.0000000000
13702  0.000  0.000  0.000 0.0000000000
13703  0.000  0.000  0.000 0.0000000000
13704  0.000  0.000  0.000 0.0000000000
13711  0.000  0.000  0.000 0.0000000000
13712  0.000  0.000  0.000 0.0000000000
13715  0.000  0.000  0.000 0.0000000000
13716  0.000  0.000  0.000 0.0000000000
13717  0.000  0.000  0.000 0.0000000000
13718  0.000  0.000  0.000 0.0000000000
13719  0.000  0.000  0.000 0.0000000000
13722  0.000  0.000  0.000 0.0000000000
13723  0.000  0.000  0.000 0.0000000000
13724  0.000  0.000  0.000 0.0000000000
13725  0.000  0.000  0.000 0.0000000000
13726  0.000  0.000  0.000 0.0000000000
13727  0.000  0.000  0.000 0.0000000000
13731  0.000  0.000  0.000 0.0000000000
13732  0.000  0.000  0.000 0.0000000000
13733  0.000  0.000  0.000 0.0000000000
13741  0.000  0.000  0.000 0.0000000000
13742  0.000  0.000  0.000 0.0000000000
13743  0.000  0.000  0.000 0.0000000000
13744  0.000  0.000  0.000 0.0000000000
13748  0.000  0.000  0.000 0.0000000000
13749  0.000  0.000  0.000 0.0000000000
13752  0.000  0.000  0.000 0.0000000000
13753  0.000  0.000  0.000 0.0000000000
13754  0.000  0.000  0.000 0.0000000000
13757  0.000  0.000  0.000 0.0000000000
13758  0.000  0.000  0.000 0.0000000000
13759  0.000  0.000  0.000 0.0000000000
13762  0.000  0.000  0.000 0.0000000000
13763  0.000  0.000  0.000 0.0000000000
13764  0.000  0.000  0.000 0.0000000000
13765  0.000  0.000  0.000 0.0000000000
13774  0.000  0.000  0.000 0.0000000000
13775  0.000  0.000  0.000 0.0000000000
13776  0.000  0.000  0.000 0.0000000000
13777  0.000  0.000  0.000 0.0000000000
13788  0.000  0.000  0.000 0.0000000000
13789  0.000  0.000  0.000 0.0000000000
13790  0.000  0.000  0.000 0.0000000000
13797  0.000  0.000  0.000 0.0000000000
14303  0.000  0.000  0.000 0.0000000000
14304  0.000  0.000  0.000 0.0000000000
14305  0.000  0.000  0.000 0.0000000000
14310  0.000  0.000  0.000 0.0000000000
14311  0.000  0.000  0.000 0.0000000000
14312  0.000  0.000  0.000 0.0000000000
14313  0.000  0.000  0.000 0.0000000000
14314  0.000  0.000  0.000 0.0000000000
14318  0.000  0.000  0.000 0.0000000000
14319  0.000  0.000  0.000 0.0000000000
14320  0.000  0.000  0.000 0.0000000000
14321  0.000  0.000  0.000 0.0000000000
14322  0.000  0.000  0.000 0.0000000000
14328  0.000  0.000  0.000 0.0000000000
14329  0.000  0.000  0.000 0.0000000000
14330  0.000  0.000  0.000 0.0000000000
14331  0.000  0.000  0.000 0.0000000000
14332  0.000  0.000  0.000 0.0000000000
14339  0.000  0.000  0.000 0.0000000000
14340  0.000  0.000  0.000 0.0000000000
14341  0.000  0.000  0.000 0.0000000000
14350  0.000  0.000  0.000 0.0000000000
14351  0.000  0.000  0.000 0.0000000000
14352  0.000  0.000  0.000 0.0000000000
14353  0.000  0.000  0.000 0.0000000000
14361  0.000  0.000  0.000 0.0000000000
14362  0.000  0.000  0.000 0.0000000000
14363  0.000  0.000  0.000 0.0000000000
14376  0.000  0.000  0.000 0.0000000000
14383  0.000  0.000  0.000 0.0000000000
14391  0.000  0.000  0.000 0.0000000000
14398  0.000  0.000  0.000 0.0000000000
14410  0.000  0.000  0.000 0.0000000000
14411  0.000  0.000  0.000 0.0000000000
14425  0.000  0.000  0.000 0.0000000000
14426  0.000  0.000  0.000 0.0000000000
14441  0.000  0.000  0.000 0.0000000000
14442  0.000  0.000  0.000 0.0000000000
14459  0.000  0.000  0.000 0.0000000000
14479  0.000  0.000  0.000 0.0000000000
14480  0.000  0.000  0.000 0.0000000000
14497  0.000  0.000  0.000 0.0000000000
14498  0.000  0.000  0.000 0.0000000000
14960  0.000  0.000  0.000 0.0000000000
14961  0.000  0.000  0.000 0.0000000000
14965  0.000  0.000  0.000 0.0000000000
14966  0.000  0.000  0.000 0.0000000000
14967  0.000  0.000  0.000 0.0000000000
14968  0.000  0.000  0.000 0.0000000000
14974  0.000  0.000  0.000 0.0000000000
14975  0.000  0.000  0.000 0.0000000000
14976  0.000  0.000  0.000 0.0000000000
14977  0.000  0.000  0.000 0.0000000000
14984  0.000  0.000  0.000 0.0000000000
14985  0.000  0.000  0.000 0.0000000000
14986  0.000  0.000  0.000 0.0000000000
14994  0.000  0.000  0.000 0.0000000000
14995  0.000  0.000  0.000 0.0000000000
14996  0.000  0.000  0.000 0.0000000000
14997  0.000  0.000  0.000 0.0000000000
15007  0.000  0.000  0.000 0.0000000000
15008  0.000  0.000  0.000 0.0000000000
15009  0.000  0.000  0.000 0.0000000000
15010  0.000  0.000  0.000 0.0000000000
15020  0.000  0.000  0.000 0.0000000000
15021  0.000  0.000  0.000 0.0000000000
15022  0.000  0.000  0.000 0.0000000000
15033  0.000  0.000  0.000 0.0000000000
15048  0.000  0.000  0.000 0.0000000000
15055  0.000  0.000  0.000 0.0000000000
15062  0.000  0.000  0.000 0.0000000000
15070  0.000  0.000  0.000 0.0000000000
15078  0.000  0.000  0.000 0.0000000000
15084  0.000  0.000  0.000 0.0000000000
15094  0.000  0.000  0.000 0.0000000000
15095  0.000  0.000  0.000 0.0000000000
15108  0.000  0.000  0.000 0.0000000000
15109  0.000  0.000  0.000 0.0000000000
15127  0.000  0.000  0.000 0.0000000000
15128  0.000  0.000  0.000 0.0000000000
15148  0.000  0.000  0.000 0.0000000000
15149  0.000  0.000  0.000 0.0000000000
15605  0.000  0.000  0.000 0.0000000000
15606  0.000  0.000  0.000 0.0000000000
15614  0.000  0.000  0.000 0.0000000000
15615  0.000  0.000  0.000 0.0000000000
15616  0.000  0.000  0.000 0.0000000000
15617  0.000  0.000  0.000 0.0000000000
15625  0.000  0.000  0.000 0.0000000000
15626  0.000  0.000  0.000 0.0000000000
15627  0.000  0.000  0.000 0.0000000000
15628  0.000  0.000  0.000 0.0000000000
15629  0.000  0.000  0.000 0.0000000000
15637  0.000  0.000  0.000 0.0000000000
15638  0.000  0.000  0.000 0.0000000000
15639  0.000  0.000  0.000 0.0000000000
15640  0.000  0.000  0.000 0.0000000000
15648  0.000  0.000  0.000 0.0000000000
15649  0.000  0.000  0.000 0.0000000000
15650  0.000  0.000  0.000 0.0000000000
15659  0.000  0.000  0.000 0.0000000000
15660  0.000  0.000  0.000 0.0000000000
15661  0.000  0.000  0.000 0.0000000000
15671  0.000  0.000  0.000 0.0000000000
15672  0.000  0.000  0.000 0.0000000000
15673  0.000  0.000  0.000 0.0000000000
15684  0.000  0.000  0.000 0.0000000000
15685  0.000  0.000  0.000 0.0000000000
15697  0.000  0.000  0.000 0.0000000000
15711  0.000  0.000  0.000 0.0000000000
15718  0.000  0.000  0.000 0.0000000000
15724  0.000  0.000  0.000 0.0000000000
15732  0.000  0.000  0.000 0.0000000000
15738  0.000  0.000  0.000 0.0000000000
15744  0.000  0.000  0.000 0.0000000000
15751  0.000  0.000  0.000 0.0000000000
15757  0.000  0.000  0.000 0.0000000000
15769  0.000  0.000  0.000 0.0000000000
15785  0.000  0.000  0.000 0.0000000000
16287  0.000  0.000  0.000 0.0000000000
16288  0.000  0.000  0.000 0.0000000000
16289  0.000  0.000  0.000 0.0000000000
16299  0.000  0.000  0.000 0.0000000000
16300  0.000  0.000  0.000 0.0000000000
16301  0.000  0.000  0.000 0.0000000000
16302  0.000  0.000  0.000 0.0000000000
16310  0.000  0.000  0.000 0.0000000000
16311  0.000  0.000  0.000 0.0000000000
16312  0.000  0.000  0.000 0.0000000000
16320  0.000  0.000  0.000 0.0000000000
16321  0.000  0.000  0.000 0.0000000000
16322  0.000  0.000  0.000 0.0000000000
16331  0.000  0.000  0.000 0.0000000000
16332  0.000  0.000  0.000 0.0000000000
16340  0.000  0.000  0.000 0.0000000000
16341  0.000  0.000  0.000 0.0000000000
16350  0.000  0.000  0.000 0.0000000000
16362  0.000  0.000  0.000 0.0000000000
16377  0.000  0.000  0.000 0.0000000000
16391  0.000  0.000  0.000 0.0000000000
16397  0.000  0.000  0.000 0.0000000000
16398  0.000  0.000  0.000 0.0000000000
16404  0.000  0.000  0.000 0.0000000000
16405  0.000  0.000  0.000 0.0000000000
16413  0.000  0.000  0.000 0.0000000000
16414  0.000  0.000  0.000 0.0000000000
16420  0.000  0.000  0.000 0.0000000000
16421  0.000  0.000  0.000 0.0000000000
16427  0.000  0.000  0.000 0.0000000000
16428  0.000  0.000  0.000 0.0000000000
16435  0.000  0.000  0.000 0.0000000000
16436  0.000  0.000  0.000 0.0000000000
16442  0.000  0.000  0.000 0.0000000000
16443  0.000  0.000  0.000 0.0000000000
16450  0.000  0.000  0.000 0.0000000000
16455  0.000  0.000  0.000 0.0000000000
16986  0.000  0.000  0.000 0.0000000000
16987  0.000  0.000  0.000 0.0000000000
16988  0.000  0.000  0.000 0.0000000000
16998  0.000  0.000  0.000 0.0000000000
16999  0.000  0.000  0.000 0.0000000000
17000  0.000  0.000  0.000 0.0000000000
17001  0.000  0.000  0.000 0.0000000000
17007  0.000  0.000  0.000 0.0000000000
17008  0.000  0.000  0.000 0.0000000000
17009  0.000  0.000  0.000 0.0000000000
17010  0.000  0.000  0.000 0.0000000000
17018  0.000  0.000  0.000 0.0000000000
17019  0.000  0.000  0.000 0.0000000000
17020  0.000  0.000  0.000 0.0000000000
17028  0.000  0.000  0.000 0.0000000000
17029  0.000  0.000  0.000 0.0000000000
17030  0.000  0.000  0.000 0.0000000000
17038  0.000  0.000  0.000 0.0000000000
17046  0.000  0.000  0.000 0.0000000000
17057  0.000  0.000  0.000 0.0000000000
17068  0.000  0.000  0.000 0.0000000000
17069  0.000  0.000  0.000 0.0000000000
17085  0.000  0.000  0.000 0.0000000000
17086  0.000  0.000  0.000 0.0000000000
17097  0.000  0.000  0.000 0.0000000000
17098  0.000  0.000  0.000 0.0000000000
17104  0.000  0.000  0.000 0.0000000000
17105  0.000  0.000  0.000 0.0000000000
17113  0.000  0.000  0.000 0.0000000000
17121  0.000  0.000  0.000 0.0000000000
17128  0.000  0.000  0.000 0.0000000000
17133  0.000  0.000  0.000 0.0000000000
17140  0.000  0.000  0.000 0.0000000000
17146  0.000  0.000  0.000 0.0000000000
17147  0.000  0.000  0.000 0.0000000000
17154  0.000  0.000  0.000 0.0000000000
17155  0.000  0.000  0.000 0.0000000000
17161  0.000  0.000  0.000 0.0000000000
17721  0.000  0.000  0.000 0.0000000000
17722  0.000  0.000  0.000 0.0000000000
17723  0.000  0.000  0.000 0.0000000000
17732  0.000  0.000  0.000 0.0000000000
17733  0.000  0.000  0.000 0.0000000000
17734  0.000  0.000  0.000 0.0000000000
17742  0.000  0.000  0.000 0.0000000000
17743  0.000  0.000  0.000 0.0000000000
17744  0.000  0.000  0.000 0.0000000000
17752  0.000  0.000  0.000 0.0000000000
17753  0.000  0.000  0.000 0.0000000000
17759  0.000  0.000  0.000 0.0000000000
17760  0.000  0.000  0.000 0.0000000000
17761  0.000  0.000  0.000 0.0000000000
17768  0.000  0.000  0.000 0.0000000000
17769  0.000  0.000  0.000 0.0000000000
17778  0.000  0.000  0.000 0.0000000000
17779  0.000  0.000  0.000 0.0000000000
17789  0.000  0.000  0.000 0.0000000000
17790  0.000  0.000  0.000 0.0000000000
17802  0.000  0.000  0.000 0.0000000000
17803  0.000  0.000  0.000 0.0000000000
17818  0.000  0.000  0.000 0.0000000000
17826  0.000  0.000  0.000 0.0000000000
17832  0.000  0.000  0.000 0.0000000000
17840  0.000  0.000  0.000 0.0000000000
17848  0.000  0.000  0.000 0.0000000000
17857  0.000  0.000  0.000 0.0000000000
17863  0.000  0.000  0.000 0.0000000000
17864  0.000  0.000  0.000 0.0000000000
17871  0.000  0.000  0.000 0.0000000000
17872  0.000  0.000  0.000 0.0000000000
17878  0.000  0.000  0.000 0.0000000000
17879  0.000  0.000  0.000 0.0000000000
17885  0.000  0.000  0.000 0.0000000000
17886  0.000  0.000  0.000 0.0000000000
18456  0.000  0.000  0.000 0.0000000000
18457  0.000  0.000  0.000 0.0000000000
18458  0.000  0.000  0.000 0.0000000000
18464  0.000  0.000  0.000 0.0000000000
18465  0.000  0.000  0.000 0.0000000000
18466  0.000  0.000  0.000 0.0000000000
18467  0.000  0.000  0.000 0.0000000000
18474  0.000  0.000  0.000 0.0000000000
18475  0.000  0.000  0.000 0.0000000000
18476  0.000  0.000  0.000 0.0000000000
18482  0.000  0.000  0.000 0.0000000000
18483  0.000  0.000  0.000 0.0000000000
18484  0.000  0.000  0.000 0.0000000000
18491  0.000  0.000  0.000 0.0000000000
18492  0.000  0.000  0.000 0.0000000000
18493  0.000  0.000  0.000 0.0000000000
18500  0.000  0.000  0.000 0.0000000000
18501  0.000  0.000  0.000 0.0000000000
18502  0.000  0.000  0.000 0.0000000000
18511  0.000  0.000  0.000 0.0000000000
18512  0.000  0.000  0.000 0.0000000000
18521  0.000  0.000  0.000 0.0000000000
18531  0.000  0.000  0.000 0.0000000000
18545  0.000  0.000  0.000 0.0000000000
18558  0.000  0.000  0.000 0.0000000000
18566  0.000  0.000  0.000 0.0000000000
18573  0.000  0.000  0.000 0.0000000000
18581  0.000  0.000  0.000 0.0000000000
18588  0.000  0.000  0.000 0.0000000000
18598  0.000  0.000  0.000 0.0000000000
18606  0.000  0.000  0.000 0.0000000000
19212  0.000  0.000  0.000 0.0000000000
19213  0.000  0.000  0.000 0.0000000000
19214  0.000  0.000  0.000 0.0000000000
19221  0.000  0.000  0.000 0.0000000000
19222  0.000  0.000  0.000 0.0000000000
19223  0.000  0.000  0.000 0.0000000000
19224  0.000  0.000  0.000 0.0000000000
19233  0.000  0.000  0.000 0.0000000000
19234  0.000  0.000  0.000 0.0000000000
19235  0.000  0.000  0.000 0.0000000000
19236  0.000  0.000  0.000 0.0000000000
19242  0.000  0.000  0.000 0.0000000000
19243  0.000  0.000  0.000 0.0000000000
19244  0.000  0.000  0.000 0.0000000000
19245  0.000  0.000  0.000 0.0000000000
19252  0.000  0.000  0.000 0.0000000000
19253  0.000  0.000  0.000 0.0000000000
19254  0.000  0.000  0.000 0.0000000000
19262  0.000  0.000  0.000 0.0000000000
19271  0.000  0.000  0.000 0.0000000000
19280  0.000  0.000  0.000 0.0000000000
19289  0.000  0.000  0.000 0.0000000000
19301  0.000  0.000  0.000 0.0000000000
19313  0.000  0.000  0.000 0.0000000000
19965  0.000  0.000  0.000 0.0000000000
19966  0.000  0.000  0.000 0.0000000000
19967  0.000  0.000  0.000 0.0000000000
19975  0.000  0.000  0.000 0.0000000000
19976  0.000  0.000  0.000 0.0000000000
19977  0.000  0.000  0.000 0.0000000000
19978  0.000  0.000  0.000 0.0000000000
19979  0.000  0.000  0.000 0.0000000000
19984  0.000  0.000  0.000 0.0000000000
19985  0.000  0.000  0.000 0.0000000000
19986  0.000  0.000  0.000 0.0000000000
19987  0.000  0.000  0.000 0.0000000000
19995  0.000  0.000  0.000 0.0000000000
19996  0.000  0.000  0.000 0.0000000000
19997  0.000  0.000  0.000 0.0000000000
20003  0.000  0.000  0.000 0.0000000000
20004  0.000  0.000  0.000 0.0000000000
20011  0.000  0.000  0.000 0.0000000000
20019  0.000  0.000  0.000 0.0000000000
20027  0.000  0.000  0.000 0.0000000000
20037  0.000  0.000  0.000 0.0000000000
20046  0.000  0.000  0.000 0.0000000000
20059  0.000  0.000  0.000 0.0000000000
20072  0.000  0.000  0.000 0.0000000000
20769  0.000  0.000  0.000 0.0000000000
20770  0.000  0.000  0.000 0.0000000000
20771  0.000  0.000  0.000 0.0000000000
20778  0.000  0.000  0.000 0.0000000000
20779  0.000  0.000  0.000 0.0000000000
20780  0.000  0.000  0.000 0.0000000000
20781  0.000  0.000  0.000 0.0000000000
20789  0.000  0.000  0.000 0.0000000000
20790  0.000  0.000  0.000 0.0000000000
20798  0.000  0.000  0.000 0.0000000000
20799  0.000  0.000  0.000 0.0000000000
20800  0.000  0.000  0.000 0.0000000000
20806  0.000  0.000  0.000 0.0000000000
20807  0.000  0.000  0.000 0.0000000000
20814  0.000  0.000  0.000 0.0000000000
20824  0.000  0.000  0.000 0.0000000000
20832  0.000  0.000  0.000 0.0000000000
20841  0.000  0.000  0.000 0.0000000000
20842  0.000  0.000  0.000 0.0000000000
20854  0.000  0.000  0.000 0.0000000000
20855  0.000  0.000  0.000 0.0000000000
20870  0.000  0.000  0.000 0.0000000000
20871  0.000  0.000  0.000 0.0000000000
21600  0.000  0.000  0.000 0.0000000000
21601  0.000  0.000  0.000 0.0000000000
21610  0.000  0.000  0.000 0.0000000000
21611  0.000  0.000  0.000 0.0000000000
21612  0.000  0.000  0.000 0.0000000000
21613  0.000  0.000  0.000 0.0000000000
21621  0.000  0.000  0.000 0.0000000000
21622  0.000  0.000  0.000 0.0000000000
21623  0.000  0.000  0.000 0.0000000000
21624  0.000  0.000  0.000 0.0000000000
21633  0.000  0.000  0.000 0.0000000000
21634  0.000  0.000  0.000 0.0000000000
21635  0.000  0.000  0.000 0.0000000000
21643  0.000  0.000  0.000 0.0000000000
21644  0.000  0.000  0.000 0.0000000000
21645  0.000  0.000  0.000 0.0000000000
21652  0.000  0.000  0.000 0.0000000000
21653  0.000  0.000  0.000 0.0000000000
21659  0.000  0.000  0.000 0.0000000000
21669  0.000  0.000  0.000 0.0000000000
21676  0.000  0.000  0.000 0.0000000000
21677  0.000  0.000  0.000 0.0000000000
21686  0.000  0.000  0.000 0.0000000000
21687  0.000  0.000  0.000 0.0000000000
21698  0.000  0.000  0.000 0.0000000000
21711  0.000  0.000  0.000 0.0000000000
22456  0.000  0.000  0.000 0.0000000000
22457  0.000  0.000  0.000 0.0000000000
22458  0.000  0.000  0.000 0.0000000000
22466  0.000  0.000  0.000 0.0000000000
22467  0.000  0.000  0.000 0.0000000000
22468  0.000  0.000  0.000 0.0000000000
22469  0.000  0.000  0.000 0.0000000000
22470  0.000  0.000  0.000 0.0000000000
22475  0.000  0.000  0.000 0.0000000000
22476  0.000  0.000  0.000 0.0000000000
22477  0.000  0.000  0.000 0.0000000000
22483  0.000  0.000  0.000 0.0000000000
22484  0.000  0.000  0.000 0.0000000000
22485  0.000  0.000  0.000 0.0000000000
22493  0.000  0.000  0.000 0.0000000000
22494  0.000  0.000  0.000 0.0000000000
22502  0.000  0.000  0.000 0.0000000000
22503  0.000  0.000  0.000 0.0000000000
22510  0.000  0.000  0.000 0.0000000000
22520  0.000  0.000  0.000 0.0000000000
22521  0.000  0.000  0.000 0.0000000000
22528  0.000  0.000  0.000 0.0000000000
22529  0.000  0.000  0.000 0.0000000000
22539  0.000  0.000  0.000 0.0000000000
22552  0.000  0.000  0.000 0.0000000000
22568  0.000  0.000  0.000 0.0000000000
23283  0.000  0.000  0.000 0.0000000000
23284  0.000  0.000  0.000 0.0000000000
23285  0.000  0.000  0.000 0.0000000000
23286  0.000  0.000  0.000 0.0000000000
23294  0.000  0.000  0.000 0.0000000000
23295  0.000  0.000  0.000 0.0000000000
23296  0.000  0.000  0.000 0.0000000000
23297  0.000  0.000  0.000 0.0000000000
23305  0.000  0.000  0.000 0.0000000000
23306  0.000  0.000  0.000 0.0000000000
23313  0.000  0.000  0.000 0.0000000000
23314  0.000  0.000  0.000 0.0000000000
23315  0.000  0.000  0.000 0.0000000000
23322  0.000  0.000  0.000 0.0000000000
23323  0.000  0.000  0.000 0.0000000000
23329  0.000  0.000  0.000 0.0000000000
23337  0.000  0.000  0.000 0.0000000000
23338  0.000  0.000  0.000 0.0000000000
23349  0.000  0.000  0.000 0.0000000000
23350  0.000  0.000  0.000 0.0000000000
23360  0.000  0.000  0.000 0.0000000000
23369  0.000  0.000  0.000 0.0000000000
23381  0.000  0.000  0.000 0.0000000000
24050  0.000  0.000  0.000 0.0000000000
24051  0.000  0.000  0.000 0.0000000000
24052  0.000  0.000  0.000 0.0000000000
24053  0.000  0.000  0.000 0.0000000000
24060  0.000  0.000  0.000 0.0000000000
24061  0.000  0.000  0.000 0.0000000000
24062  0.000  0.000  0.000 0.0000000000
24069  0.000  0.000  0.000 0.0000000000
24070  0.000  0.000  0.000 0.0000000000
24077  0.000  0.000  0.000 0.0000000000
24078  0.000  0.000  0.000 0.0000000000
24079  0.000  0.000  0.000 0.0000000000
24087  0.000  0.000  0.000 0.0000000000
24088  0.000  0.000  0.000 0.0000000000
24089  0.000  0.000  0.000 0.0000000000
24097  0.000  0.000  0.000 0.0000000000
24098  0.000  0.000  0.000 0.0000000000
24107  0.000  0.000  0.000 0.0000000000
24108  0.000  0.000  0.000 0.0000000000
24117  0.000  0.000  0.000 0.0000000000
24127  0.000  0.000  0.000 0.0000000000
24139  0.000  0.000  0.000 0.0000000000
24153  0.000  0.000  0.000 0.0000000000
24804  0.000  0.000  0.000 0.0000000000
24805  0.000  0.000  0.000 0.0000000000
24814  0.000  0.000  0.000 0.0000000000
24815  0.000  0.000  0.000 0.0000000000
24816  0.000  0.000  0.000 0.0000000000
24817  0.000  0.000  0.000 0.0000000000
24823  0.000  0.000  0.000 0.0000000000
24824  0.000  0.000  0.000 0.0000000000
24825  0.000  0.000  0.000 0.0000000000
24831  0.000  0.000  0.000 0.0000000000
24832  0.000  0.000  0.000 0.0000000000
24839  0.000  0.000  0.000 0.0000000000
24840  0.000  0.000  0.000 0.0000000000
24848  0.000  0.000  0.000 0.0000000000
24849  0.000  0.000  0.000 0.0000000000
24857  0.000  0.000  0.000 0.0000000000
24858  0.000  0.000  0.000 0.0000000000
24865  0.000  0.000  0.000 0.0000000000
24875  0.000  0.000  0.000 0.0000000000
24884  0.000  0.000  0.000 0.0000000000
24895  0.000  0.000  0.000 0.0000000000
24909  0.000  0.000  0.000 0.0000000000
25578  0.000  0.000  0.000 0.0000000000
25579  0.000  0.000  0.000 0.0000000000
25580  0.000  0.000  0.000 0.0000000000
25588  0.000  0.000  0.000 0.0000000000
25589  0.000  0.000  0.000 0.0000000000
25590  0.000  0.000  0.000 0.0000000000
25591  0.000  0.000  0.000 0.0000000000
25598  0.000  0.000  0.000 0.0000000000
25599  0.000  0.000  0.000 0.0000000000
25600  0.000  0.000  0.000 0.0000000000
25606  0.000  0.000  0.000 0.0000000000
25607  0.000  0.000  0.000 0.0000000000
25613  0.000  0.000  0.000 0.0000000000
25614  0.000  0.000  0.000 0.0000000000
25620  0.000  0.000  0.000 0.0000000000
25621  0.000  0.000  0.000 0.0000000000
25622  0.000  0.000  0.000 0.0000000000
25629  0.000  0.000  0.000 0.0000000000
25630  0.000  0.000  0.000 0.0000000000
25639  0.000  0.000  0.000 0.0000000000
25649  0.000  0.000  0.000 0.0000000000
25658  0.000  0.000  0.000 0.0000000000
25670  0.000  0.000  0.000 0.0000000000
25684  0.000  0.000  0.000 0.0000000000
26374  0.000  0.000  0.000 0.0000000000
26375  0.000  0.000  0.000 0.0000000000
26376  0.000  0.000  0.000 0.0000000000
26377  0.000  0.000  0.000 0.0000000000
26385  0.000  0.000  0.000 0.0000000000
26386  0.000  0.000  0.000 0.0000000000
26387  0.000  0.000  0.000 0.0000000000
26394  0.000  0.000  0.000 0.0000000000
26395  0.000  0.000  0.000 0.0000000000
26396  0.000  0.000  0.000 0.0000000000
26403  0.000  0.000  0.000 0.0000000000
26404  0.000  0.000  0.000 0.0000000000
26410  0.000  0.000  0.000 0.0000000000
26411  0.000  0.000  0.000 0.0000000000
26418  0.000  0.000  0.000 0.0000000000
26419  0.000  0.000  0.000 0.0000000000
26420  0.000  0.000  0.000 0.0000000000
26430  0.000  0.000  0.000 0.0000000000
26440  0.000  0.000  0.000 0.0000000000
26449  0.000  0.000  0.000 0.0000000000
26459  0.000  0.000  0.000 0.0000000000
26471  0.000  0.000  0.000 0.0000000000
26484  0.000  0.000  0.000 0.0000000000
27165  0.000  0.000  0.000 0.0000000000
27166  0.000  0.000  0.000 0.0000000000
27167  0.000  0.000  0.000 0.0000000000
27168  0.000  0.000  0.000 0.0000000000
27176  0.000  0.000  0.000 0.0000000000
27177  0.000  0.000  0.000 0.0000000000
27184  0.000  0.000  0.000 0.0000000000
27185  0.000  0.000  0.000 0.0000000000
27186  0.000  0.000  0.000 0.0000000000
27193  0.000  0.000  0.000 0.0000000000
27194  0.000  0.000  0.000 0.0000000000
27200  0.000  0.000  0.000 0.0000000000
27201  0.000  0.000  0.000 0.0000000000
27208  0.000  0.000  0.000 0.0000000000
27209  0.000  0.000  0.000 0.0000000000
27210  0.000  0.000  0.000 0.0000000000
27217  0.000  0.000  0.000 0.0000000000
27226  0.000  0.000  0.000 0.0000000000
27237  0.000  0.000  0.000 0.0000000000
27249  0.000  0.000  0.000 0.0000000000
27262  0.000  0.000  0.000 0.0000000000
27938  0.000  0.000  0.000 0.0000000000
27939  0.000  0.000  0.000 0.0000000000
27940  0.000  0.000  0.000 0.0000000000
27941  0.000  0.000  0.000 0.0000000000
27948  0.000  0.000  0.000 0.0000000000
27949  0.000  0.000  0.000 0.0000000000
27955  0.000  0.000  0.000 0.0000000000
27956  0.000  0.000  0.000 0.0000000000
27957  0.000  0.000  0.000 0.0000000000
27964  0.000  0.000  0.000 0.0000000000
27965  0.000  0.000  0.000 0.0000000000
27972  0.000  0.000  0.000 0.0000000000
27973  0.000  0.000  0.000 0.0000000000
27980  0.000  0.000  0.000 0.0000000000
27981  0.000  0.000  0.000 0.0000000000
27989  0.000  0.000  0.000 0.0000000000
27996  0.000  0.000  0.000 0.0000000000
28006  0.000  0.000  0.000 0.0000000000
28016  0.000  0.000  0.000 0.0000000000
28027  0.000  0.000  0.000 0.0000000000
28709  0.000  0.000  0.000 0.0000000000
28710  0.000  0.000  0.000 0.0000000000
28717  0.000  0.000  0.000 0.0000000000
28718  0.000  0.000  0.000 0.0000000000
28719  0.000  0.000  0.000 0.0000000000
28720  0.000  0.000  0.000 0.0000000000
28727  0.000  0.000  0.000 0.0000000000
28728  0.000  0.000  0.000 0.0000000000
28735  0.000  0.000  0.000 0.0000000000
28736  0.000  0.000  0.000 0.0000000000
28737  0.000  0.000  0.000 0.0000000000
28744  0.000  0.000  0.000 0.0000000000
28745  0.000  0.000  0.000 0.0000000000
28751  0.000  0.000  0.000 0.0000000000
28752  0.000  0.000  0.000 0.0000000000
28753  0.000  0.000  0.000 0.0000000000
28761  0.000  0.000  0.000 0.0000000000
28762  0.000  0.000  0.000 0.0000000000
28770  0.000  0.000  0.000 0.0000000000
28779  0.000  0.000  0.000 0.0000000000
28789  0.000  0.000  0.000 0.0000000000
28799  0.000  0.000  0.000 0.0000000000
28812  0.000  0.000  0.000 0.0000000000
29487  0.000  0.000  0.000 0.0000000000
29488  0.000  0.000  0.000 0.0000000000
29496  0.000  0.000  0.000 0.0000000000
29497  0.000  0.000  0.000 0.0000000000
29498  0.000  0.000  0.000 0.0000000000
29499  0.000  0.000  0.000 0.0000000000
29507  0.000  0.000  0.000 0.0000000000
29508  0.000  0.000  0.000 0.0000000000
29509  0.000  0.000  0.000 0.0000000000
29515  0.000  0.000  0.000 0.0000000000
29516  0.000  0.000  0.000 0.0000000000
29517  0.000  0.000  0.000 0.0000000000
29523  0.000  0.000  0.000 0.0000000000
29524  0.000  0.000  0.000 0.0000000000
29530  0.000  0.000  0.000 0.0000000000
29531  0.000  0.000  0.000 0.0000000000
29532  0.000  0.000  0.000 0.0000000000
29533  0.000  0.000  0.000 0.0000000000
29539  0.000  0.000  0.000 0.0000000000
29546  0.000  0.000  0.000 0.0000000000
29556  0.000  0.000  0.000 0.0000000000
29565  0.000  0.000  0.000 0.0000000000
29577  0.000  0.000  0.000 0.0000000000
29592  0.000  0.000  0.000 0.0000000000
30216  0.000  0.000  0.000 0.0000000000
30217  0.000  0.000  0.000 0.0000000000
30218  0.000  0.000  0.000 0.0000000000
30226  0.000  0.000  0.000 0.0000000000
30227  0.000  0.000  0.000 0.0000000000
30228  0.000  0.000  0.000 0.0000000000
30229  0.000  0.000  0.000 0.0000000000
30236  0.000  0.000  0.000 0.0000000000
30237  0.000  0.000  0.000 0.0000000000
30238  0.000  0.000  0.000 0.0000000000
30246  0.000  0.000  0.000 0.0000000000
30247  0.000  0.000  0.000 0.0000000000
30255  0.000  0.000  0.000 0.0000000000
30256  0.000  0.000  0.000 0.0000000000
30263  0.000  0.000  0.000 0.0000000000
30264  0.000  0.000  0.000 0.0000000000
30265  0.000  0.000  0.000 0.0000000000
30266  0.000  0.000  0.000 0.0000000000
30272  0.000  0.000  0.000 0.0000000000
30280  0.000  0.000  0.000 0.0000000000
30290  0.000  0.000  0.000 0.0000000000
30301  0.000  0.000  0.000 0.0000000000
30314  0.000  0.000  0.000 0.0000000000
30328  0.000  0.000  0.000 0.0000000000
31058  0.000  0.000  0.000 0.0000000000
31059  0.000  0.000  0.000 0.0000000000
31060  0.000  0.000  0.000 0.0000000000
31067  0.000  0.000  0.000 0.0000000000
31068  0.000  0.000  0.000 0.0000000000
31069  0.000  0.000  0.000 0.0000000000
31076  0.000  0.000  0.000 0.0000000000
31077  0.000  0.000  0.000 0.0000000000
31078  0.000  0.000  0.000 0.0000000000
31085  0.000  0.000  0.000 0.0000000000
31086  0.000  0.000  0.000 0.0000000000
31093  0.000  0.000  0.000 0.0000000000
31094  0.000  0.000  0.000 0.0000000000
31102  0.000  0.000  0.000 0.0000000000
31103  0.000  0.000  0.000 0.0000000000
31104  0.000  0.000  0.000 0.0000000000
31113  0.000  0.000  0.000 0.0000000000
31123  0.000  0.000  0.000 0.0000000000
31134  0.000  0.000  0.000 0.0000000000
31143  0.000  0.000  0.000 0.0000000000
31154  0.000  0.000  0.000 0.0000000000
31167  0.000  0.000  0.000 0.0000000000
31879  0.000  0.000  0.000 0.0000000000
31880  0.000  0.000  0.000 0.0000000000
31881  0.000  0.000  0.000 0.0000000000
31888  0.000  0.000  0.000 0.0000000000
31889  0.000  0.000  0.000 0.0000000000
31890  0.000  0.000  0.000 0.0000000000
31897  0.000  0.000  0.000 0.0000000000
31898  0.000  0.000  0.000 0.0000000000
31899  0.000  0.000  0.000 0.0000000000
31906  0.000  0.000  0.000 0.0000000000
31907  0.000  0.000  0.000 0.0000000000
31908  0.000  0.000  0.000 0.0000000000
31914  0.000  0.000  0.000 0.0000000000
31915  0.000  0.000  0.000 0.0000000000
31922  0.000  0.000  0.000 0.0000000000
31923  0.000  0.000  0.000 0.0000000000
31924  0.000  0.000  0.000 0.0000000000
31931  0.000  0.000  0.000 0.0000000000
31939  0.000  0.000  0.000 0.0000000000
31949  0.000  0.000  0.000 0.0000000000
31960  0.000  0.000  0.000 0.0000000000
31974  0.000  0.000  0.000 0.0000000000
31988  0.000  0.000  0.000 0.0000000000
33088  0.000  0.000  0.000 0.0000000000
33089  0.000  0.000  0.000 0.0000000000
33090  0.000  0.000  0.000 0.0000000000
33098  0.000  0.000  0.000 0.0000000000
33099  0.000  0.000  0.000 0.0000000000
33100  0.000  0.000  0.000 0.0000000000
33107  0.000  0.000  0.000 0.0000000000
33108  0.000  0.000  0.000 0.0000000000
33116  0.000  0.000  0.000 0.0000000000
33117  0.000  0.000  0.000 0.0000000000
33118  0.000  0.000  0.000 0.0000000000
33125  0.000  0.000  0.000 0.0000000000
33126  0.000  0.000  0.000 0.0000000000
33135  0.000  0.000  0.000 0.0000000000
33136  0.000  0.000  0.000 0.0000000000
33137  0.000  0.000  0.000 0.0000000000
33145  0.000  0.000  0.000 0.0000000000
33155  0.000  0.000  0.000 0.0000000000
33165  0.000  0.000  0.000 0.0000000000
33177  0.000  0.000  0.000 0.0000000000
33194  0.000  0.000  0.000 0.0000000000
33208  0.000  0.000  0.000 0.0000000000
33897  0.000  0.000  0.000 0.0000000000
33898  0.000  0.000  0.000 0.0000000000
33899  0.000  0.000  0.000 0.0000000000
33907  0.000  0.000  0.000 0.0000000000
33908  0.000  0.000  0.000 0.0000000000
33909  0.000  0.000  0.000 0.0000000000
33916  0.000  0.000  0.000 0.0000000000
33917  0.000  0.000  0.000 0.0000000000
33925  0.000  0.000  0.000 0.0000000000
33926  0.000  0.000  0.000 0.0000000000
33927  0.000  0.000  0.000 0.0000000000
33935  0.000  0.000  0.000 0.0000000000
33936  0.000  0.000  0.000 0.0000000000
33937  0.000  0.000  0.000 0.0000000000
33944  0.000  0.000  0.000 0.0000000000
33945  0.000  0.000  0.000 0.0000000000
33954  0.000  0.000  0.000 0.0000000000
33964  0.000  0.000  0.000 0.0000000000
33975  0.000  0.000  0.000 0.0000000000
33989  0.000  0.000  0.000 0.0000000000
34006  0.000  0.000  0.000 0.0000000000
34015  0.000  0.000  0.000 0.0000000000
34629  0.000  0.000  0.000 0.0000000000
34630  0.000  0.000  0.000 0.0000000000
34631  0.000  0.000  0.000 0.0000000000
34638  0.000  0.000  0.000 0.0000000000
34639  0.000  0.000  0.000 0.0000000000
34640  0.000  0.000  0.000 0.0000000000
34647  0.000  0.000  0.000 0.0000000000
34648  0.000  0.000  0.000 0.0000000000
34655  0.000  0.000  0.000 0.0000000000
34656  0.000  0.000  0.000 0.0000000000
34657  0.000  0.000  0.000 0.0000000000
34666  0.000  0.000  0.000 0.0000000000
34667  0.000  0.000  0.000 0.0000000000
34675  0.000  0.000  0.000 0.0000000000
34687  0.000  0.000  0.000 0.0000000000
34698  0.000  0.000  0.000 0.0000000000
34710  0.000  0.000  0.000 0.0000000000
34723  0.000  0.000  0.000 0.0000000000
34738  0.000  0.000  0.000 0.0000000000
34749  0.000  0.000  0.000 0.0000000000
35415  0.000  0.000  0.000 0.0000000000
35416  0.000  0.000  0.000 0.0000000000
35417  0.000  0.000  0.000 0.0000000000
35426  0.000  0.000  0.000 0.0000000000
35427  0.000  0.000  0.000 0.0000000000
35428  0.000  0.000  0.000 0.0000000000
35436  0.000  0.000  0.000 0.0000000000
35437  0.000  0.000  0.000 0.0000000000
35446  0.000  0.000  0.000 0.0000000000
35447  0.000  0.000  0.000 0.0000000000
35448  0.000  0.000  0.000 0.0000000000
35449  0.000  0.000  0.000 0.0000000000
35459  0.000  0.000  0.000 0.0000000000
35460  0.000  0.000  0.000 0.0000000000
35461  0.000  0.000  0.000 0.0000000000
35468  0.000  0.000  0.000 0.0000000000
35480  0.000  0.000  0.000 0.0000000000
35492  0.000  0.000  0.000 0.0000000000
35505  0.000  0.000  0.000 0.0000000000
35519  0.000  0.000  0.000 0.0000000000
35534  0.000  0.000  0.000 0.0000000000
35544  0.000  0.000  0.000 0.0000000000
36324  0.000  0.000  0.000 0.0000000000
36325  0.000  0.000  0.000 0.0000000000
36326  0.000  0.000  0.000 0.0000000000
36335  0.000  0.000  0.000 0.0000000000
36336  0.000  0.000  0.000 0.0000000000
36337  0.000  0.000  0.000 0.0000000000
36346  0.000  0.000  0.000 0.0000000000
36347  0.000  0.000  0.000 0.0000000000
36357  0.000  0.000  0.000 0.0000000000
36358  0.000  0.000  0.000 0.0000000000
36359  0.000  0.000  0.000 0.0000000000
36360  0.000  0.000  0.000 0.0000000000
36368  0.000  0.000  0.000 0.0000000000
36369  0.000  0.000  0.000 0.0000000000
36370  0.000  0.000  0.000 0.0000000000
36379  0.000  0.000  0.000 0.0000000000
36392  0.000  0.000  0.000 0.0000000000
36405  0.000  0.000  0.000 0.0000000000
36417  0.000  0.000  0.000 0.0000000000
36431  0.000  0.000  0.000 0.0000000000
36432  0.000  0.000  0.000 0.0000000000
36446  0.000  0.000  0.000 0.0000000000
36447  0.000  0.000  0.000 0.0000000000
36456  0.000  0.000  0.000 0.0000000000
36457  0.000  0.000  0.000 0.0000000000
37182  0.000  0.000  0.000 0.0000000000
37183  0.000  0.000  0.000 0.0000000000
37184  0.000  0.000  0.000 0.0000000000
37190  0.000  0.000  0.000 0.0000000000
37191  0.000  0.000  0.000 0.0000000000
37192  0.000  0.000  0.000 0.0000000000
37201  0.000  0.000  0.000 0.0000000000
37202  0.000  0.000  0.000 0.0000000000
37203  0.000  0.000  0.000 0.0000000000
37212  0.000  0.000  0.000 0.0000000000
37213  0.000  0.000  0.000 0.0000000000
37214  0.000  0.000  0.000 0.0000000000
37223  0.000  0.000  0.000 0.0000000000
37224  0.000  0.000  0.000 0.0000000000
37225  0.000  0.000  0.000 0.0000000000
37235  0.000  0.000  0.000 0.0000000000
37246  0.000  0.000  0.000 0.0000000000
37257  0.000  0.000  0.000 0.0000000000
37269  0.000  0.000  0.000 0.0000000000
37284  0.000  0.000  0.000 0.0000000000
37285  0.000  0.000  0.000 0.0000000000
37298  0.000  0.000  0.000 0.0000000000
37306  0.000  0.000  0.000 0.0000000000
37307  0.000  0.000  0.000 0.0000000000
38009  0.000  0.000  0.000 0.0000000000
38010  0.000  0.000  0.000 0.0000000000
38011  0.000  0.000  0.000 0.0000000000
38020  0.000  0.000  0.000 0.0000000000
38021  0.000  0.000  0.000 0.0000000000
38022  0.000  0.000  0.000 0.0000000000
38031  0.000  0.000  0.000 0.0000000000
38032  0.000  0.000  0.000 0.0000000000
38033  0.000  0.000  0.000 0.0000000000
38041  0.000  0.000  0.000 0.0000000000
38042  0.000  0.000  0.000 0.0000000000
38043  0.000  0.000  0.000 0.0000000000
38052  0.000  0.000  0.000 0.0000000000
38053  0.000  0.000  0.000 0.0000000000
38054  0.000  0.000  0.000 0.0000000000
38063  0.000  0.000  0.000 0.0000000000
38064  0.000  0.000  0.000 0.0000000000
38074  0.000  0.000  0.000 0.0000000000
38085  0.000  0.000  0.000 0.0000000000
38097  0.000  0.000  0.000 0.0000000000
38109  0.000  0.000  0.000 0.0000000000
38110  0.000  0.000  0.000 0.0000000000
38122  0.000  0.000  0.000 0.0000000000
38130  0.000  0.000  0.000 0.0000000000
38131  0.000  0.000  0.000 0.0000000000
38800  0.000  0.000  0.000 0.0000000000
38801  0.000  0.000  0.000 0.0000000000
38809  0.000  0.000  0.000 0.0000000000
38810  0.000  0.000  0.000 0.0000000000
38811  0.000  0.000  0.000 0.0000000000
38819  0.000  0.000  0.000 0.0000000000
38820  0.000  0.000  0.000 0.0000000000
38821  0.000  0.000  0.000 0.0000000000
38830  0.000  0.000  0.000 0.0000000000
38831  0.000  0.000  0.000 0.0000000000
38832  0.000  0.000  0.000 0.0000000000
38833  0.000  0.000  0.000 0.0000000000
38841  0.000  0.000  0.000 0.0000000000
38842  0.000  0.000  0.000 0.0000000000
38843  0.000  0.000  0.000 0.0000000000
38852  0.000  0.000  0.000 0.0000000000
38853  0.000  0.000  0.000 0.0000000000
38854  0.000  0.000  0.000 0.0000000000
38863  0.000  0.000  0.000 0.0000000000
38873  0.000  0.000  0.000 0.0000000000
38885  0.000  0.000  0.000 0.0000000000
38897  0.000  0.000  0.000 0.0000000000
38898  0.000  0.000  0.000 0.0000000000
38910  0.000  0.000  0.000 0.0000000000
38917  0.000  0.000  0.000 0.0000000000
38918  0.000  0.000  0.000 0.0000000000
39551  0.000  0.000  0.000 0.0000000000
39552  0.000  0.000  0.000 0.0000000000
39559  0.000  0.000  0.000 0.0000000000
39560  0.000  0.000  0.000 0.0000000000
39561  0.000  0.000  0.000 0.0000000000
39569  0.000  0.000  0.000 0.0000000000
39570  0.000  0.000  0.000 0.0000000000
39571  0.000  0.000  0.000 0.0000000000
39580  0.000  0.000  0.000 0.0000000000
39581  0.000  0.000  0.000 0.0000000000
39582  0.000  0.000  0.000 0.0000000000
39583  0.000  0.000  0.000 0.0000000000
39592  0.000  0.000  0.000 0.0000000000
39593  0.000  0.000  0.000 0.0000000000
39602  0.000  0.000  0.000 0.0000000000
39603  0.000  0.000  0.000 0.0000000000
39613  0.000  0.000  0.000 0.0000000000
39624  0.000  0.000  0.000 0.0000000000
39637  0.000  0.000  0.000 0.0000000000
39650  0.000  0.000  0.000 0.0000000000
39651  0.000  0.000  0.000 0.0000000000
39663  0.000  0.000  0.000 0.0000000000
39664  0.000  0.000  0.000 0.0000000000
39672  0.000  0.000  0.000 0.0000000000
39673  0.000  0.000  0.000 0.0000000000
40425  0.000  0.000  0.000 0.0000000000
40426  0.000  0.000  0.000 0.0000000000
40427  0.000  0.000  0.000 0.0000000000
40435  0.000  0.000  0.000 0.0000000000
40436  0.000  0.000  0.000 0.0000000000
40437  0.000  0.000  0.000 0.0000000000
40444  0.000  0.000  0.000 0.0000000000
40445  0.000  0.000  0.000 0.0000000000
40446  0.000  0.000  0.000 0.0000000000
40454  0.000  0.000  0.000 0.0000000000
40455  0.000  0.000  0.000 0.0000000000
40463  0.000  0.000  0.000 0.0000000000
40464  0.000  0.000  0.000 0.0000000000
40475  0.000  0.000  0.000 0.0000000000
40484  0.000  0.000  0.000 0.0000000000
40495  0.000  0.000  0.000 0.0000000000
40507  0.000  0.000  0.000 0.0000000000
40517  0.000  0.000  0.000 0.0000000000
40518  0.000  0.000  0.000 0.0000000000
40525  0.000  0.000  0.000 0.0000000000
40526  0.000  0.000  0.000 0.0000000000
41440  0.000  0.000  0.000 0.0000000000
41441  0.000  0.000  0.000 0.0000000000
41442  0.000  0.000  0.000 0.0000000000
41448  0.000  0.000  0.000 0.0000000000
41449  0.000  0.000  0.000 0.0000000000
41450  0.000  0.000  0.000 0.0000000000
41451  0.000  0.000  0.000 0.0000000000
41460  0.000  0.000  0.000 0.0000000000
41461  0.000  0.000  0.000 0.0000000000
41462  0.000  0.000  0.000 0.0000000000
41471  0.000  0.000  0.000 0.0000000000
41472  0.000  0.000  0.000 0.0000000000
41473  0.000  0.000  0.000 0.0000000000
41481  0.000  0.000  0.000 0.0000000000
41482  0.000  0.000  0.000 0.0000000000
41492  0.000  0.000  0.000 0.0000000000
41503  0.000  0.000  0.000 0.0000000000
41514  0.000  0.000  0.000 0.0000000000
41527  0.000  0.000  0.000 0.0000000000
41537  0.000  0.000  0.000 0.0000000000
41545  0.000  0.000  0.000 0.0000000000
42349  0.000  0.000  0.000 0.0000000000
42350  0.000  0.000  0.000 0.0000000000
42357  0.000  0.000  0.000 0.0000000000
42358  0.000  0.000  0.000 0.0000000000
42359  0.000  0.000  0.000 0.0000000000
42360  0.000  0.000  0.000 0.0000000000
42368  0.000  0.000  0.000 0.0000000000
42369  0.000  0.000  0.000 0.0000000000
42370  0.000  0.000  0.000 0.0000000000
42377  0.000  0.000  0.000 0.0000000000
42378  0.000  0.000  0.000 0.0000000000
42379  0.000  0.000  0.000 0.0000000000
42386  0.000  0.000  0.000 0.0000000000
42387  0.000  0.000  0.000 0.0000000000
42395  0.000  0.000  0.000 0.0000000000
42406  0.000  0.000  0.000 0.0000000000
42416  0.000  0.000  0.000 0.0000000000
42429  0.000  0.000  0.000 0.0000000000
42440  0.000  0.000  0.000 0.0000000000
43179  0.000  0.000  0.000 0.0000000000
43180  0.000  0.000  0.000 0.0000000000
43189  0.000  0.000  0.000 0.0000000000
43190  0.000  0.000  0.000 0.0000000000
43191  0.000  0.000  0.000 0.0000000000
43199  0.000  0.000  0.000 0.0000000000
43200  0.000  0.000  0.000 0.0000000000
43201  0.000  0.000  0.000 0.0000000000
43209  0.000  0.000  0.000 0.0000000000
43210  0.000  0.000  0.000 0.0000000000
43211  0.000  0.000  0.000 0.0000000000
43220  0.000  0.000  0.000 0.0000000000
43221  0.000  0.000  0.000 0.0000000000
43231  0.000  0.000  0.000 0.0000000000
43232  0.000  0.000  0.000 0.0000000000
43242  0.000  0.000  0.000 0.0000000000
43252  0.000  0.000  0.000 0.0000000000
43265  0.000  0.000  0.000 0.0000000000
43275  0.000  0.000  0.000 0.0000000000
44082  0.000  0.000  0.000 0.0000000000
44083  0.000  0.000  0.000 0.0000000000
44084  0.000  0.000  0.000 0.0000000000
44093  0.000  0.000  0.000 0.0000000000
44094  0.000  0.000  0.000 0.0000000000
44095  0.000  0.000  0.000 0.0000000000
44104  0.000  0.000  0.000 0.0000000000
44105  0.000  0.000  0.000 0.0000000000
44106  0.000  0.000  0.000 0.0000000000
44107  0.000  0.000  0.000 0.0000000000
44118  0.000  0.000  0.000 0.0000000000
44119  0.000  0.000  0.000 0.0000000000
44129  0.000  0.000  0.000 0.0000000000
44141  0.000  0.000  0.000 0.0000000000
44152  0.000  0.000  0.000 0.0000000000
44165  0.000  0.000  0.000 0.0000000000
44175  0.000  0.000  0.000 0.0000000000
44850  0.000  0.000  0.000 0.0000000000
44851  0.000  0.000  0.000 0.0000000000
44852  0.000  0.000  0.000 0.0000000000
44862  0.000  0.000  0.000 0.0000000000
44863  0.000  0.000  0.000 0.0000000000
44864  0.000  0.000  0.000 0.0000000000
44874  0.000  0.000  0.000 0.0000000000
44875  0.000  0.000  0.000 0.0000000000
44876  0.000  0.000  0.000 0.0000000000
44877  0.000  0.000  0.000 0.0000000000
44887  0.000  0.000  0.000 0.0000000000
44888  0.000  0.000  0.000 0.0000000000
44897  0.000  0.000  0.000 0.0000000000
44910  0.000  0.000  0.000 0.0000000000
44923  0.000  0.000  0.000 0.0000000000
44939  0.000  0.000  0.000 0.0000000000
44950  0.000  0.000  0.000 0.0000000000
45690  0.000  0.000  0.000 0.0000000000
45691  0.000  0.000  0.000 0.0000000000
45700  0.000  0.000  0.000 0.0000000000
45701  0.000  0.000  0.000 0.0000000000
45702  0.000  0.000  0.000 0.0000000000
45710  0.000  0.000  0.000 0.0000000000
45711  0.000  0.000  0.000 0.0000000000
45712  0.000  0.000  0.000 0.0000000000
45713  0.000  0.000  0.000 0.0000000000
45721  0.000  0.000  0.000 0.0000000000
45722  0.000  0.000  0.000 0.0000000000
45723  0.000  0.000  0.000 0.0000000000
45732  0.000  0.000  0.000 0.0000000000
45745  0.000  0.000  0.000 0.0000000000
45757  0.000  0.000  0.000 0.0000000000
45773  0.000  0.000  0.000 0.0000000000
45785  0.000  0.000  0.000 0.0000000000
45796  0.000  0.000  0.000 0.0000000000
46427  0.000  0.000  0.000 0.0000000000
46428  0.000  0.000  0.000 0.0000000000
46435  0.000  0.000  0.000 0.0000000000
46436  0.000  0.000  0.000 0.0000000000
46437  0.000  0.000  0.000 0.0000000000
46445  0.000  0.000  0.000 0.0000000000
46446  0.000  0.000  0.000 0.0000000000
46447  0.000  0.000  0.000 0.0000000000
46456  0.000  0.000  0.000 0.0000000000
46457  0.000  0.000  0.000 0.0000000000
46458  0.000  0.000  0.000 0.0000000000
46459  0.000  0.000  0.000 0.0000000000
46468  0.000  0.000  0.000 0.0000000000
46469  0.000  0.000  0.000 0.0000000000
46483  0.000  0.000  0.000 0.0000000000
46495  0.000  0.000  0.000 0.0000000000
46510  0.000  0.000  0.000 0.0000000000
46520  0.000  0.000  0.000 0.0000000000
46530  0.000  0.000  0.000 0.0000000000
46539  0.000  0.000  0.000 0.0000000000
47306  0.000  0.000  0.000 0.0000000000
47307  0.000  0.000  0.000 0.0000000000
47308  0.000  0.000  0.000 0.0000000000
47315  0.000  0.000  0.000 0.0000000000
47316  0.000  0.000  0.000 0.0000000000
47324  0.000  0.000  0.000 0.0000000000
47325  0.000  0.000  0.000 0.0000000000
47326  0.000  0.000  0.000 0.0000000000
47335  0.000  0.000  0.000 0.0000000000
47336  0.000  0.000  0.000 0.0000000000
47350  0.000  0.000  0.000 0.0000000000
47351  0.000  0.000  0.000 0.0000000000
47363  0.000  0.000  0.000 0.0000000000
47379  0.000  0.000  0.000 0.0000000000
47390  0.000  0.000  0.000 0.0000000000
47402  0.000  0.000  0.000 0.0000000000
47414  0.000  0.000  0.000 0.0000000000
48045  0.000  0.000  0.000 0.0000000000
48046  0.000  0.000  0.000 0.0000000000
48047  0.000  0.000  0.000 0.0000000000
48055  0.000  0.000  0.000 0.0000000000
48056  0.000  0.000  0.000 0.0000000000
48064  0.000  0.000  0.000 0.0000000000
48065  0.000  0.000  0.000 0.0000000000
48066  0.000  0.000  0.000 0.0000000000
48075  0.000  0.000  0.000 0.0000000000
48089  0.000  0.000  0.000 0.0000000000
48090  0.000  0.000  0.000 0.0000000000
48102  0.000  0.000  0.000 0.0000000000
48103  0.000  0.000  0.000 0.0000000000
48119  0.000  0.000  0.000 0.0000000000
48130  0.000  0.000  0.000 0.0000000000
48141  0.000  0.000  0.000 0.0000000000
48156  0.000  0.000  0.000 0.0000000000
49009  0.000  0.000  0.000 0.0000000000
49010  0.000  0.000  0.000 0.0000000000
49011  0.000  0.000  0.000 0.0000000000
49019  0.000  0.000  0.000 0.0000000000
49020  0.000  0.000  0.000 0.0000000000
49021  0.000  0.000  0.000 0.0000000000
49030  0.000  0.000  0.000 0.0000000000
49031  0.000  0.000  0.000 0.0000000000
49032  0.000  0.000  0.000 0.0000000000
49041  0.000  0.000  0.000 0.0000000000
49053  0.000  0.000  0.000 0.0000000000
49065  0.000  0.000  0.000 0.0000000000
49066  0.000  0.000  0.000 0.0000000000
49083  0.000  0.000  0.000 0.0000000000
49084  0.000  0.000  0.000 0.0000000000
49096  0.000  0.000  0.000 0.0000000000
49106  0.000  0.000  0.000 0.0000000000
49122  0.000  0.000  0.000 0.0000000000
49127  0.000  0.000  0.000 0.0000000000
49812  0.000  0.000  0.000 0.0000000000
49813  0.000  0.000  0.000 0.0000000000
49814  0.000  0.000  0.000 0.0000000000
49821  0.000  0.000  0.000 0.0000000000
49822  0.000  0.000  0.000 0.0000000000
49823  0.000  0.000  0.000 0.0000000000
49830  0.000  0.000  0.000 0.0000000000
49831  0.000  0.000  0.000 0.0000000000
49832  0.000  0.000  0.000 0.0000000000
49843  0.000  0.000  0.000 0.0000000000
49855  0.000  0.000  0.000 0.0000000000
49871  0.000  0.000  0.000 0.0000000000
49872  0.000  0.000  0.000 0.0000000000
49884  0.000  0.000  0.000 0.0000000000
49885  0.000  0.000  0.000 0.0000000000
49897  0.000  0.000  0.000 0.0000000000
49912  0.000  0.000  0.000 0.0000000000
49920  0.000  0.000  0.000 0.0000000000
50618  0.000  0.000  0.000 0.0000000000
50619  0.000  0.000  0.000 0.0000000000
50620  0.000  0.000  0.000 0.0000000000
50629  0.000  0.000  0.000 0.0000000000
50630  0.000  0.000  0.000 0.0000000000
50631  0.000  0.000  0.000 0.0000000000
50639  0.000  0.000  0.000 0.0000000000
50640  0.000  0.000  0.000 0.0000000000
50641  0.000  0.000  0.000 0.0000000000
50651  0.000  0.000  0.000 0.0000000000
50652  0.000  0.000  0.000 0.0000000000
50664  0.000  0.000  0.000 0.0000000000
50680  0.000  0.000  0.000 0.0000000000
50690  0.000  0.000  0.000 0.0000000000
50691  0.000  0.000  0.000 0.0000000000
50702  0.000  0.000  0.000 0.0000000000
50715  0.000  0.000  0.000 0.0000000000
50724  0.000  0.000  0.000 0.0000000000
51404  0.000  0.000  0.000 0.0000000000
51405  0.000  0.000  0.000 0.0000000000
51406  0.000  0.000  0.000 0.0000000000
51414  0.000  0.000  0.000 0.0000000000
51415  0.000  0.000  0.000 0.0000000000
51416  0.000  0.000  0.000 0.0000000000
51417  0.000  0.000  0.000 0.0000000000
51425  0.000  0.000  0.000 0.0000000000
51426  0.000  0.000  0.000 0.0000000000
51427  0.000  0.000  0.000 0.0000000000
51436  0.000  0.000  0.000 0.0000000000
51437  0.000  0.000  0.000 0.0000000000
51450  0.000  0.000  0.000 0.0000000000
51463  0.000  0.000  0.000 0.0000000000
51473  0.000  0.000  0.000 0.0000000000
51474  0.000  0.000  0.000 0.0000000000
51485  0.000  0.000  0.000 0.0000000000
51486  0.000  0.000  0.000 0.0000000000
51498  0.000  0.000  0.000 0.0000000000
51508  0.000  0.000  0.000 0.0000000000
52241  0.000  0.000  0.000 0.0000000000
52242  0.000  0.000  0.000 0.0000000000
52252  0.000  0.000  0.000 0.0000000000
52253  0.000  0.000  0.000 0.0000000000
52254  0.000  0.000  0.000 0.0000000000
52255  0.000  0.000  0.000 0.0000000000
52264  0.000  0.000  0.000 0.0000000000
52265  0.000  0.000  0.000 0.0000000000
52266  0.000  0.000  0.000 0.0000000000
52275  0.000  0.000  0.000 0.0000000000
52276  0.000  0.000  0.000 0.0000000000
52288  0.000  0.000  0.000 0.0000000000
52301  0.000  0.000  0.000 0.0000000000
52310  0.000  0.000  0.000 0.0000000000
52321  0.000  0.000  0.000 0.0000000000
52322  0.000  0.000  0.000 0.0000000000
52334  0.000  0.000  0.000 0.0000000000
52344  0.000  0.000  0.000 0.0000000000
52348  0.000  0.000  0.000 0.0000000000
53015  0.000  0.000  0.000 0.0000000000
53016  0.000  0.000  0.000 0.0000000000
53026  0.000  0.000  0.000 0.0000000000
53027  0.000  0.000  0.000 0.0000000000
53028  0.000  0.000  0.000 0.0000000000
53029  0.000  0.000  0.000 0.0000000000
53037  0.000  0.000  0.000 0.0000000000
53038  0.000  0.000  0.000 0.0000000000
53039  0.000  0.000  0.000 0.0000000000
53040  0.000  0.000  0.000 0.0000000000
53041  0.000  0.000  0.000 0.0000000000
53051  0.000  0.000  0.000 0.0000000000
53052  0.000  0.000  0.000 0.0000000000
53053  0.000  0.000  0.000 0.0000000000
53054  0.000  0.000  0.000 0.0000000000
53064  0.000  0.000  0.000 0.0000000000
53078  0.000  0.000  0.000 0.0000000000
53088  0.000  0.000  0.000 0.0000000000
53098  0.000  0.000  0.000 0.0000000000
53099  0.000  0.000  0.000 0.0000000000
53111  0.000  0.000  0.000 0.0000000000
53121  0.000  0.000  0.000 0.0000000000
53125  0.000  0.000  0.000 0.0000000000
53126  0.000  0.000  0.000 0.0000000000
53768  0.000  0.000  0.000 0.0000000000
53769  0.000  0.000  0.000 0.0000000000
53770  0.000  0.000  0.000 0.0000000000
53779  0.000  0.000  0.000 0.0000000000
53780  0.000  0.000  0.000 0.0000000000
53781  0.000  0.000  0.000 0.0000000000
53782  0.000  0.000  0.000 0.0000000000
53783  0.000  0.000  0.000 0.0000000000
53784  0.000  0.000  0.000 0.0000000000
53795  0.000  0.000  0.000 0.0000000000
53796  0.000  0.000  0.000 0.0000000000
53797  0.000  0.000  0.000 0.0000000000
53798  0.000  0.000  0.000 0.0000000000
53799  0.000  0.000  0.000 0.0000000000
53800  0.000  0.000  0.000 0.0000000000
53811  0.000  0.000  0.000 0.0000000000
53812  0.000  0.000  0.000 0.0000000000
53813  0.000  0.000  0.000 0.0000000000
53825  0.000  0.000  0.000 0.0000000000
53835  0.000  0.000  0.000 0.0000000000
53846  0.000  0.000  0.000 0.0000000000
53847  0.000  0.000  0.000 0.0000000000
53859  0.000  0.000  0.000 0.0000000000
53869  0.000  0.000  0.000 0.0000000000
53873  0.000  0.000  0.000 0.0000000000
53874  0.000  0.000  0.000 0.0000000000
53878  0.000  0.000  0.000 0.0000000000
53879  0.000  0.000  0.000 0.0000000000
54470  0.000  0.000  0.000 0.0000000000
54471  0.000  0.000  0.000 0.0000000000
54472  0.000  0.000  0.000 0.0000000000
54483  0.000  0.000  0.000 0.0000000000
54484  0.000  0.000  0.000 0.0000000000
54485  0.000  0.000  0.000 0.0000000000
54486  0.000  0.000  0.000 0.0000000000
54487  0.000  0.000  0.000 0.0000000000
54488  0.000  0.000  0.000 0.0000000000
54500  0.000  0.000  0.000 0.0000000000
54501  0.000  0.000  0.000 0.0000000000
54502  0.000  0.000  0.000 0.0000000000
54503  0.000  0.000  0.000 0.0000000000
54504  0.000  0.000  0.000 0.0000000000
54505  0.000  0.000  0.000 0.0000000000
54518  0.000  0.000  0.000 0.0000000000
54519  0.000  0.000  0.000 0.0000000000
54520  0.000  0.000  0.000 0.0000000000
54521  0.000  0.000  0.000 0.0000000000
54522  0.000  0.000  0.000 0.0000000000
54534  0.000  0.000  0.000 0.0000000000
54548  0.000  0.000  0.000 0.0000000000
54549  0.000  0.000  0.000 0.0000000000
54561  0.000  0.000  0.000 0.0000000000
54570  0.000  0.000  0.000 0.0000000000
54574  0.000  0.000  0.000 0.0000000000
54577  0.000  0.000  0.000 0.0000000000
54578  0.000  0.000  0.000 0.0000000000
55145  0.000  0.000  0.000 0.0000000000
55146  0.000  0.000  0.000 0.0000000000
55147  0.000  0.000  0.000 0.0000000000
55158  0.000  0.000  0.000 0.0000000000
55159  0.000  0.000  0.000 0.0000000000
55160  0.000  0.000  0.000 0.0000000000
55161  0.000  0.000  0.000 0.0000000000
55173  0.000  0.000  0.000 0.0000000000
55174  0.000  0.000  0.000 0.0000000000
55175  0.000  0.000  0.000 0.0000000000
55176  0.000  0.000  0.000 0.0000000000
55188  0.000  0.000  0.000 0.0000000000
55189  0.000  0.000  0.000 0.0000000000
55190  0.000  0.000  0.000 0.0000000000
55206  0.000  0.000  0.000 0.0000000000
55207  0.000  0.000  0.000 0.0000000000
55225  0.000  0.000  0.000 0.0000000000
55232  0.000  0.000  0.000 0.0000000000
55236  0.000  0.000  0.000 0.0000000000
55240  0.000  0.000  0.000 0.0000000000
55241  0.000  0.000  0.000 0.0000000000
55815  0.000  0.000  0.000 0.0000000000
55816  0.000  0.000  0.000 0.0000000000
55817  0.000  0.000  0.000 0.0000000000
55830  0.000  0.000  0.000 0.0000000000
55831  0.000  0.000  0.000 0.0000000000
55832  0.000  0.000  0.000 0.0000000000
55833  0.000  0.000  0.000 0.0000000000
55844  0.000  0.000  0.000 0.0000000000
55845  0.000  0.000  0.000 0.0000000000
55846  0.000  0.000  0.000 0.0000000000
55847  0.000  0.000  0.000 0.0000000000
55848  0.000  0.000  0.000 0.0000000000
55863  0.000  0.000  0.000 0.0000000000
55864  0.000  0.000  0.000 0.0000000000
55865  0.000  0.000  0.000 0.0000000000
55885  0.000  0.000  0.000 0.0000000000
55896  0.000  0.000  0.000 0.0000000000
55900  0.000  0.000  0.000 0.0000000000
55904  0.000  0.000  0.000 0.0000000000
55905  0.000  0.000  0.000 0.0000000000
55909  0.000  0.000  0.000 0.0000000000
56460  0.000  0.000  0.000 0.0000000000
56461  0.000  0.000  0.000 0.0000000000
56462  0.000  0.000  0.000 0.0000000000
56472  0.000  0.000  0.000 0.0000000000
56473  0.000  0.000  0.000 0.0000000000
56474  0.000  0.000  0.000 0.0000000000
56475  0.000  0.000  0.000 0.0000000000
56476  0.000  0.000  0.000 0.0000000000
56490  0.000  0.000  0.000 0.0000000000
56491  0.000  0.000  0.000 0.0000000000
56492  0.000  0.000  0.000 0.0000000000
56509  0.000  0.000  0.000 0.0000000000
56519  0.000  0.000  0.000 0.0000000000
56528  0.000  0.000  0.000 0.0000000000
56532  0.000  0.000  0.000 0.0000000000
56536  0.000  0.000  0.000 0.0000000000
57072  0.000  0.000  0.000 0.0000000000
57073  0.000  0.000  0.000 0.0000000000
57085  0.000  0.000  0.000 0.0000000000
57086  0.000  0.000  0.000 0.0000000000
57087  0.000  0.000  0.000 0.0000000000
57088  0.000  0.000  0.000 0.0000000000
57100  0.000  0.000  0.000 0.0000000000
57101  0.000  0.000  0.000 0.0000000000
57102  0.000  0.000  0.000 0.0000000000
57103  0.000  0.000  0.000 0.0000000000
57120  0.000  0.000  0.000 0.0000000000
57121  0.000  0.000  0.000 0.0000000000
57131  0.000  0.000  0.000 0.0000000000
57140  0.000  0.000  0.000 0.0000000000
57148  0.000  0.000  0.000 0.0000000000
57152  0.000  0.000  0.000 0.0000000000
57758  0.000  0.000  0.000 0.0000000000
57759  0.000  0.000  0.000 0.0000000000
57760  0.000  0.000  0.000 0.0000000000
57772  0.000  0.000  0.000 0.0000000000
57773  0.000  0.000  0.000 0.0000000000
57774  0.000  0.000  0.000 0.0000000000
57775  0.000  0.000  0.000 0.0000000000
57776  0.000  0.000  0.000 0.0000000000
57792  0.000  0.000  0.000 0.0000000000
57793  0.000  0.000  0.000 0.0000000000
57794  0.000  0.000  0.000 0.0000000000
57806  0.000  0.000  0.000 0.0000000000
57807  0.000  0.000  0.000 0.0000000000
57815  0.000  0.000  0.000 0.0000000000
57824  0.000  0.000  0.000 0.0000000000
57828  0.000  0.000  0.000 0.0000000000
58416  0.000  0.000  0.000 0.0000000000
58417  0.000  0.000  0.000 0.0000000000
58429  0.000  0.000  0.000 0.0000000000
58430  0.000  0.000  0.000 0.0000000000
58431  0.000  0.000  0.000 0.0000000000
58432  0.000  0.000  0.000 0.0000000000
58445  0.000  0.000  0.000 0.0000000000
58446  0.000  0.000  0.000 0.0000000000
58447  0.000  0.000  0.000 0.0000000000
58458  0.000  0.000  0.000 0.0000000000
58459  0.000  0.000  0.000 0.0000000000
58465  0.000  0.000  0.000 0.0000000000
58474  0.000  0.000  0.000 0.0000000000
58482  0.000  0.000  0.000 0.0000000000
58486  0.000  0.000  0.000 0.0000000000
59022  0.000  0.000  0.000 0.0000000000
59023  0.000  0.000  0.000 0.0000000000
59024  0.000  0.000  0.000 0.0000000000
59025  0.000  0.000  0.000 0.0000000000
59038  0.000  0.000  0.000 0.0000000000
59039  0.000  0.000  0.000 0.0000000000
59040  0.000  0.000  0.000 0.0000000000
59041  0.000  0.000  0.000 0.0000000000
59042  0.000  0.000  0.000 0.0000000000
59054  0.000  0.000  0.000 0.0000000000
59055  0.000  0.000  0.000 0.0000000000
59056  0.000  0.000  0.000 0.0000000000
59063  0.000  0.000  0.000 0.0000000000
59064  0.000  0.000  0.000 0.0000000000
59071  0.000  0.000  0.000 0.0000000000
59080  0.000  0.000  0.000 0.0000000000
59083  0.000  0.000  0.000 0.0000000000
59088  0.000  0.000  0.000 0.0000000000
59633  0.000  0.000  0.000 0.0000000000
59634  0.000  0.000  0.000 0.0000000000
59648  0.000  0.000  0.000 0.0000000000
59649  0.000  0.000  0.000 0.0000000000
59650  0.000  0.000  0.000 0.0000000000
59651  0.000  0.000  0.000 0.0000000000
59664  0.000  0.000  0.000 0.0000000000
59665  0.000  0.000  0.000 0.0000000000
59666  0.000  0.000  0.000 0.0000000000
59671  0.000  0.000  0.000 0.0000000000
59672  0.000  0.000  0.000 0.0000000000
59673  0.000  0.000  0.000 0.0000000000
59677  0.000  0.000  0.000 0.0000000000
59687  0.000  0.000  0.000 0.0000000000
59694  0.000  0.000  0.000 0.0000000000
59697  0.000  0.000  0.000 0.0000000000
60235  0.000  0.000  0.000 0.0000000000
60236  0.000  0.000  0.000 0.0000000000
60250  0.000  0.000  0.000 0.0000000000
60251  0.000  0.000  0.000 0.0000000000
60252  0.000  0.000  0.000 0.0000000000
60253  0.000  0.000  0.000 0.0000000000
60267  0.000  0.000  0.000 0.0000000000
60268  0.000  0.000  0.000 0.0000000000
60269  0.000  0.000  0.000 0.0000000000
60273  0.000  0.000  0.000 0.0000000000
60274  0.000  0.000  0.000 0.0000000000
60275  0.000  0.000  0.000 0.0000000000
60279  0.000  0.000  0.000 0.0000000000
60287  0.000  0.000  0.000 0.0000000000
60295  0.000  0.000  0.000 0.0000000000
60299  0.000  0.000  0.000 0.0000000000
60873  0.000  0.000  0.000 0.0000000000
60874  0.000  0.000  0.000 0.0000000000
60875  0.000  0.000  0.000 0.0000000000
60876  0.000  0.000  0.000 0.0000000000
60892  0.000  0.000  0.000 0.0000000000
60893  0.000  0.000  0.000 0.0000000000
60894  0.000  0.000  0.000 0.0000000000
60899  0.000  0.000  0.000 0.0000000000
60900  0.000  0.000  0.000 0.0000000000
60901  0.000  0.000  0.000 0.0000000000
60905  0.000  0.000  0.000 0.0000000000
60913  0.000  0.000  0.000 0.0000000000
60922  0.000  0.000  0.000 0.0000000000
60925  0.000  0.000  0.000 0.0000000000
61577  0.000  0.000  0.000 0.0000000000
61578  0.000  0.000  0.000 0.0000000000
61579  0.000  0.000  0.000 0.0000000000
61580  0.000  0.000  0.000 0.0000000000
61596  0.000  0.000  0.000 0.0000000000
61597  0.000  0.000  0.000 0.0000000000
61598  0.000  0.000  0.000 0.0000000000
61603  0.000  0.000  0.000 0.0000000000
61604  0.000  0.000  0.000 0.0000000000
61605  0.000  0.000  0.000 0.0000000000
61610  0.000  0.000  0.000 0.0000000000
61611  0.000  0.000  0.000 0.0000000000
61612  0.000  0.000  0.000 0.0000000000
61618  0.000  0.000  0.000 0.0000000000
61619  0.000  0.000  0.000 0.0000000000
61628  0.000  0.000  0.000 0.0000000000
61634  0.000  0.000  0.000 0.0000000000
62239  0.000  0.000  0.000 0.0000000000
62240  0.000  0.000  0.000 0.0000000000
62241  0.000  0.000  0.000 0.0000000000
62242  0.000  0.000  0.000 0.0000000000
62258  0.000  0.000  0.000 0.0000000000
62259  0.000  0.000  0.000 0.0000000000
62260  0.000  0.000  0.000 0.0000000000
62265  0.000  0.000  0.000 0.0000000000
62266  0.000  0.000  0.000 0.0000000000
62267  0.000  0.000  0.000 0.0000000000
62271  0.000  0.000  0.000 0.0000000000
62272  0.000  0.000  0.000 0.0000000000
62273  0.000  0.000  0.000 0.0000000000
62279  0.000  0.000  0.000 0.0000000000
62280  0.000  0.000  0.000 0.0000000000
62289  0.000  0.000  0.000 0.0000000000
62290  0.000  0.000  0.000 0.0000000000
62298  0.000  0.000  0.000 0.0000000000
62887  0.000  0.000  0.000 0.0000000000
62888  0.000  0.000  0.000 0.0000000000
62889  0.000  0.000  0.000 0.0000000000
62890  0.000  0.000  0.000 0.0000000000
62904  0.000  0.000  0.000 0.0000000000
62905  0.000  0.000  0.000 0.0000000000
62906  0.000  0.000  0.000 0.0000000000
62916  0.000  0.000  0.000 0.0000000000
62917  0.000  0.000  0.000 0.0000000000
62918  0.000  0.000  0.000 0.0000000000
62923  0.000  0.000  0.000 0.0000000000
62924  0.000  0.000  0.000 0.0000000000
62930  0.000  0.000  0.000 0.0000000000
62938  0.000  0.000  0.000 0.0000000000
62939  0.000  0.000  0.000 0.0000000000
62948  0.000  0.000  0.000 0.0000000000
62951  0.000  0.000  0.000 0.0000000000
63532  0.000  0.000  0.000 0.0000000000
63533  0.000  0.000  0.000 0.0000000000
63534  0.000  0.000  0.000 0.0000000000
63535  0.000  0.000  0.000 0.0000000000
63547  0.000  0.000  0.000 0.0000000000
63548  0.000  0.000  0.000 0.0000000000
63549  0.000  0.000  0.000 0.0000000000
63562  0.000  0.000  0.000 0.0000000000
63563  0.000  0.000  0.000 0.0000000000
63564  0.000  0.000  0.000 0.0000000000
63570  0.000  0.000  0.000 0.0000000000
63571  0.000  0.000  0.000 0.0000000000
63577  0.000  0.000  0.000 0.0000000000
63584  0.000  0.000  0.000 0.0000000000
63585  0.000  0.000  0.000 0.0000000000
63594  0.000  0.000  0.000 0.0000000000
63598  0.000  0.000  0.000 0.0000000000
64194  0.000  0.000  0.000 0.0000000000
64195  0.000  0.000  0.000 0.0000000000
64196  0.000  0.000  0.000 0.0000000000
64197  0.000  0.000  0.000 0.0000000000
64203  0.000  0.000  0.000 0.0000000000
64204  0.000  0.000  0.000 0.0000000000
64205  0.000  0.000  0.000 0.0000000000
64218  0.000  0.000  0.000 0.0000000000
64219  0.000  0.000  0.000 0.0000000000
64220  0.000  0.000  0.000 0.0000000000
64227  0.000  0.000  0.000 0.0000000000
64233  0.000  0.000  0.000 0.0000000000
64241  0.000  0.000  0.000 0.0000000000
64242  0.000  0.000  0.000 0.0000000000
64252  0.000  0.000  0.000 0.0000000000
64253  0.000  0.000  0.000 0.0000000000
64844  0.000  0.000  0.000 0.0000000000
64845  0.000  0.000  0.000 0.0000000000
64846  0.000  0.000  0.000 0.0000000000
64847  0.000  0.000  0.000 0.0000000000
64852  0.000  0.000  0.000 0.0000000000
64853  0.000  0.000  0.000 0.0000000000
64854  0.000  0.000  0.000 0.0000000000
64865  0.000  0.000  0.000 0.0000000000
64866  0.000  0.000  0.000 0.0000000000
64867  0.000  0.000  0.000 0.0000000000
64875  0.000  0.000  0.000 0.0000000000
64882  0.000  0.000  0.000 0.0000000000
64888  0.000  0.000  0.000 0.0000000000
64889  0.000  0.000  0.000 0.0000000000
64899  0.000  0.000  0.000 0.0000000000
65527  0.000  0.000  0.000 0.0000000000
65528  0.000  0.000  0.000 0.0000000000
65529  0.000  0.000  0.000 0.0000000000
65530  0.000  0.000  0.000 0.0000000000
65537  0.000  0.000  0.000 0.0000000000
65538  0.000  0.000  0.000 0.0000000000
65539  0.000  0.000  0.000 0.0000000000
65549  0.000  0.000  0.000 0.0000000000
65550  0.000  0.000  0.000 0.0000000000
65551  0.000  0.000  0.000 0.0000000000
65558  0.000  0.000  0.000 0.0000000000
65567  0.000  0.000  0.000 0.0000000000
65576  0.000  0.000  0.000 0.0000000000
65577  0.000  0.000  0.000 0.0000000000
65587  0.000  0.000  0.000 0.0000000000
66208  0.000  0.000  0.000 0.0000000000
66209  0.000  0.000  0.000 0.0000000000
66210  0.000  0.000  0.000 0.0000000000
66211  0.000  0.000  0.000 0.0000000000
66217  0.000  0.000  0.000 0.0000000000
66218  0.000  0.000  0.000 0.0000000000
66219  0.000  0.000  0.000 0.0000000000
66228  0.000  0.000  0.000 0.0000000000
66229  0.000  0.000  0.000 0.0000000000
66230  0.000  0.000  0.000 0.0000000000
66239  0.000  0.000  0.000 0.0000000000
66240  0.000  0.000  0.000 0.0000000000
66248  0.000  0.000  0.000 0.0000000000
66256  0.000  0.000  0.000 0.0000000000
66257  0.000  0.000  0.000 0.0000000000
66266  0.000  0.000  0.000 0.0000000000
66875  0.000  0.000  0.000 0.0000000000
66876  0.000  0.000  0.000 0.0000000000
66881  0.000  0.000  0.000 0.0000000000
66882  0.000  0.000  0.000 0.0000000000
66883  0.000  0.000  0.000 0.0000000000
66884  0.000  0.000  0.000 0.0000000000
66889  0.000  0.000  0.000 0.0000000000
66890  0.000  0.000  0.000 0.0000000000
66891  0.000  0.000  0.000 0.0000000000
66897  0.000  0.000  0.000 0.0000000000
66898  0.000  0.000  0.000 0.0000000000
66906  0.000  0.000  0.000 0.0000000000
66907  0.000  0.000  0.000 0.0000000000
66915  0.000  0.000  0.000 0.0000000000
66924  0.000  0.000  0.000 0.0000000000
66925  0.000  0.000  0.000 0.0000000000
66933  0.000  0.000  0.000 0.0000000000
67561  0.000  0.000  0.000 0.0000000000
67562  0.000  0.000  0.000 0.0000000000
67563  0.000  0.000  0.000 0.0000000000
67569  0.000  0.000  0.000 0.0000000000
67570  0.000  0.000  0.000 0.0000000000
67571  0.000  0.000  0.000 0.0000000000
67572  0.000  0.000  0.000 0.0000000000
67573  0.000  0.000  0.000 0.0000000000
67579  0.000  0.000  0.000 0.0000000000
67580  0.000  0.000  0.000 0.0000000000
67581  0.000  0.000  0.000 0.0000000000
67588  0.000  0.000  0.000 0.0000000000
67589  0.000  0.000  0.000 0.0000000000
67598  0.000  0.000  0.000 0.0000000000
67599  0.000  0.000  0.000 0.0000000000
67608  0.000  0.000  0.000 0.0000000000
67609  0.000  0.000  0.000 0.0000000000
67621  0.000  0.000  0.000 0.0000000000
67622  0.000  0.000  0.000 0.0000000000
67629  0.000  0.000  0.000 0.0000000000
68220  0.000  0.000  0.000 0.0000000000
68221  0.000  0.000  0.000 0.0000000000
68222  0.000  0.000  0.000 0.0000000000
68223  0.000  0.000  0.000 0.0000000000
68228  0.000  0.000  0.000 0.0000000000
68229  0.000  0.000  0.000 0.0000000000
68230  0.000  0.000  0.000 0.0000000000
68231  0.000  0.000  0.000 0.0000000000
68236  0.000  0.000  0.000 0.0000000000
68237  0.000  0.000  0.000 0.0000000000
68242  0.000  0.000  0.000 0.0000000000
68243  0.000  0.000  0.000 0.0000000000
68252  0.000  0.000  0.000 0.0000000000
68263  0.000  0.000  0.000 0.0000000000
68264  0.000  0.000  0.000 0.0000000000
68277  0.000  0.000  0.000 0.0000000000
68278  0.000  0.000  0.000 0.0000000000
68281  0.000  0.000  0.000 0.0000000000
68888  0.000  0.000  0.000 0.0000000000
68889  0.000  0.000  0.000 0.0000000000
68893  0.000  0.000  0.000 0.0000000000
68894  0.000  0.000  0.000 0.0000000000
68895  0.000  0.000  0.000 0.0000000000
68896  0.000  0.000  0.000 0.0000000000
68901  0.000  0.000  0.000 0.0000000000
68902  0.000  0.000  0.000 0.0000000000
68903  0.000  0.000  0.000 0.0000000000
68908  0.000  0.000  0.000 0.0000000000
68909  0.000  0.000  0.000 0.0000000000
68916  0.000  0.000  0.000 0.0000000000
68925  0.000  0.000  0.000 0.0000000000
68936  0.000  0.000  0.000 0.0000000000
68937  0.000  0.000  0.000 0.0000000000
68947  0.000  0.000  0.000 0.0000000000
68948  0.000  0.000  0.000 0.0000000000
68952  0.000  0.000  0.000 0.0000000000
69513  0.000  0.000  0.000 0.0000000000
69514  0.000  0.000  0.000 0.0000000000
69522  0.000  0.000  0.000 0.0000000000
69523  0.000  0.000  0.000 0.0000000000
69524  0.000  0.000  0.000 0.0000000000
69525  0.000  0.000  0.000 0.0000000000
69531  0.000  0.000  0.000 0.0000000000
69532  0.000  0.000  0.000 0.0000000000
69539  0.000  0.000  0.000 0.0000000000
69548  0.000  0.000  0.000 0.0000000000
69558  0.000  0.000  0.000 0.0000000000
69570  0.000  0.000  0.000 0.0000000000
69571  0.000  0.000  0.000 0.0000000000
69578  0.000  0.000  0.000 0.0000000000
69579  0.000  0.000  0.000 0.0000000000
69582  0.000  0.000  0.000 0.0000000000
70143  0.000  0.000  0.000 0.0000000000
70155  0.000  0.000  0.000 0.0000000000
70156  0.000  0.000  0.000 0.0000000000
70166  0.000  0.000  0.000 0.0000000000
70167  0.000  0.000  0.000 0.0000000000
70174  0.000  0.000  0.000 0.0000000000
70182  0.000  0.000  0.000 0.0000000000
70197  0.000  0.000  0.000 0.0000000000
70207  0.000  0.000  0.000 0.0000000000
70210  0.000  0.000  0.000 0.0000000000
70212  0.000  0.000  0.000 0.0000000000
70726  0.000  0.000  0.000 0.0000000000
70739  0.000  0.000  0.000 0.0000000000
70751  0.000  0.000  0.000 0.0000000000
70752  0.000  0.000  0.000 0.0000000000
70760  0.000  0.000  0.000 0.0000000000
70770  0.000  0.000  0.000 0.0000000000
70784  0.000  0.000  0.000 0.0000000000
70786  0.000  0.000  0.000 0.0000000000
70789  0.000  0.000  0.000 0.0000000000
70791  0.000  0.000  0.000 0.0000000000
71339  0.000  0.000  0.000 0.0000000000
71352  0.000  0.000  0.000 0.0000000000
71365  0.000  0.000  0.000 0.0000000000
71366  0.000  0.000  0.000 0.0000000000
71380  0.000  0.000  0.000 0.0000000000
71381  0.000  0.000  0.000 0.0000000000
71397  0.000  0.000  0.000 0.0000000000
71408  0.000  0.000  0.000 0.0000000000
71410  0.000  0.000  0.000 0.0000000000
71413  0.000  0.000  0.000 0.0000000000
71415  0.000  0.000  0.000 0.0000000000
71961  0.000  0.000  0.000 0.0000000000
71974  0.000  0.000  0.000 0.0000000000
71991  0.000  0.000  0.000 0.0000000000
72010  0.000  0.000  0.000 0.0000000000
72011  0.000  0.000  0.000 0.0000000000
72027  0.000  0.000  0.000 0.0000000000
72028  0.000  0.000  0.000 0.0000000000
72031  0.000  0.000  0.000 0.0000000000
72033  0.000  0.000  0.000 0.0000000000
72036  0.000  0.000  0.000 0.0000000000
72039  0.000  0.000  0.000 0.0000000000
72551  0.000  0.000  0.000 0.0000000000
72564  0.000  0.000  0.000 0.0000000000
72565  0.000  0.000  0.000 0.0000000000
72578  0.000  0.000  0.000 0.0000000000
72594  0.000  0.000  0.000 0.0000000000
72609  0.000  0.000  0.000 0.0000000000
72610  0.000  0.000  0.000 0.0000000000
72613  0.000  0.000  0.000 0.0000000000
72616  0.000  0.000  0.000 0.0000000000
72618  0.000  0.000  0.000 0.0000000000
72621  0.000  0.000  0.000 0.0000000000
73130  0.000  0.000  0.000 0.0000000000
73131  0.000  0.000  0.000 0.0000000000
73142  0.000  0.000  0.000 0.0000000000
73143  0.000  0.000  0.000 0.0000000000
73157  0.000  0.000  0.000 0.0000000000
73173  0.000  0.000  0.000 0.0000000000
73174  0.000  0.000  0.000 0.0000000000
73178  0.000  0.000  0.000 0.0000000000
73181  0.000  0.000  0.000 0.0000000000
73184  0.000  0.000  0.000 0.0000000000
73187  0.000  0.000  0.000 0.0000000000
73685  0.000  0.000  0.000 0.0000000000
73686  0.000  0.000  0.000 0.0000000000
73701  0.000  0.000  0.000 0.0000000000
73718  0.000  0.000  0.000 0.0000000000
73719  0.000  0.000  0.000 0.0000000000
73726  0.000  0.000  0.000 0.0000000000
73727  0.000  0.000  0.000 0.0000000000
73729  0.000  0.000  0.000 0.0000000000
73732  0.000  0.000  0.000 0.0000000000
73733  0.000  0.000  0.000 0.0000000000
73735  0.000  0.000  0.000 0.0000000000
73736  0.000  0.000  0.000 0.0000000000
74203  0.000  0.000  0.000 0.0000000000
74218  0.000  0.000  0.000 0.0000000000
74232  0.000  0.000  0.000 0.0000000000
74241  0.000  0.000  0.000 0.0000000000
74242  0.000  0.000  0.000 0.0000000000
74244  0.000  0.000  0.000 0.0000000000
74247  0.000  0.000  0.000 0.0000000000
74248  0.000  0.000  0.000 0.0000000000
74251  0.000  0.000  0.000 0.0000000000
74252  0.000  0.000  0.000 0.0000000000
74828  0.000  0.000  0.000 0.0000000000
74839  0.000  0.000  0.000 0.0000000000
74849  0.000  0.000  0.000 0.0000000000
74850  0.000  0.000  0.000 0.0000000000
74857  0.000  0.000  0.000 0.0000000000
74859  0.000  0.000  0.000 0.0000000000
74860  0.000  0.000  0.000 0.0000000000
74863  0.000  0.000  0.000 0.0000000000
74864  0.000  0.000  0.000 0.0000000000
74867  0.000  0.000  0.000 0.0000000000
74868  0.000  0.000  0.000 0.0000000000
75412  0.000  0.000  0.000 0.0000000000
75421  0.000  0.000  0.000 0.0000000000
75422  0.000  0.000  0.000 0.0000000000
75431  0.000  0.000  0.000 0.0000000000
75433  0.000  0.000  0.000 0.0000000000
75434  0.000  0.000  0.000 0.0000000000
75437  0.000  0.000  0.000 0.0000000000
75440  0.000  0.000  0.000 0.0000000000
75441  0.000  0.000  0.000 0.0000000000
75981  0.000  0.000  0.000 0.0000000000
75989  0.000  0.000  0.000 0.0000000000
75990  0.000  0.000  0.000 0.0000000000
75999  0.000  0.000  0.000 0.0000000000
76000  0.000  0.000  0.000 0.0000000000
76004  0.000  0.000  0.000 0.0000000000
76005  0.000  0.000  0.000 0.0000000000
76008  0.000  0.000  0.000 0.0000000000
76011  0.000  0.000  0.000 0.0000000000
76554  0.000  0.000  0.000 0.0000000000
76562  0.000  0.000  0.000 0.0000000000
76574  0.000  0.000  0.000 0.0000000000
76575  0.000  0.000  0.000 0.0000000000
76582  0.000  0.000  0.000 0.0000000000
76583  0.000  0.000  0.000 0.0000000000
76586  0.000  0.000  0.000 0.0000000000
76589  0.000  0.000  0.000 0.0000000000
77120  0.000  0.000  0.000 0.0000000000
77121  0.000  0.000  0.000 0.0000000000
77130  0.000  0.000  0.000 0.0000000000
77131  0.000  0.000  0.000 0.0000000000
77134  0.000  0.000  0.000 0.0000000000
77135  0.000  0.000  0.000 0.0000000000
77138  0.000  0.000  0.000 0.0000000000
77141  0.000  0.000  0.000 0.0000000000
77673  0.000  0.000  0.000 0.0000000000
77674  0.000  0.000  0.000 0.0000000000
77684  0.000  0.000  0.000 0.0000000000
77689  0.000  0.000  0.000 0.0000000000
77690  0.000  0.000  0.000 0.0000000000
77693  0.000  0.000  0.000 0.0000000000
77696  0.000  0.000  0.000 0.0000000000
78222  0.000  0.000  0.000 0.0000000000
78223  0.000  0.000  0.000 0.0000000000
78236  0.000  0.000  0.000 0.0000000000
78237  0.000  0.000  0.000 0.0000000000
78244  0.000  0.000  0.000 0.0000000000
78245  0.000  0.000  0.000 0.0000000000
78248  0.000  0.000  0.000 0.0000000000
78251  0.000  0.000  0.000 0.0000000000
78753  0.000  0.000  0.000 0.0000000000
78754  0.000  0.000  0.000 0.0000000000
78763  0.000  0.000  0.000 0.0000000000
78764  0.000  0.000  0.000 0.0000000000
78767  0.000  0.000  0.000 0.0000000000
78770  0.000  0.000  0.000 0.0000000000
78773  0.000  0.000  0.000 0.0000000000
79312  0.000  0.000  0.000 0.0000000000
79313  0.000  0.000  0.000 0.0000000000
79323  0.000  0.000  0.000 0.0000000000
79324  0.000  0.000  0.000 0.0000000000
79326  0.000  0.000  0.000 0.0000000000
79327  0.000  0.000  0.000 0.0000000000
79330  0.000  0.000  0.000 0.0000000000
79334  0.000  0.000  0.000 0.0000000000
79813  0.000  0.000  0.000 0.0000000000
79814  0.000  0.000  0.000 0.0000000000
79827  0.000  0.000  0.000 0.0000000000
79828  0.000  0.000  0.000 0.0000000000
79835  0.000  0.000  0.000 0.0000000000
79836  0.000  0.000  0.000 0.0000000000
79839  0.000  0.000  0.000 0.0000000000
79842  0.000  0.000  0.000 0.0000000000
79845  0.000  0.000  0.000 0.0000000000
80342  0.000  0.000  0.000 0.0000000000
80352  0.000  0.000  0.000 0.0000000000
80353  0.000  0.000  0.000 0.0000000000
80360  0.000  0.000  0.000 0.0000000000
80361  0.000  0.000  0.000 0.0000000000
80364  0.000  0.000  0.000 0.0000000000
80365  0.000  0.000  0.000 0.0000000000
80368  0.000  0.000  0.000 0.0000000000
80371  0.000  0.000  0.000 0.0000000000
80854  0.000  0.000  0.000 0.0000000000
80855  0.000  0.000  0.000 0.0000000000
80865  0.000  0.000  0.000 0.0000000000
80866  0.000  0.000  0.000 0.0000000000
80869  0.000  0.000  0.000 0.0000000000
80870  0.000  0.000  0.000 0.0000000000
80872  0.000  0.000  0.000 0.0000000000
80874  0.000  0.000  0.000 0.0000000000
80877  0.000  0.000  0.000 0.0000000000
81363  0.000  0.000  0.000 0.0000000000
81364  0.000  0.000  0.000 0.0000000000
81366  0.000  0.000  0.000 0.0000000000
81367  0.000  0.000  0.000 0.0000000000
81369  0.000  0.000  0.000 0.0000000000
81370  0.000  0.000  0.000 0.0000000000
81373  0.000  0.000  0.000 0.0000000000
81376  0.000  0.000  0.000 0.0000000000
81840  0.000  0.000  0.000 0.0000000000
81841  0.000  0.000  0.000 0.0000000000
81846  0.000  0.000  0.000 0.0000000000
81849  0.000  0.000  0.000 0.0000000000
81850  0.000  0.000  0.000 0.0000000000
81853  0.000  0.000  0.000 0.0000000000
81854  0.000  0.000  0.000 0.0000000000
81856  0.000  0.000  0.000 0.0000000000
81859  0.000  0.000  0.000 0.0000000000
82357  0.000  0.000  0.000 0.0000000000
82358  0.000  0.000  0.000 0.0000000000
82371  0.000  0.000  0.000 0.0000000000
82372  0.000  0.000  0.000 0.0000000000
82380  0.000  0.000  0.000 0.0000000000
82388  0.000  0.000  0.000 0.0000000000
82389  0.000  0.000  0.000 0.0000000000
82399  0.000  0.000  0.000 0.0000000000
82400  0.000  0.000  0.000 0.0000000000
82413  0.000  0.000  0.000 0.0000000000
82967  0.000  0.000  0.000 0.0000000000
82968  0.000  0.000  0.000 0.0000000000
82977  0.000  0.000  0.000 0.0000000000
82987  0.000  0.000  0.000 0.0000000000
82997  0.000  0.000  0.000 0.0000000000
82998  0.000  0.000  0.000 0.0000000000
83010  0.000  0.000  0.000 0.0000000000
83011  0.000  0.000  0.000 0.0000000000
83618  0.000  0.000  0.000 0.0000000000
83619  0.000  0.000  0.000 0.0000000000
83627  0.000  0.000  0.000 0.0000000000
83628  0.000  0.000  0.000 0.0000000000
83636  0.000  0.000  0.000 0.0000000000
83645  0.000  0.000  0.000 0.0000000000
83658  0.000  0.000  0.000 0.0000000000
83659  0.000  0.000  0.000 0.0000000000
83675  0.000  0.000  0.000 0.0000000000
83676  0.000  0.000  0.000 0.0000000000
83686  0.000  0.000  0.000 0.0000000000
83694  0.000  0.000  0.000 0.0000000000
84277  0.000  0.000  0.000 0.0000000000
84278  0.000  0.000  0.000 0.0000000000
84286  0.000  0.000  0.000 0.0000000000
84287  0.000  0.000  0.000 0.0000000000
84295  0.000  0.000  0.000 0.0000000000
84296  0.000  0.000  0.000 0.0000000000
84304  0.000  0.000  0.000 0.0000000000
84305  0.000  0.000  0.000 0.0000000000
84315  0.000  0.000  0.000 0.0000000000
84316  0.000  0.000  0.000 0.0000000000
84317  0.000  0.000  0.000 0.0000000000
84330  0.000  0.000  0.000 0.0000000000
84331  0.000  0.000  0.000 0.0000000000
84332  0.000  0.000  0.000 0.0000000000
84341  0.000  0.000  0.000 0.0000000000
84342  0.000  0.000  0.000 0.0000000000
84343  0.000  0.000  0.000 0.0000000000
84348  0.000  0.000  0.000 0.0000000000
84349  0.000  0.000  0.000 0.0000000000
84350  0.000  0.000  0.000 0.0000000000
84358  0.000  0.000  0.000 0.0000000000
84359  0.000  0.000  0.000 0.0000000000
84366  0.000  0.000  0.000 0.0000000000
84367  0.000  0.000  0.000 0.0000000000
84370  0.000  0.000  0.000 0.0000000000
84371  0.000  0.000  0.000 0.0000000000
84374  0.000  0.000  0.000 0.0000000000
84375  0.000  0.000  0.000 0.0000000000
84378  0.000  0.000  0.000 0.0000000000
84379  0.000  0.000  0.000 0.0000000000
84383  0.000  0.000  0.000 0.0000000000
84384  0.000  0.000  0.000 0.0000000000
84387  0.000  0.000  0.000 0.0000000000
84388  0.000  0.000  0.000 0.0000000000
84391  0.000  0.000  0.000 0.0000000000
84392  0.000  0.000  0.000 0.0000000000
84395  0.000  0.000  0.000 0.0000000000
84396  0.000  0.000  0.000 0.0000000000
84399  0.000  0.000  0.000 0.0000000000
84400  0.000  0.000  0.000 0.0000000000
84404  0.000  0.000  0.000 0.0000000000
84405  0.000  0.000  0.000 0.0000000000
84410  0.000  0.000  0.000 0.0000000000
84963  0.000  0.000  0.000 0.0000000000
84972  0.000  0.000  0.000 0.0000000000
84973  0.000  0.000  0.000 0.0000000000
84974  0.000  0.000  0.000 0.0000000000
84981  0.000  0.000  0.000 0.0000000000
84982  0.000  0.000  0.000 0.0000000000
84992  0.000  0.000  0.000 0.0000000000
84993  0.000  0.000  0.000 0.0000000000
84994  0.000  0.000  0.000 0.0000000000
85006  0.000  0.000  0.000 0.0000000000
85007  0.000  0.000  0.000 0.0000000000
85008  0.000  0.000  0.000 0.0000000000
85017  0.000  0.000  0.000 0.0000000000
85018  0.000  0.000  0.000 0.0000000000
85019  0.000  0.000  0.000 0.0000000000
85027  0.000  0.000  0.000 0.0000000000
85028  0.000  0.000  0.000 0.0000000000
85029  0.000  0.000  0.000 0.0000000000
85037  0.000  0.000  0.000 0.0000000000
85038  0.000  0.000  0.000 0.0000000000
85039  0.000  0.000  0.000 0.0000000000
85045  0.000  0.000  0.000 0.0000000000
85046  0.000  0.000  0.000 0.0000000000
85047  0.000  0.000  0.000 0.0000000000
85049  0.000  0.000  0.000 0.0000000000
85050  0.000  0.000  0.000 0.0000000000
85051  0.000  0.000  0.000 0.0000000000
85054  0.000  0.000  0.000 0.0000000000
85055  0.000  0.000  0.000 0.0000000000
85056  0.000  0.000  0.000 0.0000000000
85058  0.000  0.000  0.000 0.0000000000
85059  0.000  0.000  0.000 0.0000000000
85062  0.000  0.000  0.000 0.0000000000
85063  0.000  0.000  0.000 0.0000000000
85066  0.000  0.000  0.000 0.0000000000
85067  0.000  0.000  0.000 0.0000000000
85071  0.000  0.000  0.000 0.0000000000
85072  0.000  0.000  0.000 0.0000000000
85076  0.000  0.000  0.000 0.0000000000
85077  0.000  0.000  0.000 0.0000000000
85081  0.000  0.000  0.000 0.0000000000
85082  0.000  0.000  0.000 0.0000000000
85088  0.000  0.000  0.000 0.0000000000
85089  0.000  0.000  0.000 0.0000000000
85097  0.000  0.000  0.000 0.0000000000
85711  0.000  0.000  0.000 0.0000000000
85720  0.000  0.000  0.000 0.0000000000
85731  0.000  0.000  0.000 0.0000000000
85741  0.000  0.000  0.000 0.0000000000
85775  0.000  0.000  0.000 0.0000000000
85779  0.000  0.000  0.000 0.0000000000
85783  0.000  0.000  0.000 0.0000000000
85787  0.000  0.000  0.000 0.0000000000
85791  0.000  0.000  0.000 0.0000000000
