#!ascii label  , from subject Woofsurfer vox2ras=TkReg coords=white
572
29944  0.000  0.000  0.000 0.0000000000
29955  0.000  0.000  0.000 0.0000000000
29963  0.000  0.000  0.000 0.0000000000
29970  0.000  0.000  0.000 0.0000000000
29971  0.000  0.000  0.000 0.0000000000
29978  0.000  0.000  0.000 0.0000000000
30566  0.000  0.000  0.000 0.0000000000
30567  0.000  0.000  0.000 0.0000000000
30568  0.000  0.000  0.000 0.0000000000
30569  0.000  0.000  0.000 0.0000000000
30570  0.000  0.000  0.000 0.0000000000
30579  0.000  0.000  0.000 0.0000000000
30580  0.000  0.000  0.000 0.0000000000
30581  0.000  0.000  0.000 0.0000000000
30747  0.000  0.000  0.000 0.0000000000
30750  0.000  0.000  0.000 0.0000000000
30754  0.000  0.000  0.000 0.0000000000
30755  0.000  0.000  0.000 0.0000000000
30762  0.000  0.000  0.000 0.0000000000
30763  0.000  0.000  0.000 0.0000000000
30775  0.000  0.000  0.000 0.0000000000
30776  0.000  0.000  0.000 0.0000000000
30788  0.000  0.000  0.000 0.0000000000
30789  0.000  0.000  0.000 0.0000000000
30798  0.000  0.000  0.000 0.0000000000
30799  0.000  0.000  0.000 0.0000000000
30808  0.000  0.000  0.000 0.0000000000
30809  0.000  0.000  0.000 0.0000000000
30817  0.000  0.000  0.000 0.0000000000
30824  0.000  0.000  0.000 0.0000000000
30825  0.000  0.000  0.000 0.0000000000
31324  0.000  0.000  0.000 0.0000000000
31325  0.000  0.000  0.000 0.0000000000
31326  0.000  0.000  0.000 0.0000000000
31327  0.000  0.000  0.000 0.0000000000
31328  0.000  0.000  0.000 0.0000000000
31329  0.000  0.000  0.000 0.0000000000
31332  0.000  0.000  0.000 0.0000000000
31333  0.000  0.000  0.000 0.0000000000
31334  0.000  0.000  0.000 0.0000000000
31335  0.000  0.000  0.000 0.0000000000
31336  0.000  0.000  0.000 0.0000000000
31337  0.000  0.000  0.000 0.0000000000
31338  0.000  0.000  0.000 0.0000000000
31339  0.000  0.000  0.000 0.0000000000
31344  0.000  0.000  0.000 0.0000000000
31345  0.000  0.000  0.000 0.0000000000
31346  0.000  0.000  0.000 0.0000000000
31347  0.000  0.000  0.000 0.0000000000
31348  0.000  0.000  0.000 0.0000000000
31349  0.000  0.000  0.000 0.0000000000
31350  0.000  0.000  0.000 0.0000000000
31355  0.000  0.000  0.000 0.0000000000
31356  0.000  0.000  0.000 0.0000000000
31357  0.000  0.000  0.000 0.0000000000
31358  0.000  0.000  0.000 0.0000000000
31359  0.000  0.000  0.000 0.0000000000
31360  0.000  0.000  0.000 0.0000000000
31361  0.000  0.000  0.000 0.0000000000
31369  0.000  0.000  0.000 0.0000000000
31370  0.000  0.000  0.000 0.0000000000
31371  0.000  0.000  0.000 0.0000000000
31372  0.000  0.000  0.000 0.0000000000
31373  0.000  0.000  0.000 0.0000000000
31374  0.000  0.000  0.000 0.0000000000
31375  0.000  0.000  0.000 0.0000000000
31376  0.000  0.000  0.000 0.0000000000
31377  0.000  0.000  0.000 0.0000000000
31378  0.000  0.000  0.000 0.0000000000
31387  0.000  0.000  0.000 0.0000000000
31388  0.000  0.000  0.000 0.0000000000
31389  0.000  0.000  0.000 0.0000000000
31390  0.000  0.000  0.000 0.0000000000
31391  0.000  0.000  0.000 0.0000000000
31392  0.000  0.000  0.000 0.0000000000
31393  0.000  0.000  0.000 0.0000000000
31394  0.000  0.000  0.000 0.0000000000
31395  0.000  0.000  0.000 0.0000000000
31409  0.000  0.000  0.000 0.0000000000
31410  0.000  0.000  0.000 0.0000000000
31411  0.000  0.000  0.000 0.0000000000
31412  0.000  0.000  0.000 0.0000000000
31413  0.000  0.000  0.000 0.0000000000
31414  0.000  0.000  0.000 0.0000000000
31415  0.000  0.000  0.000 0.0000000000
31416  0.000  0.000  0.000 0.0000000000
31426  0.000  0.000  0.000 0.0000000000
31427  0.000  0.000  0.000 0.0000000000
31428  0.000  0.000  0.000 0.0000000000
31429  0.000  0.000  0.000 0.0000000000
31430  0.000  0.000  0.000 0.0000000000
31431  0.000  0.000  0.000 0.0000000000
31432  0.000  0.000  0.000 0.0000000000
31433  0.000  0.000  0.000 0.0000000000
31437  0.000  0.000  0.000 0.0000000000
31438  0.000  0.000  0.000 0.0000000000
31439  0.000  0.000  0.000 0.0000000000
31440  0.000  0.000  0.000 0.0000000000
31441  0.000  0.000  0.000 0.0000000000
31442  0.000  0.000  0.000 0.0000000000
31443  0.000  0.000  0.000 0.0000000000
31447  0.000  0.000  0.000 0.0000000000
31448  0.000  0.000  0.000 0.0000000000
31449  0.000  0.000  0.000 0.0000000000
31450  0.000  0.000  0.000 0.0000000000
31451  0.000  0.000  0.000 0.0000000000
31452  0.000  0.000  0.000 0.0000000000
31453  0.000  0.000  0.000 0.0000000000
31454  0.000  0.000  0.000 0.0000000000
31456  0.000  0.000  0.000 0.0000000000
31457  0.000  0.000  0.000 0.0000000000
31458  0.000  0.000  0.000 0.0000000000
31459  0.000  0.000  0.000 0.0000000000
31460  0.000  0.000  0.000 0.0000000000
31461  0.000  0.000  0.000 0.0000000000
31462  0.000  0.000  0.000 0.0000000000
31465  0.000  0.000  0.000 0.0000000000
31466  0.000  0.000  0.000 0.0000000000
31467  0.000  0.000  0.000 0.0000000000
31468  0.000  0.000  0.000 0.0000000000
31469  0.000  0.000  0.000 0.0000000000
31470  0.000  0.000  0.000 0.0000000000
31474  0.000  0.000  0.000 0.0000000000
31475  0.000  0.000  0.000 0.0000000000
31476  0.000  0.000  0.000 0.0000000000
31477  0.000  0.000  0.000 0.0000000000
31478  0.000  0.000  0.000 0.0000000000
31485  0.000  0.000  0.000 0.0000000000
31486  0.000  0.000  0.000 0.0000000000
31487  0.000  0.000  0.000 0.0000000000
31488  0.000  0.000  0.000 0.0000000000
31501  0.000  0.000  0.000 0.0000000000
31502  0.000  0.000  0.000 0.0000000000
31503  0.000  0.000  0.000 0.0000000000
31504  0.000  0.000  0.000 0.0000000000
31516  0.000  0.000  0.000 0.0000000000
31517  0.000  0.000  0.000 0.0000000000
31518  0.000  0.000  0.000 0.0000000000
31529  0.000  0.000  0.000 0.0000000000
31530  0.000  0.000  0.000 0.0000000000
31531  0.000  0.000  0.000 0.0000000000
31532  0.000  0.000  0.000 0.0000000000
31541  0.000  0.000  0.000 0.0000000000
31542  0.000  0.000  0.000 0.0000000000
31543  0.000  0.000  0.000 0.0000000000
31551  0.000  0.000  0.000 0.0000000000
31552  0.000  0.000  0.000 0.0000000000
31553  0.000  0.000  0.000 0.0000000000
31554  0.000  0.000  0.000 0.0000000000
31560  0.000  0.000  0.000 0.0000000000
31561  0.000  0.000  0.000 0.0000000000
31562  0.000  0.000  0.000 0.0000000000
31563  0.000  0.000  0.000 0.0000000000
31564  0.000  0.000  0.000 0.0000000000
31566  0.000  0.000  0.000 0.0000000000
31567  0.000  0.000  0.000 0.0000000000
31568  0.000  0.000  0.000 0.0000000000
31569  0.000  0.000  0.000 0.0000000000
31571  0.000  0.000  0.000 0.0000000000
31572  0.000  0.000  0.000 0.0000000000
31573  0.000  0.000  0.000 0.0000000000
31575  0.000  0.000  0.000 0.0000000000
31576  0.000  0.000  0.000 0.0000000000
31577  0.000  0.000  0.000 0.0000000000
31579  0.000  0.000  0.000 0.0000000000
31580  0.000  0.000  0.000 0.0000000000
31581  0.000  0.000  0.000 0.0000000000
31583  0.000  0.000  0.000 0.0000000000
31584  0.000  0.000  0.000 0.0000000000
31585  0.000  0.000  0.000 0.0000000000
31592  0.000  0.000  0.000 0.0000000000
31593  0.000  0.000  0.000 0.0000000000
31594  0.000  0.000  0.000 0.0000000000
31600  0.000  0.000  0.000 0.0000000000
31601  0.000  0.000  0.000 0.0000000000
31605  0.000  0.000  0.000 0.0000000000
31606  0.000  0.000  0.000 0.0000000000
31607  0.000  0.000  0.000 0.0000000000
31608  0.000  0.000  0.000 0.0000000000
31609  0.000  0.000  0.000 0.0000000000
31610  0.000  0.000  0.000 0.0000000000
31611  0.000  0.000  0.000 0.0000000000
31612  0.000  0.000  0.000 0.0000000000
31613  0.000  0.000  0.000 0.0000000000
31614  0.000  0.000  0.000 0.0000000000
31619  0.000  0.000  0.000 0.0000000000
31620  0.000  0.000  0.000 0.0000000000
31622  0.000  0.000  0.000 0.0000000000
31623  0.000  0.000  0.000 0.0000000000
31627  0.000  0.000  0.000 0.0000000000
31628  0.000  0.000  0.000 0.0000000000
31629  0.000  0.000  0.000 0.0000000000
31631  0.000  0.000  0.000 0.0000000000
31632  0.000  0.000  0.000 0.0000000000
31636  0.000  0.000  0.000 0.0000000000
31637  0.000  0.000  0.000 0.0000000000
31640  0.000  0.000  0.000 0.0000000000
31641  0.000  0.000  0.000 0.0000000000
31645  0.000  0.000  0.000 0.0000000000
31646  0.000  0.000  0.000 0.0000000000
31647  0.000  0.000  0.000 0.0000000000
31650  0.000  0.000  0.000 0.0000000000
31651  0.000  0.000  0.000 0.0000000000
31655  0.000  0.000  0.000 0.0000000000
31656  0.000  0.000  0.000 0.0000000000
31660  0.000  0.000  0.000 0.0000000000
31661  0.000  0.000  0.000 0.0000000000
31665  0.000  0.000  0.000 0.0000000000
31671  0.000  0.000  0.000 0.0000000000
32156  0.000  0.000  0.000 0.0000000000
32157  0.000  0.000  0.000 0.0000000000
32158  0.000  0.000  0.000 0.0000000000
32159  0.000  0.000  0.000 0.0000000000
32164  0.000  0.000  0.000 0.0000000000
32165  0.000  0.000  0.000 0.0000000000
32166  0.000  0.000  0.000 0.0000000000
32172  0.000  0.000  0.000 0.0000000000
32173  0.000  0.000  0.000 0.0000000000
32174  0.000  0.000  0.000 0.0000000000
32180  0.000  0.000  0.000 0.0000000000
32181  0.000  0.000  0.000 0.0000000000
32182  0.000  0.000  0.000 0.0000000000
32183  0.000  0.000  0.000 0.0000000000
32184  0.000  0.000  0.000 0.0000000000
32191  0.000  0.000  0.000 0.0000000000
32192  0.000  0.000  0.000 0.0000000000
32193  0.000  0.000  0.000 0.0000000000
32194  0.000  0.000  0.000 0.0000000000
32195  0.000  0.000  0.000 0.0000000000
32205  0.000  0.000  0.000 0.0000000000
32206  0.000  0.000  0.000 0.0000000000
32207  0.000  0.000  0.000 0.0000000000
32235  0.000  0.000  0.000 0.0000000000
32236  0.000  0.000  0.000 0.0000000000
32237  0.000  0.000  0.000 0.0000000000
32238  0.000  0.000  0.000 0.0000000000
32239  0.000  0.000  0.000 0.0000000000
32240  0.000  0.000  0.000 0.0000000000
32241  0.000  0.000  0.000 0.0000000000
32242  0.000  0.000  0.000 0.0000000000
32269  0.000  0.000  0.000 0.0000000000
32270  0.000  0.000  0.000 0.0000000000
32271  0.000  0.000  0.000 0.0000000000
32272  0.000  0.000  0.000 0.0000000000
32273  0.000  0.000  0.000 0.0000000000
32274  0.000  0.000  0.000 0.0000000000
32275  0.000  0.000  0.000 0.0000000000
32298  0.000  0.000  0.000 0.0000000000
32299  0.000  0.000  0.000 0.0000000000
32300  0.000  0.000  0.000 0.0000000000
32301  0.000  0.000  0.000 0.0000000000
32302  0.000  0.000  0.000 0.0000000000
32326  0.000  0.000  0.000 0.0000000000
32327  0.000  0.000  0.000 0.0000000000
32328  0.000  0.000  0.000 0.0000000000
32329  0.000  0.000  0.000 0.0000000000
32330  0.000  0.000  0.000 0.0000000000
32331  0.000  0.000  0.000 0.0000000000
32332  0.000  0.000  0.000 0.0000000000
32333  0.000  0.000  0.000 0.0000000000
32354  0.000  0.000  0.000 0.0000000000
32355  0.000  0.000  0.000 0.0000000000
32356  0.000  0.000  0.000 0.0000000000
32357  0.000  0.000  0.000 0.0000000000
32358  0.000  0.000  0.000 0.0000000000
32359  0.000  0.000  0.000 0.0000000000
32360  0.000  0.000  0.000 0.0000000000
32382  0.000  0.000  0.000 0.0000000000
32383  0.000  0.000  0.000 0.0000000000
32384  0.000  0.000  0.000 0.0000000000
32385  0.000  0.000  0.000 0.0000000000
32386  0.000  0.000  0.000 0.0000000000
32387  0.000  0.000  0.000 0.0000000000
32388  0.000  0.000  0.000 0.0000000000
32410  0.000  0.000  0.000 0.0000000000
32411  0.000  0.000  0.000 0.0000000000
32412  0.000  0.000  0.000 0.0000000000
32413  0.000  0.000  0.000 0.0000000000
32414  0.000  0.000  0.000 0.0000000000
32415  0.000  0.000  0.000 0.0000000000
32416  0.000  0.000  0.000 0.0000000000
32436  0.000  0.000  0.000 0.0000000000
32437  0.000  0.000  0.000 0.0000000000
32438  0.000  0.000  0.000 0.0000000000
32439  0.000  0.000  0.000 0.0000000000
32440  0.000  0.000  0.000 0.0000000000
32441  0.000  0.000  0.000 0.0000000000
32442  0.000  0.000  0.000 0.0000000000
32468  0.000  0.000  0.000 0.0000000000
32469  0.000  0.000  0.000 0.0000000000
32470  0.000  0.000  0.000 0.0000000000
32471  0.000  0.000  0.000 0.0000000000
32472  0.000  0.000  0.000 0.0000000000
32473  0.000  0.000  0.000 0.0000000000
32474  0.000  0.000  0.000 0.0000000000
32503  0.000  0.000  0.000 0.0000000000
32504  0.000  0.000  0.000 0.0000000000
32505  0.000  0.000  0.000 0.0000000000
32506  0.000  0.000  0.000 0.0000000000
32507  0.000  0.000  0.000 0.0000000000
32508  0.000  0.000  0.000 0.0000000000
32509  0.000  0.000  0.000 0.0000000000
32510  0.000  0.000  0.000 0.0000000000
32511  0.000  0.000  0.000 0.0000000000
32536  0.000  0.000  0.000 0.0000000000
32537  0.000  0.000  0.000 0.0000000000
32538  0.000  0.000  0.000 0.0000000000
32539  0.000  0.000  0.000 0.0000000000
32540  0.000  0.000  0.000 0.0000000000
32541  0.000  0.000  0.000 0.0000000000
32542  0.000  0.000  0.000 0.0000000000
32543  0.000  0.000  0.000 0.0000000000
32565  0.000  0.000  0.000 0.0000000000
32566  0.000  0.000  0.000 0.0000000000
32567  0.000  0.000  0.000 0.0000000000
32568  0.000  0.000  0.000 0.0000000000
32569  0.000  0.000  0.000 0.0000000000
32570  0.000  0.000  0.000 0.0000000000
32571  0.000  0.000  0.000 0.0000000000
32572  0.000  0.000  0.000 0.0000000000
32593  0.000  0.000  0.000 0.0000000000
32594  0.000  0.000  0.000 0.0000000000
32595  0.000  0.000  0.000 0.0000000000
32596  0.000  0.000  0.000 0.0000000000
32597  0.000  0.000  0.000 0.0000000000
32598  0.000  0.000  0.000 0.0000000000
32599  0.000  0.000  0.000 0.0000000000
32600  0.000  0.000  0.000 0.0000000000
32601  0.000  0.000  0.000 0.0000000000
32619  0.000  0.000  0.000 0.0000000000
32620  0.000  0.000  0.000 0.0000000000
32621  0.000  0.000  0.000 0.0000000000
32622  0.000  0.000  0.000 0.0000000000
32623  0.000  0.000  0.000 0.0000000000
32624  0.000  0.000  0.000 0.0000000000
32625  0.000  0.000  0.000 0.0000000000
32626  0.000  0.000  0.000 0.0000000000
32627  0.000  0.000  0.000 0.0000000000
32628  0.000  0.000  0.000 0.0000000000
32629  0.000  0.000  0.000 0.0000000000
32630  0.000  0.000  0.000 0.0000000000
32631  0.000  0.000  0.000 0.0000000000
32632  0.000  0.000  0.000 0.0000000000
32633  0.000  0.000  0.000 0.0000000000
32634  0.000  0.000  0.000 0.0000000000
32635  0.000  0.000  0.000 0.0000000000
32636  0.000  0.000  0.000 0.0000000000
32642  0.000  0.000  0.000 0.0000000000
32643  0.000  0.000  0.000 0.0000000000
32644  0.000  0.000  0.000 0.0000000000
32645  0.000  0.000  0.000 0.0000000000
32646  0.000  0.000  0.000 0.0000000000
32647  0.000  0.000  0.000 0.0000000000
32648  0.000  0.000  0.000 0.0000000000
32649  0.000  0.000  0.000 0.0000000000
32650  0.000  0.000  0.000 0.0000000000
32651  0.000  0.000  0.000 0.0000000000
32652  0.000  0.000  0.000 0.0000000000
32653  0.000  0.000  0.000 0.0000000000
32654  0.000  0.000  0.000 0.0000000000
32655  0.000  0.000  0.000 0.0000000000
32656  0.000  0.000  0.000 0.0000000000
32657  0.000  0.000  0.000 0.0000000000
32658  0.000  0.000  0.000 0.0000000000
32659  0.000  0.000  0.000 0.0000000000
32660  0.000  0.000  0.000 0.0000000000
32665  0.000  0.000  0.000 0.0000000000
32666  0.000  0.000  0.000 0.0000000000
32667  0.000  0.000  0.000 0.0000000000
32668  0.000  0.000  0.000 0.0000000000
32669  0.000  0.000  0.000 0.0000000000
32670  0.000  0.000  0.000 0.0000000000
32671  0.000  0.000  0.000 0.0000000000
32672  0.000  0.000  0.000 0.0000000000
32673  0.000  0.000  0.000 0.0000000000
32674  0.000  0.000  0.000 0.0000000000
32675  0.000  0.000  0.000 0.0000000000
32676  0.000  0.000  0.000 0.0000000000
32677  0.000  0.000  0.000 0.0000000000
32678  0.000  0.000  0.000 0.0000000000
32679  0.000  0.000  0.000 0.0000000000
32680  0.000  0.000  0.000 0.0000000000
32681  0.000  0.000  0.000 0.0000000000
32682  0.000  0.000  0.000 0.0000000000
32683  0.000  0.000  0.000 0.0000000000
32684  0.000  0.000  0.000 0.0000000000
32685  0.000  0.000  0.000 0.0000000000
32686  0.000  0.000  0.000 0.0000000000
32688  0.000  0.000  0.000 0.0000000000
32689  0.000  0.000  0.000 0.0000000000
32690  0.000  0.000  0.000 0.0000000000
32691  0.000  0.000  0.000 0.0000000000
32692  0.000  0.000  0.000 0.0000000000
32693  0.000  0.000  0.000 0.0000000000
32694  0.000  0.000  0.000 0.0000000000
32695  0.000  0.000  0.000 0.0000000000
32696  0.000  0.000  0.000 0.0000000000
32697  0.000  0.000  0.000 0.0000000000
32698  0.000  0.000  0.000 0.0000000000
32699  0.000  0.000  0.000 0.0000000000
32700  0.000  0.000  0.000 0.0000000000
32701  0.000  0.000  0.000 0.0000000000
32702  0.000  0.000  0.000 0.0000000000
32703  0.000  0.000  0.000 0.0000000000
32704  0.000  0.000  0.000 0.0000000000
32705  0.000  0.000  0.000 0.0000000000
32706  0.000  0.000  0.000 0.0000000000
32707  0.000  0.000  0.000 0.0000000000
32708  0.000  0.000  0.000 0.0000000000
32709  0.000  0.000  0.000 0.0000000000
32710  0.000  0.000  0.000 0.0000000000
32712  0.000  0.000  0.000 0.0000000000
32713  0.000  0.000  0.000 0.0000000000
32714  0.000  0.000  0.000 0.0000000000
32715  0.000  0.000  0.000 0.0000000000
32716  0.000  0.000  0.000 0.0000000000
32717  0.000  0.000  0.000 0.0000000000
32718  0.000  0.000  0.000 0.0000000000
32719  0.000  0.000  0.000 0.0000000000
32720  0.000  0.000  0.000 0.0000000000
32721  0.000  0.000  0.000 0.0000000000
32722  0.000  0.000  0.000 0.0000000000
32723  0.000  0.000  0.000 0.0000000000
32724  0.000  0.000  0.000 0.0000000000
32725  0.000  0.000  0.000 0.0000000000
32726  0.000  0.000  0.000 0.0000000000
32727  0.000  0.000  0.000 0.0000000000
32728  0.000  0.000  0.000 0.0000000000
32729  0.000  0.000  0.000 0.0000000000
32730  0.000  0.000  0.000 0.0000000000
32731  0.000  0.000  0.000 0.0000000000
32732  0.000  0.000  0.000 0.0000000000
32733  0.000  0.000  0.000 0.0000000000
32734  0.000  0.000  0.000 0.0000000000
32735  0.000  0.000  0.000 0.0000000000
32737  0.000  0.000  0.000 0.0000000000
32738  0.000  0.000  0.000 0.0000000000
32739  0.000  0.000  0.000 0.0000000000
32740  0.000  0.000  0.000 0.0000000000
32741  0.000  0.000  0.000 0.0000000000
32742  0.000  0.000  0.000 0.0000000000
32743  0.000  0.000  0.000 0.0000000000
32744  0.000  0.000  0.000 0.0000000000
32745  0.000  0.000  0.000 0.0000000000
32746  0.000  0.000  0.000 0.0000000000
32747  0.000  0.000  0.000 0.0000000000
32748  0.000  0.000  0.000 0.0000000000
32749  0.000  0.000  0.000 0.0000000000
32750  0.000  0.000  0.000 0.0000000000
32751  0.000  0.000  0.000 0.0000000000
32752  0.000  0.000  0.000 0.0000000000
32753  0.000  0.000  0.000 0.0000000000
32754  0.000  0.000  0.000 0.0000000000
32755  0.000  0.000  0.000 0.0000000000
32756  0.000  0.000  0.000 0.0000000000
32757  0.000  0.000  0.000 0.0000000000
32758  0.000  0.000  0.000 0.0000000000
32759  0.000  0.000  0.000 0.0000000000
32760  0.000  0.000  0.000 0.0000000000
32761  0.000  0.000  0.000 0.0000000000
32764  0.000  0.000  0.000 0.0000000000
32765  0.000  0.000  0.000 0.0000000000
32766  0.000  0.000  0.000 0.0000000000
32767  0.000  0.000  0.000 0.0000000000
32768  0.000  0.000  0.000 0.0000000000
32769  0.000  0.000  0.000 0.0000000000
32770  0.000  0.000  0.000 0.0000000000
32771  0.000  0.000  0.000 0.0000000000
32772  0.000  0.000  0.000 0.0000000000
32773  0.000  0.000  0.000 0.0000000000
32774  0.000  0.000  0.000 0.0000000000
32775  0.000  0.000  0.000 0.0000000000
32776  0.000  0.000  0.000 0.0000000000
32777  0.000  0.000  0.000 0.0000000000
32778  0.000  0.000  0.000 0.0000000000
32779  0.000  0.000  0.000 0.0000000000
32780  0.000  0.000  0.000 0.0000000000
32781  0.000  0.000  0.000 0.0000000000
32782  0.000  0.000  0.000 0.0000000000
32783  0.000  0.000  0.000 0.0000000000
32784  0.000  0.000  0.000 0.0000000000
32785  0.000  0.000  0.000 0.0000000000
32786  0.000  0.000  0.000 0.0000000000
32787  0.000  0.000  0.000 0.0000000000
32791  0.000  0.000  0.000 0.0000000000
32792  0.000  0.000  0.000 0.0000000000
32793  0.000  0.000  0.000 0.0000000000
32794  0.000  0.000  0.000 0.0000000000
32795  0.000  0.000  0.000 0.0000000000
32796  0.000  0.000  0.000 0.0000000000
32797  0.000  0.000  0.000 0.0000000000
32798  0.000  0.000  0.000 0.0000000000
32799  0.000  0.000  0.000 0.0000000000
32800  0.000  0.000  0.000 0.0000000000
32801  0.000  0.000  0.000 0.0000000000
32802  0.000  0.000  0.000 0.0000000000
32803  0.000  0.000  0.000 0.0000000000
32804  0.000  0.000  0.000 0.0000000000
32805  0.000  0.000  0.000 0.0000000000
32806  0.000  0.000  0.000 0.0000000000
32807  0.000  0.000  0.000 0.0000000000
32812  0.000  0.000  0.000 0.0000000000
32813  0.000  0.000  0.000 0.0000000000
32814  0.000  0.000  0.000 0.0000000000
32815  0.000  0.000  0.000 0.0000000000
32816  0.000  0.000  0.000 0.0000000000
32817  0.000  0.000  0.000 0.0000000000
32818  0.000  0.000  0.000 0.0000000000
32819  0.000  0.000  0.000 0.0000000000
32820  0.000  0.000  0.000 0.0000000000
32821  0.000  0.000  0.000 0.0000000000
32822  0.000  0.000  0.000 0.0000000000
32823  0.000  0.000  0.000 0.0000000000
32824  0.000  0.000  0.000 0.0000000000
32825  0.000  0.000  0.000 0.0000000000
32826  0.000  0.000  0.000 0.0000000000
32827  0.000  0.000  0.000 0.0000000000
32831  0.000  0.000  0.000 0.0000000000
32832  0.000  0.000  0.000 0.0000000000
32833  0.000  0.000  0.000 0.0000000000
32834  0.000  0.000  0.000 0.0000000000
32835  0.000  0.000  0.000 0.0000000000
32836  0.000  0.000  0.000 0.0000000000
32837  0.000  0.000  0.000 0.0000000000
32838  0.000  0.000  0.000 0.0000000000
32839  0.000  0.000  0.000 0.0000000000
32840  0.000  0.000  0.000 0.0000000000
32841  0.000  0.000  0.000 0.0000000000
32842  0.000  0.000  0.000 0.0000000000
32843  0.000  0.000  0.000 0.0000000000
32844  0.000  0.000  0.000 0.0000000000
32847  0.000  0.000  0.000 0.0000000000
32848  0.000  0.000  0.000 0.0000000000
32849  0.000  0.000  0.000 0.0000000000
32850  0.000  0.000  0.000 0.0000000000
32851  0.000  0.000  0.000 0.0000000000
32852  0.000  0.000  0.000 0.0000000000
32853  0.000  0.000  0.000 0.0000000000
32854  0.000  0.000  0.000 0.0000000000
32855  0.000  0.000  0.000 0.0000000000
32856  0.000  0.000  0.000 0.0000000000
32857  0.000  0.000  0.000 0.0000000000
32858  0.000  0.000  0.000 0.0000000000
32859  0.000  0.000  0.000 0.0000000000
32862  0.000  0.000  0.000 0.0000000000
32863  0.000  0.000  0.000 0.0000000000
32864  0.000  0.000  0.000 0.0000000000
32865  0.000  0.000  0.000 0.0000000000
32866  0.000  0.000  0.000 0.0000000000
32867  0.000  0.000  0.000 0.0000000000
32868  0.000  0.000  0.000 0.0000000000
32869  0.000  0.000  0.000 0.0000000000
32870  0.000  0.000  0.000 0.0000000000
32871  0.000  0.000  0.000 0.0000000000
32872  0.000  0.000  0.000 0.0000000000
32875  0.000  0.000  0.000 0.0000000000
32876  0.000  0.000  0.000 0.0000000000
32877  0.000  0.000  0.000 0.0000000000
32878  0.000  0.000  0.000 0.0000000000
32879  0.000  0.000  0.000 0.0000000000
32880  0.000  0.000  0.000 0.0000000000
32881  0.000  0.000  0.000 0.0000000000
32882  0.000  0.000  0.000 0.0000000000
32883  0.000  0.000  0.000 0.0000000000
32889  0.000  0.000  0.000 0.0000000000
32890  0.000  0.000  0.000 0.0000000000
32891  0.000  0.000  0.000 0.0000000000
32892  0.000  0.000  0.000 0.0000000000
33666  0.000  0.000  0.000 0.0000000000
33669  0.000  0.000  0.000 0.0000000000
33670  0.000  0.000  0.000 0.0000000000
33673  0.000  0.000  0.000 0.0000000000
