#!ascii label  , from subject Woofsurfer vox2ras=TkReg coords=white
1636
302  0.000  0.000  0.000 0.0000000000
303  0.000  0.000  0.000 0.0000000000
304  0.000  0.000  0.000 0.0000000000
310  0.000  0.000  0.000 0.0000000000
311  0.000  0.000  0.000 0.0000000000
312  0.000  0.000  0.000 0.0000000000
313  0.000  0.000  0.000 0.0000000000
321  0.000  0.000  0.000 0.0000000000
322  0.000  0.000  0.000 0.0000000000
323  0.000  0.000  0.000 0.0000000000
324  0.000  0.000  0.000 0.0000000000
334  0.000  0.000  0.000 0.0000000000
335  0.000  0.000  0.000 0.0000000000
336  0.000  0.000  0.000 0.0000000000
337  0.000  0.000  0.000 0.0000000000
348  0.000  0.000  0.000 0.0000000000
349  0.000  0.000  0.000 0.0000000000
350  0.000  0.000  0.000 0.0000000000
361  0.000  0.000  0.000 0.0000000000
496  0.000  0.000  0.000 0.0000000000
497  0.000  0.000  0.000 0.0000000000
503  0.000  0.000  0.000 0.0000000000
504  0.000  0.000  0.000 0.0000000000
505  0.000  0.000  0.000 0.0000000000
506  0.000  0.000  0.000 0.0000000000
512  0.000  0.000  0.000 0.0000000000
513  0.000  0.000  0.000 0.0000000000
514  0.000  0.000  0.000 0.0000000000
515  0.000  0.000  0.000 0.0000000000
521  0.000  0.000  0.000 0.0000000000
522  0.000  0.000  0.000 0.0000000000
523  0.000  0.000  0.000 0.0000000000
524  0.000  0.000  0.000 0.0000000000
525  0.000  0.000  0.000 0.0000000000
533  0.000  0.000  0.000 0.0000000000
534  0.000  0.000  0.000 0.0000000000
535  0.000  0.000  0.000 0.0000000000
536  0.000  0.000  0.000 0.0000000000
545  0.000  0.000  0.000 0.0000000000
546  0.000  0.000  0.000 0.0000000000
554  0.000  0.000  0.000 0.0000000000
560  0.000  0.000  0.000 0.0000000000
561  0.000  0.000  0.000 0.0000000000
567  0.000  0.000  0.000 0.0000000000
568  0.000  0.000  0.000 0.0000000000
569  0.000  0.000  0.000 0.0000000000
577  0.000  0.000  0.000 0.0000000000
578  0.000  0.000  0.000 0.0000000000
586  0.000  0.000  0.000 0.0000000000
587  0.000  0.000  0.000 0.0000000000
595  0.000  0.000  0.000 0.0000000000
729  0.000  0.000  0.000 0.0000000000
730  0.000  0.000  0.000 0.0000000000
731  0.000  0.000  0.000 0.0000000000
736  0.000  0.000  0.000 0.0000000000
737  0.000  0.000  0.000 0.0000000000
738  0.000  0.000  0.000 0.0000000000
739  0.000  0.000  0.000 0.0000000000
744  0.000  0.000  0.000 0.0000000000
745  0.000  0.000  0.000 0.0000000000
746  0.000  0.000  0.000 0.0000000000
747  0.000  0.000  0.000 0.0000000000
748  0.000  0.000  0.000 0.0000000000
756  0.000  0.000  0.000 0.0000000000
757  0.000  0.000  0.000 0.0000000000
758  0.000  0.000  0.000 0.0000000000
766  0.000  0.000  0.000 0.0000000000
767  0.000  0.000  0.000 0.0000000000
775  0.000  0.000  0.000 0.0000000000
781  0.000  0.000  0.000 0.0000000000
785  0.000  0.000  0.000 0.0000000000
789  0.000  0.000  0.000 0.0000000000
793  0.000  0.000  0.000 0.0000000000
794  0.000  0.000  0.000 0.0000000000
799  0.000  0.000  0.000 0.0000000000
803  0.000  0.000  0.000 0.0000000000
804  0.000  0.000  0.000 0.0000000000
808  0.000  0.000  0.000 0.0000000000
809  0.000  0.000  0.000 0.0000000000
810  0.000  0.000  0.000 0.0000000000
811  0.000  0.000  0.000 0.0000000000
812  0.000  0.000  0.000 0.0000000000
818  0.000  0.000  0.000 0.0000000000
819  0.000  0.000  0.000 0.0000000000
820  0.000  0.000  0.000 0.0000000000
829  0.000  0.000  0.000 0.0000000000
830  0.000  0.000  0.000 0.0000000000
831  0.000  0.000  0.000 0.0000000000
832  0.000  0.000  0.000 0.0000000000
840  0.000  0.000  0.000 0.0000000000
841  0.000  0.000  0.000 0.0000000000
842  0.000  0.000  0.000 0.0000000000
944  0.000  0.000  0.000 0.0000000000
945  0.000  0.000  0.000 0.0000000000
946  0.000  0.000  0.000 0.0000000000
952  0.000  0.000  0.000 0.0000000000
953  0.000  0.000  0.000 0.0000000000
954  0.000  0.000  0.000 0.0000000000
955  0.000  0.000  0.000 0.0000000000
956  0.000  0.000  0.000 0.0000000000
961  0.000  0.000  0.000 0.0000000000
962  0.000  0.000  0.000 0.0000000000
963  0.000  0.000  0.000 0.0000000000
964  0.000  0.000  0.000 0.0000000000
974  0.000  0.000  0.000 0.0000000000
975  0.000  0.000  0.000 0.0000000000
985  0.000  0.000  0.000 0.0000000000
986  0.000  0.000  0.000 0.0000000000
994  0.000  0.000  0.000 0.0000000000
995  0.000  0.000  0.000 0.0000000000
1001  0.000  0.000  0.000 0.0000000000
1002  0.000  0.000  0.000 0.0000000000
1006  0.000  0.000  0.000 0.0000000000
1009  0.000  0.000  0.000 0.0000000000
1013  0.000  0.000  0.000 0.0000000000
1014  0.000  0.000  0.000 0.0000000000
1018  0.000  0.000  0.000 0.0000000000
1019  0.000  0.000  0.000 0.0000000000
1024  0.000  0.000  0.000 0.0000000000
1025  0.000  0.000  0.000 0.0000000000
1026  0.000  0.000  0.000 0.0000000000
1027  0.000  0.000  0.000 0.0000000000
1031  0.000  0.000  0.000 0.0000000000
1032  0.000  0.000  0.000 0.0000000000
1033  0.000  0.000  0.000 0.0000000000
1034  0.000  0.000  0.000 0.0000000000
1035  0.000  0.000  0.000 0.0000000000
1039  0.000  0.000  0.000 0.0000000000
1040  0.000  0.000  0.000 0.0000000000
1041  0.000  0.000  0.000 0.0000000000
1042  0.000  0.000  0.000 0.0000000000
1043  0.000  0.000  0.000 0.0000000000
1044  0.000  0.000  0.000 0.0000000000
1045  0.000  0.000  0.000 0.0000000000
1049  0.000  0.000  0.000 0.0000000000
1050  0.000  0.000  0.000 0.0000000000
1051  0.000  0.000  0.000 0.0000000000
1052  0.000  0.000  0.000 0.0000000000
1053  0.000  0.000  0.000 0.0000000000
1054  0.000  0.000  0.000 0.0000000000
1055  0.000  0.000  0.000 0.0000000000
1056  0.000  0.000  0.000 0.0000000000
1057  0.000  0.000  0.000 0.0000000000
1062  0.000  0.000  0.000 0.0000000000
1063  0.000  0.000  0.000 0.0000000000
1064  0.000  0.000  0.000 0.0000000000
1065  0.000  0.000  0.000 0.0000000000
1066  0.000  0.000  0.000 0.0000000000
1067  0.000  0.000  0.000 0.0000000000
1068  0.000  0.000  0.000 0.0000000000
1069  0.000  0.000  0.000 0.0000000000
1070  0.000  0.000  0.000 0.0000000000
1071  0.000  0.000  0.000 0.0000000000
1074  0.000  0.000  0.000 0.0000000000
1075  0.000  0.000  0.000 0.0000000000
1076  0.000  0.000  0.000 0.0000000000
1077  0.000  0.000  0.000 0.0000000000
1078  0.000  0.000  0.000 0.0000000000
1079  0.000  0.000  0.000 0.0000000000
1080  0.000  0.000  0.000 0.0000000000
1081  0.000  0.000  0.000 0.0000000000
1085  0.000  0.000  0.000 0.0000000000
1086  0.000  0.000  0.000 0.0000000000
1087  0.000  0.000  0.000 0.0000000000
1088  0.000  0.000  0.000 0.0000000000
1089  0.000  0.000  0.000 0.0000000000
1090  0.000  0.000  0.000 0.0000000000
1096  0.000  0.000  0.000 0.0000000000
1191  0.000  0.000  0.000 0.0000000000
1192  0.000  0.000  0.000 0.0000000000
1193  0.000  0.000  0.000 0.0000000000
1194  0.000  0.000  0.000 0.0000000000
1200  0.000  0.000  0.000 0.0000000000
1201  0.000  0.000  0.000 0.0000000000
1202  0.000  0.000  0.000 0.0000000000
1203  0.000  0.000  0.000 0.0000000000
1208  0.000  0.000  0.000 0.0000000000
1209  0.000  0.000  0.000 0.0000000000
1210  0.000  0.000  0.000 0.0000000000
1211  0.000  0.000  0.000 0.0000000000
1218  0.000  0.000  0.000 0.0000000000
1219  0.000  0.000  0.000 0.0000000000
1220  0.000  0.000  0.000 0.0000000000
1230  0.000  0.000  0.000 0.0000000000
1231  0.000  0.000  0.000 0.0000000000
1239  0.000  0.000  0.000 0.0000000000
1240  0.000  0.000  0.000 0.0000000000
1246  0.000  0.000  0.000 0.0000000000
1247  0.000  0.000  0.000 0.0000000000
1248  0.000  0.000  0.000 0.0000000000
1249  0.000  0.000  0.000 0.0000000000
1252  0.000  0.000  0.000 0.0000000000
1253  0.000  0.000  0.000 0.0000000000
1254  0.000  0.000  0.000 0.0000000000
1255  0.000  0.000  0.000 0.0000000000
1256  0.000  0.000  0.000 0.0000000000
1259  0.000  0.000  0.000 0.0000000000
1260  0.000  0.000  0.000 0.0000000000
1261  0.000  0.000  0.000 0.0000000000
1262  0.000  0.000  0.000 0.0000000000
1263  0.000  0.000  0.000 0.0000000000
1264  0.000  0.000  0.000 0.0000000000
1266  0.000  0.000  0.000 0.0000000000
1267  0.000  0.000  0.000 0.0000000000
1268  0.000  0.000  0.000 0.0000000000
1269  0.000  0.000  0.000 0.0000000000
1270  0.000  0.000  0.000 0.0000000000
1271  0.000  0.000  0.000 0.0000000000
1275  0.000  0.000  0.000 0.0000000000
1276  0.000  0.000  0.000 0.0000000000
1277  0.000  0.000  0.000 0.0000000000
1278  0.000  0.000  0.000 0.0000000000
1279  0.000  0.000  0.000 0.0000000000
1280  0.000  0.000  0.000 0.0000000000
1283  0.000  0.000  0.000 0.0000000000
1284  0.000  0.000  0.000 0.0000000000
1285  0.000  0.000  0.000 0.0000000000
1286  0.000  0.000  0.000 0.0000000000
1287  0.000  0.000  0.000 0.0000000000
1291  0.000  0.000  0.000 0.0000000000
1292  0.000  0.000  0.000 0.0000000000
1293  0.000  0.000  0.000 0.0000000000
1294  0.000  0.000  0.000 0.0000000000
1295  0.000  0.000  0.000 0.0000000000
1296  0.000  0.000  0.000 0.0000000000
1299  0.000  0.000  0.000 0.0000000000
1300  0.000  0.000  0.000 0.0000000000
1301  0.000  0.000  0.000 0.0000000000
1302  0.000  0.000  0.000 0.0000000000
1303  0.000  0.000  0.000 0.0000000000
1304  0.000  0.000  0.000 0.0000000000
1305  0.000  0.000  0.000 0.0000000000
1308  0.000  0.000  0.000 0.0000000000
1309  0.000  0.000  0.000 0.0000000000
1310  0.000  0.000  0.000 0.0000000000
1311  0.000  0.000  0.000 0.0000000000
1312  0.000  0.000  0.000 0.0000000000
1313  0.000  0.000  0.000 0.0000000000
1314  0.000  0.000  0.000 0.0000000000
1315  0.000  0.000  0.000 0.0000000000
1316  0.000  0.000  0.000 0.0000000000
1319  0.000  0.000  0.000 0.0000000000
1320  0.000  0.000  0.000 0.0000000000
1321  0.000  0.000  0.000 0.0000000000
1322  0.000  0.000  0.000 0.0000000000
1323  0.000  0.000  0.000 0.0000000000
1324  0.000  0.000  0.000 0.0000000000
1325  0.000  0.000  0.000 0.0000000000
1326  0.000  0.000  0.000 0.0000000000
1327  0.000  0.000  0.000 0.0000000000
1330  0.000  0.000  0.000 0.0000000000
1331  0.000  0.000  0.000 0.0000000000
1332  0.000  0.000  0.000 0.0000000000
1333  0.000  0.000  0.000 0.0000000000
1334  0.000  0.000  0.000 0.0000000000
1337  0.000  0.000  0.000 0.0000000000
1338  0.000  0.000  0.000 0.0000000000
1339  0.000  0.000  0.000 0.0000000000
1340  0.000  0.000  0.000 0.0000000000
1343  0.000  0.000  0.000 0.0000000000
1344  0.000  0.000  0.000 0.0000000000
1345  0.000  0.000  0.000 0.0000000000
1346  0.000  0.000  0.000 0.0000000000
1347  0.000  0.000  0.000 0.0000000000
1348  0.000  0.000  0.000 0.0000000000
1349  0.000  0.000  0.000 0.0000000000
1354  0.000  0.000  0.000 0.0000000000
1355  0.000  0.000  0.000 0.0000000000
1356  0.000  0.000  0.000 0.0000000000
1357  0.000  0.000  0.000 0.0000000000
1452  0.000  0.000  0.000 0.0000000000
1453  0.000  0.000  0.000 0.0000000000
1458  0.000  0.000  0.000 0.0000000000
1459  0.000  0.000  0.000 0.0000000000
1460  0.000  0.000  0.000 0.0000000000
1465  0.000  0.000  0.000 0.0000000000
1466  0.000  0.000  0.000 0.0000000000
1467  0.000  0.000  0.000 0.0000000000
1468  0.000  0.000  0.000 0.0000000000
1469  0.000  0.000  0.000 0.0000000000
1475  0.000  0.000  0.000 0.0000000000
1476  0.000  0.000  0.000 0.0000000000
1477  0.000  0.000  0.000 0.0000000000
1483  0.000  0.000  0.000 0.0000000000
1484  0.000  0.000  0.000 0.0000000000
1485  0.000  0.000  0.000 0.0000000000
1486  0.000  0.000  0.000 0.0000000000
1487  0.000  0.000  0.000 0.0000000000
1495  0.000  0.000  0.000 0.0000000000
1496  0.000  0.000  0.000 0.0000000000
1497  0.000  0.000  0.000 0.0000000000
1498  0.000  0.000  0.000 0.0000000000
1499  0.000  0.000  0.000 0.0000000000
1508  0.000  0.000  0.000 0.0000000000
1509  0.000  0.000  0.000 0.0000000000
1510  0.000  0.000  0.000 0.0000000000
1511  0.000  0.000  0.000 0.0000000000
1512  0.000  0.000  0.000 0.0000000000
1513  0.000  0.000  0.000 0.0000000000
1519  0.000  0.000  0.000 0.0000000000
1520  0.000  0.000  0.000 0.0000000000
1521  0.000  0.000  0.000 0.0000000000
1522  0.000  0.000  0.000 0.0000000000
1523  0.000  0.000  0.000 0.0000000000
1524  0.000  0.000  0.000 0.0000000000
1525  0.000  0.000  0.000 0.0000000000
1527  0.000  0.000  0.000 0.0000000000
1528  0.000  0.000  0.000 0.0000000000
1529  0.000  0.000  0.000 0.0000000000
1530  0.000  0.000  0.000 0.0000000000
1531  0.000  0.000  0.000 0.0000000000
1532  0.000  0.000  0.000 0.0000000000
1533  0.000  0.000  0.000 0.0000000000
1534  0.000  0.000  0.000 0.0000000000
1535  0.000  0.000  0.000 0.0000000000
1538  0.000  0.000  0.000 0.0000000000
1539  0.000  0.000  0.000 0.0000000000
1540  0.000  0.000  0.000 0.0000000000
1541  0.000  0.000  0.000 0.0000000000
1542  0.000  0.000  0.000 0.0000000000
1543  0.000  0.000  0.000 0.0000000000
1544  0.000  0.000  0.000 0.0000000000
1545  0.000  0.000  0.000 0.0000000000
1546  0.000  0.000  0.000 0.0000000000
1550  0.000  0.000  0.000 0.0000000000
1551  0.000  0.000  0.000 0.0000000000
1552  0.000  0.000  0.000 0.0000000000
1553  0.000  0.000  0.000 0.0000000000
1554  0.000  0.000  0.000 0.0000000000
1555  0.000  0.000  0.000 0.0000000000
1556  0.000  0.000  0.000 0.0000000000
1562  0.000  0.000  0.000 0.0000000000
1563  0.000  0.000  0.000 0.0000000000
1564  0.000  0.000  0.000 0.0000000000
1565  0.000  0.000  0.000 0.0000000000
1566  0.000  0.000  0.000 0.0000000000
1574  0.000  0.000  0.000 0.0000000000
1575  0.000  0.000  0.000 0.0000000000
1576  0.000  0.000  0.000 0.0000000000
1577  0.000  0.000  0.000 0.0000000000
1578  0.000  0.000  0.000 0.0000000000
1579  0.000  0.000  0.000 0.0000000000
1580  0.000  0.000  0.000 0.0000000000
1589  0.000  0.000  0.000 0.0000000000
1590  0.000  0.000  0.000 0.0000000000
1591  0.000  0.000  0.000 0.0000000000
1592  0.000  0.000  0.000 0.0000000000
1593  0.000  0.000  0.000 0.0000000000
1594  0.000  0.000  0.000 0.0000000000
1595  0.000  0.000  0.000 0.0000000000
1596  0.000  0.000  0.000 0.0000000000
1607  0.000  0.000  0.000 0.0000000000
1608  0.000  0.000  0.000 0.0000000000
1609  0.000  0.000  0.000 0.0000000000
1610  0.000  0.000  0.000 0.0000000000
1611  0.000  0.000  0.000 0.0000000000
1612  0.000  0.000  0.000 0.0000000000
1613  0.000  0.000  0.000 0.0000000000
1614  0.000  0.000  0.000 0.0000000000
1621  0.000  0.000  0.000 0.0000000000
1622  0.000  0.000  0.000 0.0000000000
1623  0.000  0.000  0.000 0.0000000000
1624  0.000  0.000  0.000 0.0000000000
1625  0.000  0.000  0.000 0.0000000000
1626  0.000  0.000  0.000 0.0000000000
1627  0.000  0.000  0.000 0.0000000000
1628  0.000  0.000  0.000 0.0000000000
1633  0.000  0.000  0.000 0.0000000000
1634  0.000  0.000  0.000 0.0000000000
1635  0.000  0.000  0.000 0.0000000000
1636  0.000  0.000  0.000 0.0000000000
1637  0.000  0.000  0.000 0.0000000000
1638  0.000  0.000  0.000 0.0000000000
1639  0.000  0.000  0.000 0.0000000000
1643  0.000  0.000  0.000 0.0000000000
1644  0.000  0.000  0.000 0.0000000000
1645  0.000  0.000  0.000 0.0000000000
1646  0.000  0.000  0.000 0.0000000000
1647  0.000  0.000  0.000 0.0000000000
1648  0.000  0.000  0.000 0.0000000000
1650  0.000  0.000  0.000 0.0000000000
1651  0.000  0.000  0.000 0.0000000000
1652  0.000  0.000  0.000 0.0000000000
1655  0.000  0.000  0.000 0.0000000000
1656  0.000  0.000  0.000 0.0000000000
1659  0.000  0.000  0.000 0.0000000000
1660  0.000  0.000  0.000 0.0000000000
1661  0.000  0.000  0.000 0.0000000000
1662  0.000  0.000  0.000 0.0000000000
1663  0.000  0.000  0.000 0.0000000000
1664  0.000  0.000  0.000 0.0000000000
1665  0.000  0.000  0.000 0.0000000000
1668  0.000  0.000  0.000 0.0000000000
1669  0.000  0.000  0.000 0.0000000000
1670  0.000  0.000  0.000 0.0000000000
1671  0.000  0.000  0.000 0.0000000000
1672  0.000  0.000  0.000 0.0000000000
1673  0.000  0.000  0.000 0.0000000000
1674  0.000  0.000  0.000 0.0000000000
1675  0.000  0.000  0.000 0.0000000000
1680  0.000  0.000  0.000 0.0000000000
1681  0.000  0.000  0.000 0.0000000000
1777  0.000  0.000  0.000 0.0000000000
1778  0.000  0.000  0.000 0.0000000000
1783  0.000  0.000  0.000 0.0000000000
1784  0.000  0.000  0.000 0.0000000000
1785  0.000  0.000  0.000 0.0000000000
1786  0.000  0.000  0.000 0.0000000000
1791  0.000  0.000  0.000 0.0000000000
1792  0.000  0.000  0.000 0.0000000000
1793  0.000  0.000  0.000 0.0000000000
1794  0.000  0.000  0.000 0.0000000000
1795  0.000  0.000  0.000 0.0000000000
1801  0.000  0.000  0.000 0.0000000000
1802  0.000  0.000  0.000 0.0000000000
1803  0.000  0.000  0.000 0.0000000000
1804  0.000  0.000  0.000 0.0000000000
1805  0.000  0.000  0.000 0.0000000000
1811  0.000  0.000  0.000 0.0000000000
1812  0.000  0.000  0.000 0.0000000000
1813  0.000  0.000  0.000 0.0000000000
1814  0.000  0.000  0.000 0.0000000000
1821  0.000  0.000  0.000 0.0000000000
1822  0.000  0.000  0.000 0.0000000000
1823  0.000  0.000  0.000 0.0000000000
1824  0.000  0.000  0.000 0.0000000000
1825  0.000  0.000  0.000 0.0000000000
1833  0.000  0.000  0.000 0.0000000000
1834  0.000  0.000  0.000 0.0000000000
1835  0.000  0.000  0.000 0.0000000000
1836  0.000  0.000  0.000 0.0000000000
1844  0.000  0.000  0.000 0.0000000000
1845  0.000  0.000  0.000 0.0000000000
1846  0.000  0.000  0.000 0.0000000000
1849  0.000  0.000  0.000 0.0000000000
1850  0.000  0.000  0.000 0.0000000000
1853  0.000  0.000  0.000 0.0000000000
1854  0.000  0.000  0.000 0.0000000000
1855  0.000  0.000  0.000 0.0000000000
1856  0.000  0.000  0.000 0.0000000000
1857  0.000  0.000  0.000 0.0000000000
1862  0.000  0.000  0.000 0.0000000000
1863  0.000  0.000  0.000 0.0000000000
1864  0.000  0.000  0.000 0.0000000000
1865  0.000  0.000  0.000 0.0000000000
1866  0.000  0.000  0.000 0.0000000000
1867  0.000  0.000  0.000 0.0000000000
1873  0.000  0.000  0.000 0.0000000000
1874  0.000  0.000  0.000 0.0000000000
1875  0.000  0.000  0.000 0.0000000000
1876  0.000  0.000  0.000 0.0000000000
1877  0.000  0.000  0.000 0.0000000000
1878  0.000  0.000  0.000 0.0000000000
1883  0.000  0.000  0.000 0.0000000000
1884  0.000  0.000  0.000 0.0000000000
1885  0.000  0.000  0.000 0.0000000000
1886  0.000  0.000  0.000 0.0000000000
1887  0.000  0.000  0.000 0.0000000000
1888  0.000  0.000  0.000 0.0000000000
1891  0.000  0.000  0.000 0.0000000000
1892  0.000  0.000  0.000 0.0000000000
1893  0.000  0.000  0.000 0.0000000000
1894  0.000  0.000  0.000 0.0000000000
1895  0.000  0.000  0.000 0.0000000000
1896  0.000  0.000  0.000 0.0000000000
1899  0.000  0.000  0.000 0.0000000000
1900  0.000  0.000  0.000 0.0000000000
1901  0.000  0.000  0.000 0.0000000000
1902  0.000  0.000  0.000 0.0000000000
1903  0.000  0.000  0.000 0.0000000000
1911  0.000  0.000  0.000 0.0000000000
1912  0.000  0.000  0.000 0.0000000000
1913  0.000  0.000  0.000 0.0000000000
1914  0.000  0.000  0.000 0.0000000000
1925  0.000  0.000  0.000 0.0000000000
1937  0.000  0.000  0.000 0.0000000000
1938  0.000  0.000  0.000 0.0000000000
1952  0.000  0.000  0.000 0.0000000000
1953  0.000  0.000  0.000 0.0000000000
1954  0.000  0.000  0.000 0.0000000000
1967  0.000  0.000  0.000 0.0000000000
1968  0.000  0.000  0.000 0.0000000000
1969  0.000  0.000  0.000 0.0000000000
1972  0.000  0.000  0.000 0.0000000000
1973  0.000  0.000  0.000 0.0000000000
1974  0.000  0.000  0.000 0.0000000000
1977  0.000  0.000  0.000 0.0000000000
1978  0.000  0.000  0.000 0.0000000000
1982  0.000  0.000  0.000 0.0000000000
1983  0.000  0.000  0.000 0.0000000000
1984  0.000  0.000  0.000 0.0000000000
1985  0.000  0.000  0.000 0.0000000000
1986  0.000  0.000  0.000 0.0000000000
1987  0.000  0.000  0.000 0.0000000000
1993  0.000  0.000  0.000 0.0000000000
1994  0.000  0.000  0.000 0.0000000000
1995  0.000  0.000  0.000 0.0000000000
1996  0.000  0.000  0.000 0.0000000000
1997  0.000  0.000  0.000 0.0000000000
2002  0.000  0.000  0.000 0.0000000000
2003  0.000  0.000  0.000 0.0000000000
2098  0.000  0.000  0.000 0.0000000000
2099  0.000  0.000  0.000 0.0000000000
2100  0.000  0.000  0.000 0.0000000000
2105  0.000  0.000  0.000 0.0000000000
2106  0.000  0.000  0.000 0.0000000000
2107  0.000  0.000  0.000 0.0000000000
2108  0.000  0.000  0.000 0.0000000000
2113  0.000  0.000  0.000 0.0000000000
2114  0.000  0.000  0.000 0.0000000000
2115  0.000  0.000  0.000 0.0000000000
2116  0.000  0.000  0.000 0.0000000000
2117  0.000  0.000  0.000 0.0000000000
2122  0.000  0.000  0.000 0.0000000000
2123  0.000  0.000  0.000 0.0000000000
2124  0.000  0.000  0.000 0.0000000000
2125  0.000  0.000  0.000 0.0000000000
2132  0.000  0.000  0.000 0.0000000000
2133  0.000  0.000  0.000 0.0000000000
2134  0.000  0.000  0.000 0.0000000000
2140  0.000  0.000  0.000 0.0000000000
2141  0.000  0.000  0.000 0.0000000000
2150  0.000  0.000  0.000 0.0000000000
2151  0.000  0.000  0.000 0.0000000000
2160  0.000  0.000  0.000 0.0000000000
2161  0.000  0.000  0.000 0.0000000000
2167  0.000  0.000  0.000 0.0000000000
2168  0.000  0.000  0.000 0.0000000000
2169  0.000  0.000  0.000 0.0000000000
2173  0.000  0.000  0.000 0.0000000000
2174  0.000  0.000  0.000 0.0000000000
2175  0.000  0.000  0.000 0.0000000000
2179  0.000  0.000  0.000 0.0000000000
2180  0.000  0.000  0.000 0.0000000000
2184  0.000  0.000  0.000 0.0000000000
2185  0.000  0.000  0.000 0.0000000000
2188  0.000  0.000  0.000 0.0000000000
2190  0.000  0.000  0.000 0.0000000000
2193  0.000  0.000  0.000 0.0000000000
2196  0.000  0.000  0.000 0.0000000000
2212  0.000  0.000  0.000 0.0000000000
2227  0.000  0.000  0.000 0.0000000000
2228  0.000  0.000  0.000 0.0000000000
2242  0.000  0.000  0.000 0.0000000000
2243  0.000  0.000  0.000 0.0000000000
2244  0.000  0.000  0.000 0.0000000000
2258  0.000  0.000  0.000 0.0000000000
2259  0.000  0.000  0.000 0.0000000000
2260  0.000  0.000  0.000 0.0000000000
2264  0.000  0.000  0.000 0.0000000000
2265  0.000  0.000  0.000 0.0000000000
2266  0.000  0.000  0.000 0.0000000000
2267  0.000  0.000  0.000 0.0000000000
2268  0.000  0.000  0.000 0.0000000000
2269  0.000  0.000  0.000 0.0000000000
2274  0.000  0.000  0.000 0.0000000000
2275  0.000  0.000  0.000 0.0000000000
2276  0.000  0.000  0.000 0.0000000000
2277  0.000  0.000  0.000 0.0000000000
2278  0.000  0.000  0.000 0.0000000000
2279  0.000  0.000  0.000 0.0000000000
2280  0.000  0.000  0.000 0.0000000000
2285  0.000  0.000  0.000 0.0000000000
2286  0.000  0.000  0.000 0.0000000000
2287  0.000  0.000  0.000 0.0000000000
2288  0.000  0.000  0.000 0.0000000000
2294  0.000  0.000  0.000 0.0000000000
2295  0.000  0.000  0.000 0.0000000000
2296  0.000  0.000  0.000 0.0000000000
2387  0.000  0.000  0.000 0.0000000000
2388  0.000  0.000  0.000 0.0000000000
2389  0.000  0.000  0.000 0.0000000000
2390  0.000  0.000  0.000 0.0000000000
2395  0.000  0.000  0.000 0.0000000000
2396  0.000  0.000  0.000 0.0000000000
2397  0.000  0.000  0.000 0.0000000000
2398  0.000  0.000  0.000 0.0000000000
2403  0.000  0.000  0.000 0.0000000000
2404  0.000  0.000  0.000 0.0000000000
2405  0.000  0.000  0.000 0.0000000000
2410  0.000  0.000  0.000 0.0000000000
2411  0.000  0.000  0.000 0.0000000000
2412  0.000  0.000  0.000 0.0000000000
2413  0.000  0.000  0.000 0.0000000000
2418  0.000  0.000  0.000 0.0000000000
2419  0.000  0.000  0.000 0.0000000000
2420  0.000  0.000  0.000 0.0000000000
2428  0.000  0.000  0.000 0.0000000000
2436  0.000  0.000  0.000 0.0000000000
2445  0.000  0.000  0.000 0.0000000000
2446  0.000  0.000  0.000 0.0000000000
2452  0.000  0.000  0.000 0.0000000000
2453  0.000  0.000  0.000 0.0000000000
2458  0.000  0.000  0.000 0.0000000000
2459  0.000  0.000  0.000 0.0000000000
2465  0.000  0.000  0.000 0.0000000000
2466  0.000  0.000  0.000 0.0000000000
2467  0.000  0.000  0.000 0.0000000000
2474  0.000  0.000  0.000 0.0000000000
2475  0.000  0.000  0.000 0.0000000000
2476  0.000  0.000  0.000 0.0000000000
2484  0.000  0.000  0.000 0.0000000000
2485  0.000  0.000  0.000 0.0000000000
2492  0.000  0.000  0.000 0.0000000000
2493  0.000  0.000  0.000 0.0000000000
2501  0.000  0.000  0.000 0.0000000000
2511  0.000  0.000  0.000 0.0000000000
2564  0.000  0.000  0.000 0.0000000000
2569  0.000  0.000  0.000 0.0000000000
2570  0.000  0.000  0.000 0.0000000000
2584  0.000  0.000  0.000 0.0000000000
2585  0.000  0.000  0.000 0.0000000000
2586  0.000  0.000  0.000 0.0000000000
2600  0.000  0.000  0.000 0.0000000000
2601  0.000  0.000  0.000 0.0000000000
2602  0.000  0.000  0.000 0.0000000000
2615  0.000  0.000  0.000 0.0000000000
2616  0.000  0.000  0.000 0.0000000000
2617  0.000  0.000  0.000 0.0000000000
2618  0.000  0.000  0.000 0.0000000000
2619  0.000  0.000  0.000 0.0000000000
2620  0.000  0.000  0.000 0.0000000000
2627  0.000  0.000  0.000 0.0000000000
2628  0.000  0.000  0.000 0.0000000000
2629  0.000  0.000  0.000 0.0000000000
2630  0.000  0.000  0.000 0.0000000000
2636  0.000  0.000  0.000 0.0000000000
2637  0.000  0.000  0.000 0.0000000000
2638  0.000  0.000  0.000 0.0000000000
2639  0.000  0.000  0.000 0.0000000000
2640  0.000  0.000  0.000 0.0000000000
2641  0.000  0.000  0.000 0.0000000000
2645  0.000  0.000  0.000 0.0000000000
2646  0.000  0.000  0.000 0.0000000000
2647  0.000  0.000  0.000 0.0000000000
2648  0.000  0.000  0.000 0.0000000000
2654  0.000  0.000  0.000 0.0000000000
2655  0.000  0.000  0.000 0.0000000000
2737  0.000  0.000  0.000 0.0000000000
2738  0.000  0.000  0.000 0.0000000000
2739  0.000  0.000  0.000 0.0000000000
2744  0.000  0.000  0.000 0.0000000000
2745  0.000  0.000  0.000 0.0000000000
2746  0.000  0.000  0.000 0.0000000000
2747  0.000  0.000  0.000 0.0000000000
2751  0.000  0.000  0.000 0.0000000000
2752  0.000  0.000  0.000 0.0000000000
2753  0.000  0.000  0.000 0.0000000000
2758  0.000  0.000  0.000 0.0000000000
2759  0.000  0.000  0.000 0.0000000000
2760  0.000  0.000  0.000 0.0000000000
2765  0.000  0.000  0.000 0.0000000000
2766  0.000  0.000  0.000 0.0000000000
2767  0.000  0.000  0.000 0.0000000000
2768  0.000  0.000  0.000 0.0000000000
2774  0.000  0.000  0.000 0.0000000000
2775  0.000  0.000  0.000 0.0000000000
2783  0.000  0.000  0.000 0.0000000000
2784  0.000  0.000  0.000 0.0000000000
2794  0.000  0.000  0.000 0.0000000000
2795  0.000  0.000  0.000 0.0000000000
2803  0.000  0.000  0.000 0.0000000000
2804  0.000  0.000  0.000 0.0000000000
2809  0.000  0.000  0.000 0.0000000000
2810  0.000  0.000  0.000 0.0000000000
2848  0.000  0.000  0.000 0.0000000000
2860  0.000  0.000  0.000 0.0000000000
2873  0.000  0.000  0.000 0.0000000000
2944  0.000  0.000  0.000 0.0000000000
2948  0.000  0.000  0.000 0.0000000000
2949  0.000  0.000  0.000 0.0000000000
2950  0.000  0.000  0.000 0.0000000000
2960  0.000  0.000  0.000 0.0000000000
2961  0.000  0.000  0.000 0.0000000000
2962  0.000  0.000  0.000 0.0000000000
2963  0.000  0.000  0.000 0.0000000000
2977  0.000  0.000  0.000 0.0000000000
2978  0.000  0.000  0.000 0.0000000000
2979  0.000  0.000  0.000 0.0000000000
2996  0.000  0.000  0.000 0.0000000000
2997  0.000  0.000  0.000 0.0000000000
3006  0.000  0.000  0.000 0.0000000000
3007  0.000  0.000  0.000 0.0000000000
3008  0.000  0.000  0.000 0.0000000000
3009  0.000  0.000  0.000 0.0000000000
3010  0.000  0.000  0.000 0.0000000000
3016  0.000  0.000  0.000 0.0000000000
3017  0.000  0.000  0.000 0.0000000000
3018  0.000  0.000  0.000 0.0000000000
3019  0.000  0.000  0.000 0.0000000000
3020  0.000  0.000  0.000 0.0000000000
3021  0.000  0.000  0.000 0.0000000000
3026  0.000  0.000  0.000 0.0000000000
3027  0.000  0.000  0.000 0.0000000000
3028  0.000  0.000  0.000 0.0000000000
3029  0.000  0.000  0.000 0.0000000000
3110  0.000  0.000  0.000 0.0000000000
3111  0.000  0.000  0.000 0.0000000000
3112  0.000  0.000  0.000 0.0000000000
3117  0.000  0.000  0.000 0.0000000000
3118  0.000  0.000  0.000 0.0000000000
3119  0.000  0.000  0.000 0.0000000000
3120  0.000  0.000  0.000 0.0000000000
3124  0.000  0.000  0.000 0.0000000000
3125  0.000  0.000  0.000 0.0000000000
3126  0.000  0.000  0.000 0.0000000000
3131  0.000  0.000  0.000 0.0000000000
3132  0.000  0.000  0.000 0.0000000000
3133  0.000  0.000  0.000 0.0000000000
3137  0.000  0.000  0.000 0.0000000000
3138  0.000  0.000  0.000 0.0000000000
3139  0.000  0.000  0.000 0.0000000000
3140  0.000  0.000  0.000 0.0000000000
3144  0.000  0.000  0.000 0.0000000000
3145  0.000  0.000  0.000 0.0000000000
3146  0.000  0.000  0.000 0.0000000000
3147  0.000  0.000  0.000 0.0000000000
3154  0.000  0.000  0.000 0.0000000000
3155  0.000  0.000  0.000 0.0000000000
3165  0.000  0.000  0.000 0.0000000000
3308  0.000  0.000  0.000 0.0000000000
3309  0.000  0.000  0.000 0.0000000000
3310  0.000  0.000  0.000 0.0000000000
3316  0.000  0.000  0.000 0.0000000000
3317  0.000  0.000  0.000 0.0000000000
3318  0.000  0.000  0.000 0.0000000000
3319  0.000  0.000  0.000 0.0000000000
3332  0.000  0.000  0.000 0.0000000000
3333  0.000  0.000  0.000 0.0000000000
3334  0.000  0.000  0.000 0.0000000000
3335  0.000  0.000  0.000 0.0000000000
3350  0.000  0.000  0.000 0.0000000000
3351  0.000  0.000  0.000 0.0000000000
3352  0.000  0.000  0.000 0.0000000000
3353  0.000  0.000  0.000 0.0000000000
3354  0.000  0.000  0.000 0.0000000000
3363  0.000  0.000  0.000 0.0000000000
3364  0.000  0.000  0.000 0.0000000000
3365  0.000  0.000  0.000 0.0000000000
3366  0.000  0.000  0.000 0.0000000000
3367  0.000  0.000  0.000 0.0000000000
3368  0.000  0.000  0.000 0.0000000000
3375  0.000  0.000  0.000 0.0000000000
3376  0.000  0.000  0.000 0.0000000000
3377  0.000  0.000  0.000 0.0000000000
3378  0.000  0.000  0.000 0.0000000000
3379  0.000  0.000  0.000 0.0000000000
3380  0.000  0.000  0.000 0.0000000000
3381  0.000  0.000  0.000 0.0000000000
3382  0.000  0.000  0.000 0.0000000000
3388  0.000  0.000  0.000 0.0000000000
3389  0.000  0.000  0.000 0.0000000000
3390  0.000  0.000  0.000 0.0000000000
3391  0.000  0.000  0.000 0.0000000000
3392  0.000  0.000  0.000 0.0000000000
3467  0.000  0.000  0.000 0.0000000000
3468  0.000  0.000  0.000 0.0000000000
3473  0.000  0.000  0.000 0.0000000000
3474  0.000  0.000  0.000 0.0000000000
3475  0.000  0.000  0.000 0.0000000000
3476  0.000  0.000  0.000 0.0000000000
3481  0.000  0.000  0.000 0.0000000000
3482  0.000  0.000  0.000 0.0000000000
3483  0.000  0.000  0.000 0.0000000000
3487  0.000  0.000  0.000 0.0000000000
3488  0.000  0.000  0.000 0.0000000000
3492  0.000  0.000  0.000 0.0000000000
3493  0.000  0.000  0.000 0.0000000000
3494  0.000  0.000  0.000 0.0000000000
3498  0.000  0.000  0.000 0.0000000000
3499  0.000  0.000  0.000 0.0000000000
3500  0.000  0.000  0.000 0.0000000000
3501  0.000  0.000  0.000 0.0000000000
3507  0.000  0.000  0.000 0.0000000000
3517  0.000  0.000  0.000 0.0000000000
3778  0.000  0.000  0.000 0.0000000000
3779  0.000  0.000  0.000 0.0000000000
3786  0.000  0.000  0.000 0.0000000000
3787  0.000  0.000  0.000 0.0000000000
3801  0.000  0.000  0.000 0.0000000000
3802  0.000  0.000  0.000 0.0000000000
3803  0.000  0.000  0.000 0.0000000000
3819  0.000  0.000  0.000 0.0000000000
3820  0.000  0.000  0.000 0.0000000000
3831  0.000  0.000  0.000 0.0000000000
3832  0.000  0.000  0.000 0.0000000000
3833  0.000  0.000  0.000 0.0000000000
3834  0.000  0.000  0.000 0.0000000000
3835  0.000  0.000  0.000 0.0000000000
3836  0.000  0.000  0.000 0.0000000000
3837  0.000  0.000  0.000 0.0000000000
3844  0.000  0.000  0.000 0.0000000000
3845  0.000  0.000  0.000 0.0000000000
3846  0.000  0.000  0.000 0.0000000000
3847  0.000  0.000  0.000 0.0000000000
3848  0.000  0.000  0.000 0.0000000000
3849  0.000  0.000  0.000 0.0000000000
3850  0.000  0.000  0.000 0.0000000000
3851  0.000  0.000  0.000 0.0000000000
3852  0.000  0.000  0.000 0.0000000000
3857  0.000  0.000  0.000 0.0000000000
3858  0.000  0.000  0.000 0.0000000000
3859  0.000  0.000  0.000 0.0000000000
3860  0.000  0.000  0.000 0.0000000000
3939  0.000  0.000  0.000 0.0000000000
3940  0.000  0.000  0.000 0.0000000000
3943  0.000  0.000  0.000 0.0000000000
3944  0.000  0.000  0.000 0.0000000000
3945  0.000  0.000  0.000 0.0000000000
3950  0.000  0.000  0.000 0.0000000000
3951  0.000  0.000  0.000 0.0000000000
3952  0.000  0.000  0.000 0.0000000000
3953  0.000  0.000  0.000 0.0000000000
3957  0.000  0.000  0.000 0.0000000000
3958  0.000  0.000  0.000 0.0000000000
3962  0.000  0.000  0.000 0.0000000000
3963  0.000  0.000  0.000 0.0000000000
3968  0.000  0.000  0.000 0.0000000000
3969  0.000  0.000  0.000 0.0000000000
3970  0.000  0.000  0.000 0.0000000000
3976  0.000  0.000  0.000 0.0000000000
3977  0.000  0.000  0.000 0.0000000000
3985  0.000  0.000  0.000 0.0000000000
4268  0.000  0.000  0.000 0.0000000000
4269  0.000  0.000  0.000 0.0000000000
4270  0.000  0.000  0.000 0.0000000000
4283  0.000  0.000  0.000 0.0000000000
4284  0.000  0.000  0.000 0.0000000000
4285  0.000  0.000  0.000 0.0000000000
4286  0.000  0.000  0.000 0.0000000000
4287  0.000  0.000  0.000 0.0000000000
4288  0.000  0.000  0.000 0.0000000000
4289  0.000  0.000  0.000 0.0000000000
4290  0.000  0.000  0.000 0.0000000000
4299  0.000  0.000  0.000 0.0000000000
4300  0.000  0.000  0.000 0.0000000000
4301  0.000  0.000  0.000 0.0000000000
4302  0.000  0.000  0.000 0.0000000000
4303  0.000  0.000  0.000 0.0000000000
4304  0.000  0.000  0.000 0.0000000000
4305  0.000  0.000  0.000 0.0000000000
4306  0.000  0.000  0.000 0.0000000000
4307  0.000  0.000  0.000 0.0000000000
4389  0.000  0.000  0.000 0.0000000000
4390  0.000  0.000  0.000 0.0000000000
4391  0.000  0.000  0.000 0.0000000000
4396  0.000  0.000  0.000 0.0000000000
4397  0.000  0.000  0.000 0.0000000000
4398  0.000  0.000  0.000 0.0000000000
4399  0.000  0.000  0.000 0.0000000000
4404  0.000  0.000  0.000 0.0000000000
4405  0.000  0.000  0.000 0.0000000000
4406  0.000  0.000  0.000 0.0000000000
4409  0.000  0.000  0.000 0.0000000000
4410  0.000  0.000  0.000 0.0000000000
4414  0.000  0.000  0.000 0.0000000000
4415  0.000  0.000  0.000 0.0000000000
4416  0.000  0.000  0.000 0.0000000000
4420  0.000  0.000  0.000 0.0000000000
4421  0.000  0.000  0.000 0.0000000000
4422  0.000  0.000  0.000 0.0000000000
4429  0.000  0.000  0.000 0.0000000000
4441  0.000  0.000  0.000 0.0000000000
4661  0.000  0.000  0.000 0.0000000000
4675  0.000  0.000  0.000 0.0000000000
4676  0.000  0.000  0.000 0.0000000000
4677  0.000  0.000  0.000 0.0000000000
4678  0.000  0.000  0.000 0.0000000000
4679  0.000  0.000  0.000 0.0000000000
4680  0.000  0.000  0.000 0.0000000000
4681  0.000  0.000  0.000 0.0000000000
4682  0.000  0.000  0.000 0.0000000000
4683  0.000  0.000  0.000 0.0000000000
4692  0.000  0.000  0.000 0.0000000000
4693  0.000  0.000  0.000 0.0000000000
4694  0.000  0.000  0.000 0.0000000000
4695  0.000  0.000  0.000 0.0000000000
4696  0.000  0.000  0.000 0.0000000000
4697  0.000  0.000  0.000 0.0000000000
4698  0.000  0.000  0.000 0.0000000000
4699  0.000  0.000  0.000 0.0000000000
4706  0.000  0.000  0.000 0.0000000000
4707  0.000  0.000  0.000 0.0000000000
4708  0.000  0.000  0.000 0.0000000000
4785  0.000  0.000  0.000 0.0000000000
4786  0.000  0.000  0.000 0.0000000000
4787  0.000  0.000  0.000 0.0000000000
4790  0.000  0.000  0.000 0.0000000000
4791  0.000  0.000  0.000 0.0000000000
4792  0.000  0.000  0.000 0.0000000000
4793  0.000  0.000  0.000 0.0000000000
4798  0.000  0.000  0.000 0.0000000000
4799  0.000  0.000  0.000 0.0000000000
4800  0.000  0.000  0.000 0.0000000000
4803  0.000  0.000  0.000 0.0000000000
4804  0.000  0.000  0.000 0.0000000000
4809  0.000  0.000  0.000 0.0000000000
4810  0.000  0.000  0.000 0.0000000000
4816  0.000  0.000  0.000 0.0000000000
4817  0.000  0.000  0.000 0.0000000000
4824  0.000  0.000  0.000 0.0000000000
4834  0.000  0.000  0.000 0.0000000000
5091  0.000  0.000  0.000 0.0000000000
5092  0.000  0.000  0.000 0.0000000000
5093  0.000  0.000  0.000 0.0000000000
5102  0.000  0.000  0.000 0.0000000000
5103  0.000  0.000  0.000 0.0000000000
5104  0.000  0.000  0.000 0.0000000000
5105  0.000  0.000  0.000 0.0000000000
5106  0.000  0.000  0.000 0.0000000000
5115  0.000  0.000  0.000 0.0000000000
5116  0.000  0.000  0.000 0.0000000000
5117  0.000  0.000  0.000 0.0000000000
5124  0.000  0.000  0.000 0.0000000000
5192  0.000  0.000  0.000 0.0000000000
5193  0.000  0.000  0.000 0.0000000000
5194  0.000  0.000  0.000 0.0000000000
5198  0.000  0.000  0.000 0.0000000000
5199  0.000  0.000  0.000 0.0000000000
5200  0.000  0.000  0.000 0.0000000000
5201  0.000  0.000  0.000 0.0000000000
5204  0.000  0.000  0.000 0.0000000000
5205  0.000  0.000  0.000 0.0000000000
5206  0.000  0.000  0.000 0.0000000000
5211  0.000  0.000  0.000 0.0000000000
5212  0.000  0.000  0.000 0.0000000000
5215  0.000  0.000  0.000 0.0000000000
5216  0.000  0.000  0.000 0.0000000000
5217  0.000  0.000  0.000 0.0000000000
5222  0.000  0.000  0.000 0.0000000000
5223  0.000  0.000  0.000 0.0000000000
5229  0.000  0.000  0.000 0.0000000000
5230  0.000  0.000  0.000 0.0000000000
5238  0.000  0.000  0.000 0.0000000000
5500  0.000  0.000  0.000 0.0000000000
5501  0.000  0.000  0.000 0.0000000000
5502  0.000  0.000  0.000 0.0000000000
5510  0.000  0.000  0.000 0.0000000000
5511  0.000  0.000  0.000 0.0000000000
5512  0.000  0.000  0.000 0.0000000000
5513  0.000  0.000  0.000 0.0000000000
5521  0.000  0.000  0.000 0.0000000000
5522  0.000  0.000  0.000 0.0000000000
5523  0.000  0.000  0.000 0.0000000000
5524  0.000  0.000  0.000 0.0000000000
5531  0.000  0.000  0.000 0.0000000000
5532  0.000  0.000  0.000 0.0000000000
5539  0.000  0.000  0.000 0.0000000000
5612  0.000  0.000  0.000 0.0000000000
5613  0.000  0.000  0.000 0.0000000000
5614  0.000  0.000  0.000 0.0000000000
5617  0.000  0.000  0.000 0.0000000000
5618  0.000  0.000  0.000 0.0000000000
5619  0.000  0.000  0.000 0.0000000000
5622  0.000  0.000  0.000 0.0000000000
5623  0.000  0.000  0.000 0.0000000000
5628  0.000  0.000  0.000 0.0000000000
5629  0.000  0.000  0.000 0.0000000000
5630  0.000  0.000  0.000 0.0000000000
5633  0.000  0.000  0.000 0.0000000000
5634  0.000  0.000  0.000 0.0000000000
5635  0.000  0.000  0.000 0.0000000000
5641  0.000  0.000  0.000 0.0000000000
5642  0.000  0.000  0.000 0.0000000000
5648  0.000  0.000  0.000 0.0000000000
5649  0.000  0.000  0.000 0.0000000000
5915  0.000  0.000  0.000 0.0000000000
5925  0.000  0.000  0.000 0.0000000000
5926  0.000  0.000  0.000 0.0000000000
5927  0.000  0.000  0.000 0.0000000000
5934  0.000  0.000  0.000 0.0000000000
5935  0.000  0.000  0.000 0.0000000000
5936  0.000  0.000  0.000 0.0000000000
5942  0.000  0.000  0.000 0.0000000000
5943  0.000  0.000  0.000 0.0000000000
6030  0.000  0.000  0.000 0.0000000000
6031  0.000  0.000  0.000 0.0000000000
6032  0.000  0.000  0.000 0.0000000000
6037  0.000  0.000  0.000 0.0000000000
6038  0.000  0.000  0.000 0.0000000000
6039  0.000  0.000  0.000 0.0000000000
6040  0.000  0.000  0.000 0.0000000000
6043  0.000  0.000  0.000 0.0000000000
6044  0.000  0.000  0.000 0.0000000000
6045  0.000  0.000  0.000 0.0000000000
6048  0.000  0.000  0.000 0.0000000000
6049  0.000  0.000  0.000 0.0000000000
6050  0.000  0.000  0.000 0.0000000000
6055  0.000  0.000  0.000 0.0000000000
6056  0.000  0.000  0.000 0.0000000000
6057  0.000  0.000  0.000 0.0000000000
6061  0.000  0.000  0.000 0.0000000000
6062  0.000  0.000  0.000 0.0000000000
6068  0.000  0.000  0.000 0.0000000000
6069  0.000  0.000  0.000 0.0000000000
6356  0.000  0.000  0.000 0.0000000000
6366  0.000  0.000  0.000 0.0000000000
6367  0.000  0.000  0.000 0.0000000000
6375  0.000  0.000  0.000 0.0000000000
6494  0.000  0.000  0.000 0.0000000000
6495  0.000  0.000  0.000 0.0000000000
6496  0.000  0.000  0.000 0.0000000000
6500  0.000  0.000  0.000 0.0000000000
6501  0.000  0.000  0.000 0.0000000000
6502  0.000  0.000  0.000 0.0000000000
6503  0.000  0.000  0.000 0.0000000000
6507  0.000  0.000  0.000 0.0000000000
6508  0.000  0.000  0.000 0.0000000000
6509  0.000  0.000  0.000 0.0000000000
6512  0.000  0.000  0.000 0.0000000000
6513  0.000  0.000  0.000 0.0000000000
6516  0.000  0.000  0.000 0.0000000000
6517  0.000  0.000  0.000 0.0000000000
6518  0.000  0.000  0.000 0.0000000000
6523  0.000  0.000  0.000 0.0000000000
6524  0.000  0.000  0.000 0.0000000000
6530  0.000  0.000  0.000 0.0000000000
6531  0.000  0.000  0.000 0.0000000000
7050  0.000  0.000  0.000 0.0000000000
7051  0.000  0.000  0.000 0.0000000000
7052  0.000  0.000  0.000 0.0000000000
7056  0.000  0.000  0.000 0.0000000000
7057  0.000  0.000  0.000 0.0000000000
7058  0.000  0.000  0.000 0.0000000000
7062  0.000  0.000  0.000 0.0000000000
7063  0.000  0.000  0.000 0.0000000000
7066  0.000  0.000  0.000 0.0000000000
7067  0.000  0.000  0.000 0.0000000000
7068  0.000  0.000  0.000 0.0000000000
7071  0.000  0.000  0.000 0.0000000000
7072  0.000  0.000  0.000 0.0000000000
7073  0.000  0.000  0.000 0.0000000000
7078  0.000  0.000  0.000 0.0000000000
7079  0.000  0.000  0.000 0.0000000000
7080  0.000  0.000  0.000 0.0000000000
7086  0.000  0.000  0.000 0.0000000000
7626  0.000  0.000  0.000 0.0000000000
7627  0.000  0.000  0.000 0.0000000000
7628  0.000  0.000  0.000 0.0000000000
7629  0.000  0.000  0.000 0.0000000000
7632  0.000  0.000  0.000 0.0000000000
7633  0.000  0.000  0.000 0.0000000000
7634  0.000  0.000  0.000 0.0000000000
7638  0.000  0.000  0.000 0.0000000000
7639  0.000  0.000  0.000 0.0000000000
7640  0.000  0.000  0.000 0.0000000000
7644  0.000  0.000  0.000 0.0000000000
7645  0.000  0.000  0.000 0.0000000000
7646  0.000  0.000  0.000 0.0000000000
7649  0.000  0.000  0.000 0.0000000000
7650  0.000  0.000  0.000 0.0000000000
7655  0.000  0.000  0.000 0.0000000000
7657  0.000  0.000  0.000 0.0000000000
8187  0.000  0.000  0.000 0.0000000000
8188  0.000  0.000  0.000 0.0000000000
8189  0.000  0.000  0.000 0.0000000000
8193  0.000  0.000  0.000 0.0000000000
8194  0.000  0.000  0.000 0.0000000000
8195  0.000  0.000  0.000 0.0000000000
8196  0.000  0.000  0.000 0.0000000000
8199  0.000  0.000  0.000 0.0000000000
8200  0.000  0.000  0.000 0.0000000000
8201  0.000  0.000  0.000 0.0000000000
8204  0.000  0.000  0.000 0.0000000000
8205  0.000  0.000  0.000 0.0000000000
8206  0.000  0.000  0.000 0.0000000000
8210  0.000  0.000  0.000 0.0000000000
8211  0.000  0.000  0.000 0.0000000000
8215  0.000  0.000  0.000 0.0000000000
8217  0.000  0.000  0.000 0.0000000000
8772  0.000  0.000  0.000 0.0000000000
8773  0.000  0.000  0.000 0.0000000000
8774  0.000  0.000  0.000 0.0000000000
8775  0.000  0.000  0.000 0.0000000000
8779  0.000  0.000  0.000 0.0000000000
8780  0.000  0.000  0.000 0.0000000000
8781  0.000  0.000  0.000 0.0000000000
8784  0.000  0.000  0.000 0.0000000000
8785  0.000  0.000  0.000 0.0000000000
8786  0.000  0.000  0.000 0.0000000000
8789  0.000  0.000  0.000 0.0000000000
8790  0.000  0.000  0.000 0.0000000000
8795  0.000  0.000  0.000 0.0000000000
8796  0.000  0.000  0.000 0.0000000000
8802  0.000  0.000  0.000 0.0000000000
9346  0.000  0.000  0.000 0.0000000000
9347  0.000  0.000  0.000 0.0000000000
9351  0.000  0.000  0.000 0.0000000000
9352  0.000  0.000  0.000 0.0000000000
9353  0.000  0.000  0.000 0.0000000000
9354  0.000  0.000  0.000 0.0000000000
9358  0.000  0.000  0.000 0.0000000000
9359  0.000  0.000  0.000 0.0000000000
9360  0.000  0.000  0.000 0.0000000000
9363  0.000  0.000  0.000 0.0000000000
9364  0.000  0.000  0.000 0.0000000000
9365  0.000  0.000  0.000 0.0000000000
9369  0.000  0.000  0.000 0.0000000000
9370  0.000  0.000  0.000 0.0000000000
9371  0.000  0.000  0.000 0.0000000000
9376  0.000  0.000  0.000 0.0000000000
9377  0.000  0.000  0.000 0.0000000000
9383  0.000  0.000  0.000 0.0000000000
9928  0.000  0.000  0.000 0.0000000000
9929  0.000  0.000  0.000 0.0000000000
9930  0.000  0.000  0.000 0.0000000000
9931  0.000  0.000  0.000 0.0000000000
9935  0.000  0.000  0.000 0.0000000000
9936  0.000  0.000  0.000 0.0000000000
9937  0.000  0.000  0.000 0.0000000000
9938  0.000  0.000  0.000 0.0000000000
9939  0.000  0.000  0.000 0.0000000000
9942  0.000  0.000  0.000 0.0000000000
9943  0.000  0.000  0.000 0.0000000000
9944  0.000  0.000  0.000 0.0000000000
9948  0.000  0.000  0.000 0.0000000000
9949  0.000  0.000  0.000 0.0000000000
9950  0.000  0.000  0.000 0.0000000000
9954  0.000  0.000  0.000 0.0000000000
9955  0.000  0.000  0.000 0.0000000000
9956  0.000  0.000  0.000 0.0000000000
9962  0.000  0.000  0.000 0.0000000000
10494  0.000  0.000  0.000 0.0000000000
10495  0.000  0.000  0.000 0.0000000000
10496  0.000  0.000  0.000 0.0000000000
10497  0.000  0.000  0.000 0.0000000000
10501  0.000  0.000  0.000 0.0000000000
10502  0.000  0.000  0.000 0.0000000000
10503  0.000  0.000  0.000 0.0000000000
10506  0.000  0.000  0.000 0.0000000000
10507  0.000  0.000  0.000 0.0000000000
10508  0.000  0.000  0.000 0.0000000000
10512  0.000  0.000  0.000 0.0000000000
10513  0.000  0.000  0.000 0.0000000000
10514  0.000  0.000  0.000 0.0000000000
10519  0.000  0.000  0.000 0.0000000000
10525  0.000  0.000  0.000 0.0000000000
11049  0.000  0.000  0.000 0.0000000000
11050  0.000  0.000  0.000 0.0000000000
11053  0.000  0.000  0.000 0.0000000000
11054  0.000  0.000  0.000 0.0000000000
11055  0.000  0.000  0.000 0.0000000000
11056  0.000  0.000  0.000 0.0000000000
11060  0.000  0.000  0.000 0.0000000000
11061  0.000  0.000  0.000 0.0000000000
11062  0.000  0.000  0.000 0.0000000000
11066  0.000  0.000  0.000 0.0000000000
11067  0.000  0.000  0.000 0.0000000000
11068  0.000  0.000  0.000 0.0000000000
11072  0.000  0.000  0.000 0.0000000000
11073  0.000  0.000  0.000 0.0000000000
11079  0.000  0.000  0.000 0.0000000000
11634  0.000  0.000  0.000 0.0000000000
11635  0.000  0.000  0.000 0.0000000000
11636  0.000  0.000  0.000 0.0000000000
11639  0.000  0.000  0.000 0.0000000000
11640  0.000  0.000  0.000 0.0000000000
11641  0.000  0.000  0.000 0.0000000000
11642  0.000  0.000  0.000 0.0000000000
11643  0.000  0.000  0.000 0.0000000000
11648  0.000  0.000  0.000 0.0000000000
11649  0.000  0.000  0.000 0.0000000000
11650  0.000  0.000  0.000 0.0000000000
11655  0.000  0.000  0.000 0.0000000000
11656  0.000  0.000  0.000 0.0000000000
11657  0.000  0.000  0.000 0.0000000000
11661  0.000  0.000  0.000 0.0000000000
11662  0.000  0.000  0.000 0.0000000000
11663  0.000  0.000  0.000 0.0000000000
11671  0.000  0.000  0.000 0.0000000000
12222  0.000  0.000  0.000 0.0000000000
12223  0.000  0.000  0.000 0.0000000000
12224  0.000  0.000  0.000 0.0000000000
12228  0.000  0.000  0.000 0.0000000000
12229  0.000  0.000  0.000 0.0000000000
12230  0.000  0.000  0.000 0.0000000000
12231  0.000  0.000  0.000 0.0000000000
12235  0.000  0.000  0.000 0.0000000000
12236  0.000  0.000  0.000 0.0000000000
12239  0.000  0.000  0.000 0.0000000000
12240  0.000  0.000  0.000 0.0000000000
12241  0.000  0.000  0.000 0.0000000000
12242  0.000  0.000  0.000 0.0000000000
12245  0.000  0.000  0.000 0.0000000000
12246  0.000  0.000  0.000 0.0000000000
12247  0.000  0.000  0.000 0.0000000000
12846  0.000  0.000  0.000 0.0000000000
12847  0.000  0.000  0.000 0.0000000000
12848  0.000  0.000  0.000 0.0000000000
12852  0.000  0.000  0.000 0.0000000000
12853  0.000  0.000  0.000 0.0000000000
12854  0.000  0.000  0.000 0.0000000000
12855  0.000  0.000  0.000 0.0000000000
12858  0.000  0.000  0.000 0.0000000000
12859  0.000  0.000  0.000 0.0000000000
12860  0.000  0.000  0.000 0.0000000000
12863  0.000  0.000  0.000 0.0000000000
12864  0.000  0.000  0.000 0.0000000000
12865  0.000  0.000  0.000 0.0000000000
12866  0.000  0.000  0.000 0.0000000000
12870  0.000  0.000  0.000 0.0000000000
12871  0.000  0.000  0.000 0.0000000000
13492  0.000  0.000  0.000 0.0000000000
13493  0.000  0.000  0.000 0.0000000000
13494  0.000  0.000  0.000 0.0000000000
13498  0.000  0.000  0.000 0.0000000000
13499  0.000  0.000  0.000 0.0000000000
13500  0.000  0.000  0.000 0.0000000000
13501  0.000  0.000  0.000 0.0000000000
13504  0.000  0.000  0.000 0.0000000000
13505  0.000  0.000  0.000 0.0000000000
13506  0.000  0.000  0.000 0.0000000000
13510  0.000  0.000  0.000 0.0000000000
13511  0.000  0.000  0.000 0.0000000000
13512  0.000  0.000  0.000 0.0000000000
13517  0.000  0.000  0.000 0.0000000000
13518  0.000  0.000  0.000 0.0000000000
13519  0.000  0.000  0.000 0.0000000000
14149  0.000  0.000  0.000 0.0000000000
14150  0.000  0.000  0.000 0.0000000000
14154  0.000  0.000  0.000 0.0000000000
14155  0.000  0.000  0.000 0.0000000000
14156  0.000  0.000  0.000 0.0000000000
14159  0.000  0.000  0.000 0.0000000000
14160  0.000  0.000  0.000 0.0000000000
14161  0.000  0.000  0.000 0.0000000000
14164  0.000  0.000  0.000 0.0000000000
14165  0.000  0.000  0.000 0.0000000000
14169  0.000  0.000  0.000 0.0000000000
14170  0.000  0.000  0.000 0.0000000000
14175  0.000  0.000  0.000 0.0000000000
14177  0.000  0.000  0.000 0.0000000000
14800  0.000  0.000  0.000 0.0000000000
14801  0.000  0.000  0.000 0.0000000000
14805  0.000  0.000  0.000 0.0000000000
14806  0.000  0.000  0.000 0.0000000000
14807  0.000  0.000  0.000 0.0000000000
14810  0.000  0.000  0.000 0.0000000000
14811  0.000  0.000  0.000 0.0000000000
14812  0.000  0.000  0.000 0.0000000000
14816  0.000  0.000  0.000 0.0000000000
14817  0.000  0.000  0.000 0.0000000000
14821  0.000  0.000  0.000 0.0000000000
14822  0.000  0.000  0.000 0.0000000000
14831  0.000  0.000  0.000 0.0000000000
14833  0.000  0.000  0.000 0.0000000000
15453  0.000  0.000  0.000 0.0000000000
15454  0.000  0.000  0.000 0.0000000000
15457  0.000  0.000  0.000 0.0000000000
15458  0.000  0.000  0.000 0.0000000000
15459  0.000  0.000  0.000 0.0000000000
15462  0.000  0.000  0.000 0.0000000000
15463  0.000  0.000  0.000 0.0000000000
15464  0.000  0.000  0.000 0.0000000000
15468  0.000  0.000  0.000 0.0000000000
15469  0.000  0.000  0.000 0.0000000000
15474  0.000  0.000  0.000 0.0000000000
15475  0.000  0.000  0.000 0.0000000000
15489  0.000  0.000  0.000 0.0000000000
16128  0.000  0.000  0.000 0.0000000000
16129  0.000  0.000  0.000 0.0000000000
16130  0.000  0.000  0.000 0.0000000000
16133  0.000  0.000  0.000 0.0000000000
16134  0.000  0.000  0.000 0.0000000000
16135  0.000  0.000  0.000 0.0000000000
16139  0.000  0.000  0.000 0.0000000000
16140  0.000  0.000  0.000 0.0000000000
16141  0.000  0.000  0.000 0.0000000000
16145  0.000  0.000  0.000 0.0000000000
16146  0.000  0.000  0.000 0.0000000000
16151  0.000  0.000  0.000 0.0000000000
16152  0.000  0.000  0.000 0.0000000000
16153  0.000  0.000  0.000 0.0000000000
16168  0.000  0.000  0.000 0.0000000000
16829  0.000  0.000  0.000 0.0000000000
16830  0.000  0.000  0.000 0.0000000000
16831  0.000  0.000  0.000 0.0000000000
16834  0.000  0.000  0.000 0.0000000000
16835  0.000  0.000  0.000 0.0000000000
16839  0.000  0.000  0.000 0.0000000000
16840  0.000  0.000  0.000 0.0000000000
16841  0.000  0.000  0.000 0.0000000000
16845  0.000  0.000  0.000 0.0000000000
16846  0.000  0.000  0.000 0.0000000000
16854  0.000  0.000  0.000 0.0000000000
16855  0.000  0.000  0.000 0.0000000000
16856  0.000  0.000  0.000 0.0000000000
17557  0.000  0.000  0.000 0.0000000000
17558  0.000  0.000  0.000 0.0000000000
17559  0.000  0.000  0.000 0.0000000000
17562  0.000  0.000  0.000 0.0000000000
17563  0.000  0.000  0.000 0.0000000000
17568  0.000  0.000  0.000 0.0000000000
17569  0.000  0.000  0.000 0.0000000000
17570  0.000  0.000  0.000 0.0000000000
17575  0.000  0.000  0.000 0.0000000000
17576  0.000  0.000  0.000 0.0000000000
17586  0.000  0.000  0.000 0.0000000000
17587  0.000  0.000  0.000 0.0000000000
17588  0.000  0.000  0.000 0.0000000000
18304  0.000  0.000  0.000 0.0000000000
18305  0.000  0.000  0.000 0.0000000000
18306  0.000  0.000  0.000 0.0000000000
18310  0.000  0.000  0.000 0.0000000000
18311  0.000  0.000  0.000 0.0000000000
18316  0.000  0.000  0.000 0.0000000000
18317  0.000  0.000  0.000 0.0000000000
18318  0.000  0.000  0.000 0.0000000000
18323  0.000  0.000  0.000 0.0000000000
18324  0.000  0.000  0.000 0.0000000000
18333  0.000  0.000  0.000 0.0000000000
18334  0.000  0.000  0.000 0.0000000000
18335  0.000  0.000  0.000 0.0000000000
18336  0.000  0.000  0.000 0.0000000000
19053  0.000  0.000  0.000 0.0000000000
19054  0.000  0.000  0.000 0.0000000000
19055  0.000  0.000  0.000 0.0000000000
19059  0.000  0.000  0.000 0.0000000000
19060  0.000  0.000  0.000 0.0000000000
19061  0.000  0.000  0.000 0.0000000000
19065  0.000  0.000  0.000 0.0000000000
19066  0.000  0.000  0.000 0.0000000000
19067  0.000  0.000  0.000 0.0000000000
19072  0.000  0.000  0.000 0.0000000000
19073  0.000  0.000  0.000 0.0000000000
19083  0.000  0.000  0.000 0.0000000000
19084  0.000  0.000  0.000 0.0000000000
19085  0.000  0.000  0.000 0.0000000000
19086  0.000  0.000  0.000 0.0000000000
19811  0.000  0.000  0.000 0.0000000000
19812  0.000  0.000  0.000 0.0000000000
19813  0.000  0.000  0.000 0.0000000000
19816  0.000  0.000  0.000 0.0000000000
19817  0.000  0.000  0.000 0.0000000000
19818  0.000  0.000  0.000 0.0000000000
19823  0.000  0.000  0.000 0.0000000000
19824  0.000  0.000  0.000 0.0000000000
19830  0.000  0.000  0.000 0.0000000000
19831  0.000  0.000  0.000 0.0000000000
19843  0.000  0.000  0.000 0.0000000000
19844  0.000  0.000  0.000 0.0000000000
19846  0.000  0.000  0.000 0.0000000000
20607  0.000  0.000  0.000 0.0000000000
20608  0.000  0.000  0.000 0.0000000000
20609  0.000  0.000  0.000 0.0000000000
20612  0.000  0.000  0.000 0.0000000000
20613  0.000  0.000  0.000 0.0000000000
20614  0.000  0.000  0.000 0.0000000000
20619  0.000  0.000  0.000 0.0000000000
20620  0.000  0.000  0.000 0.0000000000
20627  0.000  0.000  0.000 0.0000000000
20628  0.000  0.000  0.000 0.0000000000
20640  0.000  0.000  0.000 0.0000000000
20641  0.000  0.000  0.000 0.0000000000
20643  0.000  0.000  0.000 0.0000000000
21439  0.000  0.000  0.000 0.0000000000
21440  0.000  0.000  0.000 0.0000000000
21441  0.000  0.000  0.000 0.0000000000
21446  0.000  0.000  0.000 0.0000000000
21447  0.000  0.000  0.000 0.0000000000
21448  0.000  0.000  0.000 0.0000000000
21454  0.000  0.000  0.000 0.0000000000
21455  0.000  0.000  0.000 0.0000000000
21465  0.000  0.000  0.000 0.0000000000
21466  0.000  0.000  0.000 0.0000000000
21476  0.000  0.000  0.000 0.0000000000
21477  0.000  0.000  0.000 0.0000000000
22301  0.000  0.000  0.000 0.0000000000
22302  0.000  0.000  0.000 0.0000000000
22303  0.000  0.000  0.000 0.0000000000
22308  0.000  0.000  0.000 0.0000000000
22309  0.000  0.000  0.000 0.0000000000
22310  0.000  0.000  0.000 0.0000000000
22314  0.000  0.000  0.000 0.0000000000
22315  0.000  0.000  0.000 0.0000000000
22324  0.000  0.000  0.000 0.0000000000
22325  0.000  0.000  0.000 0.0000000000
22335  0.000  0.000  0.000 0.0000000000
22336  0.000  0.000  0.000 0.0000000000
23128  0.000  0.000  0.000 0.0000000000
23129  0.000  0.000  0.000 0.0000000000
23130  0.000  0.000  0.000 0.0000000000
23135  0.000  0.000  0.000 0.0000000000
23136  0.000  0.000  0.000 0.0000000000
23137  0.000  0.000  0.000 0.0000000000
23143  0.000  0.000  0.000 0.0000000000
23144  0.000  0.000  0.000 0.0000000000
23155  0.000  0.000  0.000 0.0000000000
23156  0.000  0.000  0.000 0.0000000000
23166  0.000  0.000  0.000 0.0000000000
23167  0.000  0.000  0.000 0.0000000000
23900  0.000  0.000  0.000 0.0000000000
23901  0.000  0.000  0.000 0.0000000000
23904  0.000  0.000  0.000 0.0000000000
23905  0.000  0.000  0.000 0.0000000000
23906  0.000  0.000  0.000 0.0000000000
23910  0.000  0.000  0.000 0.0000000000
23911  0.000  0.000  0.000 0.0000000000
23912  0.000  0.000  0.000 0.0000000000
23917  0.000  0.000  0.000 0.0000000000
23918  0.000  0.000  0.000 0.0000000000
23928  0.000  0.000  0.000 0.0000000000
23929  0.000  0.000  0.000 0.0000000000
23939  0.000  0.000  0.000 0.0000000000
24647  0.000  0.000  0.000 0.0000000000
24648  0.000  0.000  0.000 0.0000000000
24649  0.000  0.000  0.000 0.0000000000
24653  0.000  0.000  0.000 0.0000000000
24654  0.000  0.000  0.000 0.0000000000
24655  0.000  0.000  0.000 0.0000000000
24660  0.000  0.000  0.000 0.0000000000
24661  0.000  0.000  0.000 0.0000000000
24662  0.000  0.000  0.000 0.0000000000
24668  0.000  0.000  0.000 0.0000000000
24669  0.000  0.000  0.000 0.0000000000
24670  0.000  0.000  0.000 0.0000000000
24680  0.000  0.000  0.000 0.0000000000
24681  0.000  0.000  0.000 0.0000000000
24690  0.000  0.000  0.000 0.0000000000
25436  0.000  0.000  0.000 0.0000000000
25437  0.000  0.000  0.000 0.0000000000
25438  0.000  0.000  0.000 0.0000000000
25442  0.000  0.000  0.000 0.0000000000
25443  0.000  0.000  0.000 0.0000000000
25447  0.000  0.000  0.000 0.0000000000
25448  0.000  0.000  0.000 0.0000000000
25449  0.000  0.000  0.000 0.0000000000
25450  0.000  0.000  0.000 0.0000000000
25455  0.000  0.000  0.000 0.0000000000
25456  0.000  0.000  0.000 0.0000000000
25457  0.000  0.000  0.000 0.0000000000
25466  0.000  0.000  0.000 0.0000000000
25475  0.000  0.000  0.000 0.0000000000
26229  0.000  0.000  0.000 0.0000000000
26230  0.000  0.000  0.000 0.0000000000
26231  0.000  0.000  0.000 0.0000000000
26235  0.000  0.000  0.000 0.0000000000
26236  0.000  0.000  0.000 0.0000000000
26237  0.000  0.000  0.000 0.0000000000
26241  0.000  0.000  0.000 0.0000000000
26242  0.000  0.000  0.000 0.0000000000
26243  0.000  0.000  0.000 0.0000000000
26244  0.000  0.000  0.000 0.0000000000
26251  0.000  0.000  0.000 0.0000000000
26252  0.000  0.000  0.000 0.0000000000
26262  0.000  0.000  0.000 0.0000000000
26278  0.000  0.000  0.000 0.0000000000
27019  0.000  0.000  0.000 0.0000000000
27020  0.000  0.000  0.000 0.0000000000
27021  0.000  0.000  0.000 0.0000000000
27026  0.000  0.000  0.000 0.0000000000
27027  0.000  0.000  0.000 0.0000000000
27028  0.000  0.000  0.000 0.0000000000
27029  0.000  0.000  0.000 0.0000000000
27033  0.000  0.000  0.000 0.0000000000
27034  0.000  0.000  0.000 0.0000000000
27035  0.000  0.000  0.000 0.0000000000
27043  0.000  0.000  0.000 0.0000000000
27044  0.000  0.000  0.000 0.0000000000
27053  0.000  0.000  0.000 0.0000000000
27069  0.000  0.000  0.000 0.0000000000
27791  0.000  0.000  0.000 0.0000000000
27792  0.000  0.000  0.000 0.0000000000
27797  0.000  0.000  0.000 0.0000000000
27798  0.000  0.000  0.000 0.0000000000
27799  0.000  0.000  0.000 0.0000000000
27800  0.000  0.000  0.000 0.0000000000
27804  0.000  0.000  0.000 0.0000000000
27805  0.000  0.000  0.000 0.0000000000
27806  0.000  0.000  0.000 0.0000000000
27807  0.000  0.000  0.000 0.0000000000
27810  0.000  0.000  0.000 0.0000000000
27811  0.000  0.000  0.000 0.0000000000
27818  0.000  0.000  0.000 0.0000000000
27819  0.000  0.000  0.000 0.0000000000
27831  0.000  0.000  0.000 0.0000000000
27847  0.000  0.000  0.000 0.0000000000
28564  0.000  0.000  0.000 0.0000000000
28565  0.000  0.000  0.000 0.0000000000
28566  0.000  0.000  0.000 0.0000000000
28572  0.000  0.000  0.000 0.0000000000
28573  0.000  0.000  0.000 0.0000000000
28574  0.000  0.000  0.000 0.0000000000
28575  0.000  0.000  0.000 0.0000000000
28579  0.000  0.000  0.000 0.0000000000
28580  0.000  0.000  0.000 0.0000000000
28581  0.000  0.000  0.000 0.0000000000
28584  0.000  0.000  0.000 0.0000000000
28585  0.000  0.000  0.000 0.0000000000
28586  0.000  0.000  0.000 0.0000000000
28594  0.000  0.000  0.000 0.0000000000
28611  0.000  0.000  0.000 0.0000000000
28625  0.000  0.000  0.000 0.0000000000
29343  0.000  0.000  0.000 0.0000000000
29344  0.000  0.000  0.000 0.0000000000
29345  0.000  0.000  0.000 0.0000000000
29349  0.000  0.000  0.000 0.0000000000
29350  0.000  0.000  0.000 0.0000000000
29351  0.000  0.000  0.000 0.0000000000
29354  0.000  0.000  0.000 0.0000000000
29355  0.000  0.000  0.000 0.0000000000
29360  0.000  0.000  0.000 0.0000000000
29361  0.000  0.000  0.000 0.0000000000
29371  0.000  0.000  0.000 0.0000000000
29388  0.000  0.000  0.000 0.0000000000
29389  0.000  0.000  0.000 0.0000000000
29400  0.000  0.000  0.000 0.0000000000
29401  0.000  0.000  0.000 0.0000000000
30076  0.000  0.000  0.000 0.0000000000
30077  0.000  0.000  0.000 0.0000000000
30078  0.000  0.000  0.000 0.0000000000
30082  0.000  0.000  0.000 0.0000000000
30083  0.000  0.000  0.000 0.0000000000
30084  0.000  0.000  0.000 0.0000000000
30088  0.000  0.000  0.000 0.0000000000
30089  0.000  0.000  0.000 0.0000000000
30090  0.000  0.000  0.000 0.0000000000
30094  0.000  0.000  0.000 0.0000000000
30095  0.000  0.000  0.000 0.0000000000
30107  0.000  0.000  0.000 0.0000000000
30108  0.000  0.000  0.000 0.0000000000
30123  0.000  0.000  0.000 0.0000000000
30124  0.000  0.000  0.000 0.0000000000
30129  0.000  0.000  0.000 0.0000000000
30919  0.000  0.000  0.000 0.0000000000
30920  0.000  0.000  0.000 0.0000000000
30921  0.000  0.000  0.000 0.0000000000
30924  0.000  0.000  0.000 0.0000000000
30925  0.000  0.000  0.000 0.0000000000
30926  0.000  0.000  0.000 0.0000000000
30930  0.000  0.000  0.000 0.0000000000
30931  0.000  0.000  0.000 0.0000000000
30932  0.000  0.000  0.000 0.0000000000
30936  0.000  0.000  0.000 0.0000000000
30952  0.000  0.000  0.000 0.0000000000
30965  0.000  0.000  0.000 0.0000000000
30971  0.000  0.000  0.000 0.0000000000
31736  0.000  0.000  0.000 0.0000000000
31737  0.000  0.000  0.000 0.0000000000
31738  0.000  0.000  0.000 0.0000000000
31739  0.000  0.000  0.000 0.0000000000
31742  0.000  0.000  0.000 0.0000000000
31743  0.000  0.000  0.000 0.0000000000
31744  0.000  0.000  0.000 0.0000000000
31749  0.000  0.000  0.000 0.0000000000
31750  0.000  0.000  0.000 0.0000000000
31751  0.000  0.000  0.000 0.0000000000
31758  0.000  0.000  0.000 0.0000000000
31772  0.000  0.000  0.000 0.0000000000
31780  0.000  0.000  0.000 0.0000000000
32952  0.000  0.000  0.000 0.0000000000
32953  0.000  0.000  0.000 0.0000000000
32954  0.000  0.000  0.000 0.0000000000
32955  0.000  0.000  0.000 0.0000000000
32960  0.000  0.000  0.000 0.0000000000
32961  0.000  0.000  0.000 0.0000000000
32962  0.000  0.000  0.000 0.0000000000
32968  0.000  0.000  0.000 0.0000000000
32969  0.000  0.000  0.000 0.0000000000
32970  0.000  0.000  0.000 0.0000000000
32971  0.000  0.000  0.000 0.0000000000
32977  0.000  0.000  0.000 0.0000000000
32978  0.000  0.000  0.000 0.0000000000
32989  0.000  0.000  0.000 0.0000000000
32995  0.000  0.000  0.000 0.0000000000
33755  0.000  0.000  0.000 0.0000000000
33756  0.000  0.000  0.000 0.0000000000
33757  0.000  0.000  0.000 0.0000000000
33758  0.000  0.000  0.000 0.0000000000
33764  0.000  0.000  0.000 0.0000000000
33765  0.000  0.000  0.000 0.0000000000
33766  0.000  0.000  0.000 0.0000000000
33772  0.000  0.000  0.000 0.0000000000
33773  0.000  0.000  0.000 0.0000000000
33774  0.000  0.000  0.000 0.0000000000
33781  0.000  0.000  0.000 0.0000000000
33782  0.000  0.000  0.000 0.0000000000
33793  0.000  0.000  0.000 0.0000000000
33798  0.000  0.000  0.000 0.0000000000
34483  0.000  0.000  0.000 0.0000000000
34484  0.000  0.000  0.000 0.0000000000
34485  0.000  0.000  0.000 0.0000000000
34486  0.000  0.000  0.000 0.0000000000
34492  0.000  0.000  0.000 0.0000000000
34493  0.000  0.000  0.000 0.0000000000
34501  0.000  0.000  0.000 0.0000000000
34502  0.000  0.000  0.000 0.0000000000
34509  0.000  0.000  0.000 0.0000000000
34510  0.000  0.000  0.000 0.0000000000
34520  0.000  0.000  0.000 0.0000000000
34521  0.000  0.000  0.000 0.0000000000
34527  0.000  0.000  0.000 0.0000000000
35276  0.000  0.000  0.000 0.0000000000
35277  0.000  0.000  0.000 0.0000000000
35278  0.000  0.000  0.000 0.0000000000
35283  0.000  0.000  0.000 0.0000000000
35284  0.000  0.000  0.000 0.0000000000
35291  0.000  0.000  0.000 0.0000000000
35298  0.000  0.000  0.000 0.0000000000
35306  0.000  0.000  0.000 0.0000000000
35307  0.000  0.000  0.000 0.0000000000
35313  0.000  0.000  0.000 0.0000000000
35314  0.000  0.000  0.000 0.0000000000
36181  0.000  0.000  0.000 0.0000000000
36182  0.000  0.000  0.000 0.0000000000
36183  0.000  0.000  0.000 0.0000000000
36184  0.000  0.000  0.000 0.0000000000
36189  0.000  0.000  0.000 0.0000000000
36190  0.000  0.000  0.000 0.0000000000
36197  0.000  0.000  0.000 0.0000000000
36204  0.000  0.000  0.000 0.0000000000
36212  0.000  0.000  0.000 0.0000000000
36218  0.000  0.000  0.000 0.0000000000
36219  0.000  0.000  0.000 0.0000000000
37049  0.000  0.000  0.000 0.0000000000
37050  0.000  0.000  0.000 0.0000000000
37051  0.000  0.000  0.000 0.0000000000
37055  0.000  0.000  0.000 0.0000000000
37062  0.000  0.000  0.000 0.0000000000
37068  0.000  0.000  0.000 0.0000000000
37075  0.000  0.000  0.000 0.0000000000
37081  0.000  0.000  0.000 0.0000000000
37874  0.000  0.000  0.000 0.0000000000
37881  0.000  0.000  0.000 0.0000000000
37889  0.000  0.000  0.000 0.0000000000
37890  0.000  0.000  0.000 0.0000000000
37896  0.000  0.000  0.000 0.0000000000
37897  0.000  0.000  0.000 0.0000000000
37903  0.000  0.000  0.000 0.0000000000
38672  0.000  0.000  0.000 0.0000000000
38680  0.000  0.000  0.000 0.0000000000
38681  0.000  0.000  0.000 0.0000000000
38687  0.000  0.000  0.000 0.0000000000
38688  0.000  0.000  0.000 0.0000000000
39443  0.000  0.000  0.000 0.0000000000
39449  0.000  0.000  0.000 0.0000000000
