#!ascii label  , from subject Woofsurfer vox2ras=TkReg coords=white
1765
92345  0.000  0.000  0.000 0.0000000000
92347  0.000  0.000  0.000 0.0000000000
92350  0.000  0.000  0.000 0.0000000000
92351  0.000  0.000  0.000 0.0000000000
92607  0.000  0.000  0.000 0.0000000000
92611  0.000  0.000  0.000 0.0000000000
92616  0.000  0.000  0.000 0.0000000000
92618  0.000  0.000  0.000 0.0000000000
92620  0.000  0.000  0.000 0.0000000000
92621  0.000  0.000  0.000 0.0000000000
92624  0.000  0.000  0.000 0.0000000000
92859  0.000  0.000  0.000 0.0000000000
92861  0.000  0.000  0.000 0.0000000000
92864  0.000  0.000  0.000 0.0000000000
92866  0.000  0.000  0.000 0.0000000000
92869  0.000  0.000  0.000 0.0000000000
92870  0.000  0.000  0.000 0.0000000000
92873  0.000  0.000  0.000 0.0000000000
93106  0.000  0.000  0.000 0.0000000000
93107  0.000  0.000  0.000 0.0000000000
93109  0.000  0.000  0.000 0.0000000000
93112  0.000  0.000  0.000 0.0000000000
93114  0.000  0.000  0.000 0.0000000000
93117  0.000  0.000  0.000 0.0000000000
93118  0.000  0.000  0.000 0.0000000000
93120  0.000  0.000  0.000 0.0000000000
93359  0.000  0.000  0.000 0.0000000000
93360  0.000  0.000  0.000 0.0000000000
93362  0.000  0.000  0.000 0.0000000000
93365  0.000  0.000  0.000 0.0000000000
93367  0.000  0.000  0.000 0.0000000000
93370  0.000  0.000  0.000 0.0000000000
93371  0.000  0.000  0.000 0.0000000000
93374  0.000  0.000  0.000 0.0000000000
93583  0.000  0.000  0.000 0.0000000000
93585  0.000  0.000  0.000 0.0000000000
93586  0.000  0.000  0.000 0.0000000000
93588  0.000  0.000  0.000 0.0000000000
93589  0.000  0.000  0.000 0.0000000000
93591  0.000  0.000  0.000 0.0000000000
93592  0.000  0.000  0.000 0.0000000000
93595  0.000  0.000  0.000 0.0000000000
93596  0.000  0.000  0.000 0.0000000000
93598  0.000  0.000  0.000 0.0000000000
93601  0.000  0.000  0.000 0.0000000000
93603  0.000  0.000  0.000 0.0000000000
93605  0.000  0.000  0.000 0.0000000000
93606  0.000  0.000  0.000 0.0000000000
93609  0.000  0.000  0.000 0.0000000000
93610  0.000  0.000  0.000 0.0000000000
93612  0.000  0.000  0.000 0.0000000000
93662  0.000  0.000  0.000 0.0000000000
93667  0.000  0.000  0.000 0.0000000000
93808  0.000  0.000  0.000 0.0000000000
93811  0.000  0.000  0.000 0.0000000000
93813  0.000  0.000  0.000 0.0000000000
93815  0.000  0.000  0.000 0.0000000000
93817  0.000  0.000  0.000 0.0000000000
93820  0.000  0.000  0.000 0.0000000000
93822  0.000  0.000  0.000 0.0000000000
93825  0.000  0.000  0.000 0.0000000000
93828  0.000  0.000  0.000 0.0000000000
93830  0.000  0.000  0.000 0.0000000000
93833  0.000  0.000  0.000 0.0000000000
93834  0.000  0.000  0.000 0.0000000000
93836  0.000  0.000  0.000 0.0000000000
93884  0.000  0.000  0.000 0.0000000000
93887  0.000  0.000  0.000 0.0000000000
93888  0.000  0.000  0.000 0.0000000000
93892  0.000  0.000  0.000 0.0000000000
93893  0.000  0.000  0.000 0.0000000000
94027  0.000  0.000  0.000 0.0000000000
94029  0.000  0.000  0.000 0.0000000000
94031  0.000  0.000  0.000 0.0000000000
94032  0.000  0.000  0.000 0.0000000000
94033  0.000  0.000  0.000 0.0000000000
94035  0.000  0.000  0.000 0.0000000000
94037  0.000  0.000  0.000 0.0000000000
94039  0.000  0.000  0.000 0.0000000000
94041  0.000  0.000  0.000 0.0000000000
94044  0.000  0.000  0.000 0.0000000000
94047  0.000  0.000  0.000 0.0000000000
94049  0.000  0.000  0.000 0.0000000000
94052  0.000  0.000  0.000 0.0000000000
94054  0.000  0.000  0.000 0.0000000000
94057  0.000  0.000  0.000 0.0000000000
94058  0.000  0.000  0.000 0.0000000000
94061  0.000  0.000  0.000 0.0000000000
94107  0.000  0.000  0.000 0.0000000000
94111  0.000  0.000  0.000 0.0000000000
94114  0.000  0.000  0.000 0.0000000000
94115  0.000  0.000  0.000 0.0000000000
94119  0.000  0.000  0.000 0.0000000000
94122  0.000  0.000  0.000 0.0000000000
94123  0.000  0.000  0.000 0.0000000000
94252  0.000  0.000  0.000 0.0000000000
94254  0.000  0.000  0.000 0.0000000000
94255  0.000  0.000  0.000 0.0000000000
94256  0.000  0.000  0.000 0.0000000000
94257  0.000  0.000  0.000 0.0000000000
94258  0.000  0.000  0.000 0.0000000000
94259  0.000  0.000  0.000 0.0000000000
94260  0.000  0.000  0.000 0.0000000000
94261  0.000  0.000  0.000 0.0000000000
94262  0.000  0.000  0.000 0.0000000000
94263  0.000  0.000  0.000 0.0000000000
94264  0.000  0.000  0.000 0.0000000000
94265  0.000  0.000  0.000 0.0000000000
94267  0.000  0.000  0.000 0.0000000000
94269  0.000  0.000  0.000 0.0000000000
94272  0.000  0.000  0.000 0.0000000000
94274  0.000  0.000  0.000 0.0000000000
94277  0.000  0.000  0.000 0.0000000000
94280  0.000  0.000  0.000 0.0000000000
94282  0.000  0.000  0.000 0.0000000000
94283  0.000  0.000  0.000 0.0000000000
94286  0.000  0.000  0.000 0.0000000000
94289  0.000  0.000  0.000 0.0000000000
94334  0.000  0.000  0.000 0.0000000000
94335  0.000  0.000  0.000 0.0000000000
94338  0.000  0.000  0.000 0.0000000000
94341  0.000  0.000  0.000 0.0000000000
94342  0.000  0.000  0.000 0.0000000000
94346  0.000  0.000  0.000 0.0000000000
94349  0.000  0.000  0.000 0.0000000000
94350  0.000  0.000  0.000 0.0000000000
94357  0.000  0.000  0.000 0.0000000000
94468  0.000  0.000  0.000 0.0000000000
94469  0.000  0.000  0.000 0.0000000000
94471  0.000  0.000  0.000 0.0000000000
94472  0.000  0.000  0.000 0.0000000000
94473  0.000  0.000  0.000 0.0000000000
94474  0.000  0.000  0.000 0.0000000000
94475  0.000  0.000  0.000 0.0000000000
94476  0.000  0.000  0.000 0.0000000000
94477  0.000  0.000  0.000 0.0000000000
94478  0.000  0.000  0.000 0.0000000000
94479  0.000  0.000  0.000 0.0000000000
94480  0.000  0.000  0.000 0.0000000000
94481  0.000  0.000  0.000 0.0000000000
94482  0.000  0.000  0.000 0.0000000000
94483  0.000  0.000  0.000 0.0000000000
94484  0.000  0.000  0.000 0.0000000000
94485  0.000  0.000  0.000 0.0000000000
94486  0.000  0.000  0.000 0.0000000000
94487  0.000  0.000  0.000 0.0000000000
94488  0.000  0.000  0.000 0.0000000000
94489  0.000  0.000  0.000 0.0000000000
94490  0.000  0.000  0.000 0.0000000000
94491  0.000  0.000  0.000 0.0000000000
94492  0.000  0.000  0.000 0.0000000000
94495  0.000  0.000  0.000 0.0000000000
94496  0.000  0.000  0.000 0.0000000000
94499  0.000  0.000  0.000 0.0000000000
94502  0.000  0.000  0.000 0.0000000000
94505  0.000  0.000  0.000 0.0000000000
94508  0.000  0.000  0.000 0.0000000000
94509  0.000  0.000  0.000 0.0000000000
94512  0.000  0.000  0.000 0.0000000000
94513  0.000  0.000  0.000 0.0000000000
94516  0.000  0.000  0.000 0.0000000000
94560  0.000  0.000  0.000 0.0000000000
94564  0.000  0.000  0.000 0.0000000000
94565  0.000  0.000  0.000 0.0000000000
94568  0.000  0.000  0.000 0.0000000000
94569  0.000  0.000  0.000 0.0000000000
94572  0.000  0.000  0.000 0.0000000000
94573  0.000  0.000  0.000 0.0000000000
94576  0.000  0.000  0.000 0.0000000000
94577  0.000  0.000  0.000 0.0000000000
94580  0.000  0.000  0.000 0.0000000000
94581  0.000  0.000  0.000 0.0000000000
94588  0.000  0.000  0.000 0.0000000000
94595  0.000  0.000  0.000 0.0000000000
94692  0.000  0.000  0.000 0.0000000000
94694  0.000  0.000  0.000 0.0000000000
94695  0.000  0.000  0.000 0.0000000000
94696  0.000  0.000  0.000 0.0000000000
94697  0.000  0.000  0.000 0.0000000000
94698  0.000  0.000  0.000 0.0000000000
94699  0.000  0.000  0.000 0.0000000000
94700  0.000  0.000  0.000 0.0000000000
94701  0.000  0.000  0.000 0.0000000000
94702  0.000  0.000  0.000 0.0000000000
94703  0.000  0.000  0.000 0.0000000000
94704  0.000  0.000  0.000 0.0000000000
94705  0.000  0.000  0.000 0.0000000000
94706  0.000  0.000  0.000 0.0000000000
94707  0.000  0.000  0.000 0.0000000000
94708  0.000  0.000  0.000 0.0000000000
94709  0.000  0.000  0.000 0.0000000000
94710  0.000  0.000  0.000 0.0000000000
94711  0.000  0.000  0.000 0.0000000000
94712  0.000  0.000  0.000 0.0000000000
94713  0.000  0.000  0.000 0.0000000000
94714  0.000  0.000  0.000 0.0000000000
94715  0.000  0.000  0.000 0.0000000000
94716  0.000  0.000  0.000 0.0000000000
94717  0.000  0.000  0.000 0.0000000000
94719  0.000  0.000  0.000 0.0000000000
94722  0.000  0.000  0.000 0.0000000000
94725  0.000  0.000  0.000 0.0000000000
94727  0.000  0.000  0.000 0.0000000000
94730  0.000  0.000  0.000 0.0000000000
94731  0.000  0.000  0.000 0.0000000000
94734  0.000  0.000  0.000 0.0000000000
94737  0.000  0.000  0.000 0.0000000000
94777  0.000  0.000  0.000 0.0000000000
94781  0.000  0.000  0.000 0.0000000000
94784  0.000  0.000  0.000 0.0000000000
94785  0.000  0.000  0.000 0.0000000000
94788  0.000  0.000  0.000 0.0000000000
94791  0.000  0.000  0.000 0.0000000000
94792  0.000  0.000  0.000 0.0000000000
94799  0.000  0.000  0.000 0.0000000000
94808  0.000  0.000  0.000 0.0000000000
94815  0.000  0.000  0.000 0.0000000000
94816  0.000  0.000  0.000 0.0000000000
94822  0.000  0.000  0.000 0.0000000000
94823  0.000  0.000  0.000 0.0000000000
94899  0.000  0.000  0.000 0.0000000000
94900  0.000  0.000  0.000 0.0000000000
94901  0.000  0.000  0.000 0.0000000000
94902  0.000  0.000  0.000 0.0000000000
94903  0.000  0.000  0.000 0.0000000000
94904  0.000  0.000  0.000 0.0000000000
94905  0.000  0.000  0.000 0.0000000000
94906  0.000  0.000  0.000 0.0000000000
94907  0.000  0.000  0.000 0.0000000000
94908  0.000  0.000  0.000 0.0000000000
94909  0.000  0.000  0.000 0.0000000000
94910  0.000  0.000  0.000 0.0000000000
94911  0.000  0.000  0.000 0.0000000000
94912  0.000  0.000  0.000 0.0000000000
94913  0.000  0.000  0.000 0.0000000000
94914  0.000  0.000  0.000 0.0000000000
94915  0.000  0.000  0.000 0.0000000000
94916  0.000  0.000  0.000 0.0000000000
94917  0.000  0.000  0.000 0.0000000000
94918  0.000  0.000  0.000 0.0000000000
94919  0.000  0.000  0.000 0.0000000000
94920  0.000  0.000  0.000 0.0000000000
94921  0.000  0.000  0.000 0.0000000000
94922  0.000  0.000  0.000 0.0000000000
94923  0.000  0.000  0.000 0.0000000000
94924  0.000  0.000  0.000 0.0000000000
94925  0.000  0.000  0.000 0.0000000000
94926  0.000  0.000  0.000 0.0000000000
94927  0.000  0.000  0.000 0.0000000000
94928  0.000  0.000  0.000 0.0000000000
94929  0.000  0.000  0.000 0.0000000000
94930  0.000  0.000  0.000 0.0000000000
94933  0.000  0.000  0.000 0.0000000000
94935  0.000  0.000  0.000 0.0000000000
94938  0.000  0.000  0.000 0.0000000000
94941  0.000  0.000  0.000 0.0000000000
94943  0.000  0.000  0.000 0.0000000000
94944  0.000  0.000  0.000 0.0000000000
94947  0.000  0.000  0.000 0.0000000000
94948  0.000  0.000  0.000 0.0000000000
94951  0.000  0.000  0.000 0.0000000000
94994  0.000  0.000  0.000 0.0000000000
94995  0.000  0.000  0.000 0.0000000000
94998  0.000  0.000  0.000 0.0000000000
94999  0.000  0.000  0.000 0.0000000000
95002  0.000  0.000  0.000 0.0000000000
95003  0.000  0.000  0.000 0.0000000000
95006  0.000  0.000  0.000 0.0000000000
95007  0.000  0.000  0.000 0.0000000000
95010  0.000  0.000  0.000 0.0000000000
95011  0.000  0.000  0.000 0.0000000000
95019  0.000  0.000  0.000 0.0000000000
95028  0.000  0.000  0.000 0.0000000000
95029  0.000  0.000  0.000 0.0000000000
95036  0.000  0.000  0.000 0.0000000000
95037  0.000  0.000  0.000 0.0000000000
95044  0.000  0.000  0.000 0.0000000000
95050  0.000  0.000  0.000 0.0000000000
95056  0.000  0.000  0.000 0.0000000000
95062  0.000  0.000  0.000 0.0000000000
95119  0.000  0.000  0.000 0.0000000000
95120  0.000  0.000  0.000 0.0000000000
95121  0.000  0.000  0.000 0.0000000000
95122  0.000  0.000  0.000 0.0000000000
95123  0.000  0.000  0.000 0.0000000000
95124  0.000  0.000  0.000 0.0000000000
95125  0.000  0.000  0.000 0.0000000000
95126  0.000  0.000  0.000 0.0000000000
95127  0.000  0.000  0.000 0.0000000000
95128  0.000  0.000  0.000 0.0000000000
95129  0.000  0.000  0.000 0.0000000000
95130  0.000  0.000  0.000 0.0000000000
95131  0.000  0.000  0.000 0.0000000000
95132  0.000  0.000  0.000 0.0000000000
95133  0.000  0.000  0.000 0.0000000000
95134  0.000  0.000  0.000 0.0000000000
95135  0.000  0.000  0.000 0.0000000000
95136  0.000  0.000  0.000 0.0000000000
95137  0.000  0.000  0.000 0.0000000000
95138  0.000  0.000  0.000 0.0000000000
95139  0.000  0.000  0.000 0.0000000000
95140  0.000  0.000  0.000 0.0000000000
95141  0.000  0.000  0.000 0.0000000000
95142  0.000  0.000  0.000 0.0000000000
95143  0.000  0.000  0.000 0.0000000000
95144  0.000  0.000  0.000 0.0000000000
95145  0.000  0.000  0.000 0.0000000000
95146  0.000  0.000  0.000 0.0000000000
95147  0.000  0.000  0.000 0.0000000000
95148  0.000  0.000  0.000 0.0000000000
95149  0.000  0.000  0.000 0.0000000000
95151  0.000  0.000  0.000 0.0000000000
95154  0.000  0.000  0.000 0.0000000000
95156  0.000  0.000  0.000 0.0000000000
95159  0.000  0.000  0.000 0.0000000000
95162  0.000  0.000  0.000 0.0000000000
95165  0.000  0.000  0.000 0.0000000000
95166  0.000  0.000  0.000 0.0000000000
95169  0.000  0.000  0.000 0.0000000000
95214  0.000  0.000  0.000 0.0000000000
95217  0.000  0.000  0.000 0.0000000000
95218  0.000  0.000  0.000 0.0000000000
95221  0.000  0.000  0.000 0.0000000000
95222  0.000  0.000  0.000 0.0000000000
95225  0.000  0.000  0.000 0.0000000000
95228  0.000  0.000  0.000 0.0000000000
95229  0.000  0.000  0.000 0.0000000000
95236  0.000  0.000  0.000 0.0000000000
95244  0.000  0.000  0.000 0.0000000000
95245  0.000  0.000  0.000 0.0000000000
95251  0.000  0.000  0.000 0.0000000000
95252  0.000  0.000  0.000 0.0000000000
95257  0.000  0.000  0.000 0.0000000000
95263  0.000  0.000  0.000 0.0000000000
95268  0.000  0.000  0.000 0.0000000000
95274  0.000  0.000  0.000 0.0000000000
95278  0.000  0.000  0.000 0.0000000000
95283  0.000  0.000  0.000 0.0000000000
95284  0.000  0.000  0.000 0.0000000000
95289  0.000  0.000  0.000 0.0000000000
95334  0.000  0.000  0.000 0.0000000000
95335  0.000  0.000  0.000 0.0000000000
95336  0.000  0.000  0.000 0.0000000000
95337  0.000  0.000  0.000 0.0000000000
95338  0.000  0.000  0.000 0.0000000000
95339  0.000  0.000  0.000 0.0000000000
95340  0.000  0.000  0.000 0.0000000000
95341  0.000  0.000  0.000 0.0000000000
95342  0.000  0.000  0.000 0.0000000000
95343  0.000  0.000  0.000 0.0000000000
95344  0.000  0.000  0.000 0.0000000000
95345  0.000  0.000  0.000 0.0000000000
95346  0.000  0.000  0.000 0.0000000000
95347  0.000  0.000  0.000 0.0000000000
95348  0.000  0.000  0.000 0.0000000000
95349  0.000  0.000  0.000 0.0000000000
95350  0.000  0.000  0.000 0.0000000000
95351  0.000  0.000  0.000 0.0000000000
95352  0.000  0.000  0.000 0.0000000000
95353  0.000  0.000  0.000 0.0000000000
95354  0.000  0.000  0.000 0.0000000000
95355  0.000  0.000  0.000 0.0000000000
95356  0.000  0.000  0.000 0.0000000000
95357  0.000  0.000  0.000 0.0000000000
95358  0.000  0.000  0.000 0.0000000000
95359  0.000  0.000  0.000 0.0000000000
95360  0.000  0.000  0.000 0.0000000000
95361  0.000  0.000  0.000 0.0000000000
95362  0.000  0.000  0.000 0.0000000000
95363  0.000  0.000  0.000 0.0000000000
95365  0.000  0.000  0.000 0.0000000000
95368  0.000  0.000  0.000 0.0000000000
95370  0.000  0.000  0.000 0.0000000000
95372  0.000  0.000  0.000 0.0000000000
95375  0.000  0.000  0.000 0.0000000000
95376  0.000  0.000  0.000 0.0000000000
95379  0.000  0.000  0.000 0.0000000000
95422  0.000  0.000  0.000 0.0000000000
95426  0.000  0.000  0.000 0.0000000000
95427  0.000  0.000  0.000 0.0000000000
95430  0.000  0.000  0.000 0.0000000000
95431  0.000  0.000  0.000 0.0000000000
95434  0.000  0.000  0.000 0.0000000000
95435  0.000  0.000  0.000 0.0000000000
95440  0.000  0.000  0.000 0.0000000000
95441  0.000  0.000  0.000 0.0000000000
95450  0.000  0.000  0.000 0.0000000000
95459  0.000  0.000  0.000 0.0000000000
95460  0.000  0.000  0.000 0.0000000000
95466  0.000  0.000  0.000 0.0000000000
95473  0.000  0.000  0.000 0.0000000000
95479  0.000  0.000  0.000 0.0000000000
95485  0.000  0.000  0.000 0.0000000000
95490  0.000  0.000  0.000 0.0000000000
95495  0.000  0.000  0.000 0.0000000000
95496  0.000  0.000  0.000 0.0000000000
95501  0.000  0.000  0.000 0.0000000000
95502  0.000  0.000  0.000 0.0000000000
95506  0.000  0.000  0.000 0.0000000000
95512  0.000  0.000  0.000 0.0000000000
95518  0.000  0.000  0.000 0.0000000000
95550  0.000  0.000  0.000 0.0000000000
95551  0.000  0.000  0.000 0.0000000000
95552  0.000  0.000  0.000 0.0000000000
95553  0.000  0.000  0.000 0.0000000000
95554  0.000  0.000  0.000 0.0000000000
95555  0.000  0.000  0.000 0.0000000000
95556  0.000  0.000  0.000 0.0000000000
95557  0.000  0.000  0.000 0.0000000000
95558  0.000  0.000  0.000 0.0000000000
95559  0.000  0.000  0.000 0.0000000000
95560  0.000  0.000  0.000 0.0000000000
95561  0.000  0.000  0.000 0.0000000000
95562  0.000  0.000  0.000 0.0000000000
95563  0.000  0.000  0.000 0.0000000000
95564  0.000  0.000  0.000 0.0000000000
95565  0.000  0.000  0.000 0.0000000000
95566  0.000  0.000  0.000 0.0000000000
95567  0.000  0.000  0.000 0.0000000000
95568  0.000  0.000  0.000 0.0000000000
95569  0.000  0.000  0.000 0.0000000000
95570  0.000  0.000  0.000 0.0000000000
95571  0.000  0.000  0.000 0.0000000000
95572  0.000  0.000  0.000 0.0000000000
95573  0.000  0.000  0.000 0.0000000000
95574  0.000  0.000  0.000 0.0000000000
95575  0.000  0.000  0.000 0.0000000000
95578  0.000  0.000  0.000 0.0000000000
95581  0.000  0.000  0.000 0.0000000000
95584  0.000  0.000  0.000 0.0000000000
95586  0.000  0.000  0.000 0.0000000000
95587  0.000  0.000  0.000 0.0000000000
95590  0.000  0.000  0.000 0.0000000000
95632  0.000  0.000  0.000 0.0000000000
95635  0.000  0.000  0.000 0.0000000000
95636  0.000  0.000  0.000 0.0000000000
95639  0.000  0.000  0.000 0.0000000000
95640  0.000  0.000  0.000 0.0000000000
95642  0.000  0.000  0.000 0.0000000000
95643  0.000  0.000  0.000 0.0000000000
95646  0.000  0.000  0.000 0.0000000000
95647  0.000  0.000  0.000 0.0000000000
95655  0.000  0.000  0.000 0.0000000000
95664  0.000  0.000  0.000 0.0000000000
95665  0.000  0.000  0.000 0.0000000000
95672  0.000  0.000  0.000 0.0000000000
95673  0.000  0.000  0.000 0.0000000000
95679  0.000  0.000  0.000 0.0000000000
95686  0.000  0.000  0.000 0.0000000000
95691  0.000  0.000  0.000 0.0000000000
95696  0.000  0.000  0.000 0.0000000000
95701  0.000  0.000  0.000 0.0000000000
95702  0.000  0.000  0.000 0.0000000000
95707  0.000  0.000  0.000 0.0000000000
95708  0.000  0.000  0.000 0.0000000000
95712  0.000  0.000  0.000 0.0000000000
95716  0.000  0.000  0.000 0.0000000000
95722  0.000  0.000  0.000 0.0000000000
95723  0.000  0.000  0.000 0.0000000000
95727  0.000  0.000  0.000 0.0000000000
95728  0.000  0.000  0.000 0.0000000000
95759  0.000  0.000  0.000 0.0000000000
95760  0.000  0.000  0.000 0.0000000000
95761  0.000  0.000  0.000 0.0000000000
95762  0.000  0.000  0.000 0.0000000000
95763  0.000  0.000  0.000 0.0000000000
95764  0.000  0.000  0.000 0.0000000000
95765  0.000  0.000  0.000 0.0000000000
95766  0.000  0.000  0.000 0.0000000000
95767  0.000  0.000  0.000 0.0000000000
95768  0.000  0.000  0.000 0.0000000000
95769  0.000  0.000  0.000 0.0000000000
95770  0.000  0.000  0.000 0.0000000000
95771  0.000  0.000  0.000 0.0000000000
95772  0.000  0.000  0.000 0.0000000000
95773  0.000  0.000  0.000 0.0000000000
95774  0.000  0.000  0.000 0.0000000000
95775  0.000  0.000  0.000 0.0000000000
95776  0.000  0.000  0.000 0.0000000000
95777  0.000  0.000  0.000 0.0000000000
95778  0.000  0.000  0.000 0.0000000000
95779  0.000  0.000  0.000 0.0000000000
95780  0.000  0.000  0.000 0.0000000000
95781  0.000  0.000  0.000 0.0000000000
95782  0.000  0.000  0.000 0.0000000000
95784  0.000  0.000  0.000 0.0000000000
95787  0.000  0.000  0.000 0.0000000000
95790  0.000  0.000  0.000 0.0000000000
95791  0.000  0.000  0.000 0.0000000000
95793  0.000  0.000  0.000 0.0000000000
95827  0.000  0.000  0.000 0.0000000000
95831  0.000  0.000  0.000 0.0000000000
95832  0.000  0.000  0.000 0.0000000000
95834  0.000  0.000  0.000 0.0000000000
95837  0.000  0.000  0.000 0.0000000000
95838  0.000  0.000  0.000 0.0000000000
95841  0.000  0.000  0.000 0.0000000000
95843  0.000  0.000  0.000 0.0000000000
95844  0.000  0.000  0.000 0.0000000000
95851  0.000  0.000  0.000 0.0000000000
95861  0.000  0.000  0.000 0.0000000000
95862  0.000  0.000  0.000 0.0000000000
95869  0.000  0.000  0.000 0.0000000000
95870  0.000  0.000  0.000 0.0000000000
95876  0.000  0.000  0.000 0.0000000000
95881  0.000  0.000  0.000 0.0000000000
95886  0.000  0.000  0.000 0.0000000000
95891  0.000  0.000  0.000 0.0000000000
95895  0.000  0.000  0.000 0.0000000000
95896  0.000  0.000  0.000 0.0000000000
95901  0.000  0.000  0.000 0.0000000000
95902  0.000  0.000  0.000 0.0000000000
95906  0.000  0.000  0.000 0.0000000000
95910  0.000  0.000  0.000 0.0000000000
95916  0.000  0.000  0.000 0.0000000000
95917  0.000  0.000  0.000 0.0000000000
95923  0.000  0.000  0.000 0.0000000000
95924  0.000  0.000  0.000 0.0000000000
95926  0.000  0.000  0.000 0.0000000000
95928  0.000  0.000  0.000 0.0000000000
95949  0.000  0.000  0.000 0.0000000000
95950  0.000  0.000  0.000 0.0000000000
95951  0.000  0.000  0.000 0.0000000000
95952  0.000  0.000  0.000 0.0000000000
95953  0.000  0.000  0.000 0.0000000000
95954  0.000  0.000  0.000 0.0000000000
95955  0.000  0.000  0.000 0.0000000000
95956  0.000  0.000  0.000 0.0000000000
95957  0.000  0.000  0.000 0.0000000000
95958  0.000  0.000  0.000 0.0000000000
95959  0.000  0.000  0.000 0.0000000000
95960  0.000  0.000  0.000 0.0000000000
95961  0.000  0.000  0.000 0.0000000000
95962  0.000  0.000  0.000 0.0000000000
95963  0.000  0.000  0.000 0.0000000000
95964  0.000  0.000  0.000 0.0000000000
95965  0.000  0.000  0.000 0.0000000000
95966  0.000  0.000  0.000 0.0000000000
95967  0.000  0.000  0.000 0.0000000000
95968  0.000  0.000  0.000 0.0000000000
95969  0.000  0.000  0.000 0.0000000000
95970  0.000  0.000  0.000 0.0000000000
95972  0.000  0.000  0.000 0.0000000000
95974  0.000  0.000  0.000 0.0000000000
95977  0.000  0.000  0.000 0.0000000000
95978  0.000  0.000  0.000 0.0000000000
96011  0.000  0.000  0.000 0.0000000000
96015  0.000  0.000  0.000 0.0000000000
96019  0.000  0.000  0.000 0.0000000000
96020  0.000  0.000  0.000 0.0000000000
96022  0.000  0.000  0.000 0.0000000000
96023  0.000  0.000  0.000 0.0000000000
96025  0.000  0.000  0.000 0.0000000000
96026  0.000  0.000  0.000 0.0000000000
96029  0.000  0.000  0.000 0.0000000000
96030  0.000  0.000  0.000 0.0000000000
96033  0.000  0.000  0.000 0.0000000000
96034  0.000  0.000  0.000 0.0000000000
96039  0.000  0.000  0.000 0.0000000000
96040  0.000  0.000  0.000 0.0000000000
96049  0.000  0.000  0.000 0.0000000000
96050  0.000  0.000  0.000 0.0000000000
96058  0.000  0.000  0.000 0.0000000000
96059  0.000  0.000  0.000 0.0000000000
96066  0.000  0.000  0.000 0.0000000000
96071  0.000  0.000  0.000 0.0000000000
96076  0.000  0.000  0.000 0.0000000000
96082  0.000  0.000  0.000 0.0000000000
96087  0.000  0.000  0.000 0.0000000000
96092  0.000  0.000  0.000 0.0000000000
96093  0.000  0.000  0.000 0.0000000000
96098  0.000  0.000  0.000 0.0000000000
96103  0.000  0.000  0.000 0.0000000000
96104  0.000  0.000  0.000 0.0000000000
96110  0.000  0.000  0.000 0.0000000000
96111  0.000  0.000  0.000 0.0000000000
96117  0.000  0.000  0.000 0.0000000000
96118  0.000  0.000  0.000 0.0000000000
96122  0.000  0.000  0.000 0.0000000000
96124  0.000  0.000  0.000 0.0000000000
96127  0.000  0.000  0.000 0.0000000000
96130  0.000  0.000  0.000 0.0000000000
96150  0.000  0.000  0.000 0.0000000000
96151  0.000  0.000  0.000 0.0000000000
96152  0.000  0.000  0.000 0.0000000000
96153  0.000  0.000  0.000 0.0000000000
96154  0.000  0.000  0.000 0.0000000000
96155  0.000  0.000  0.000 0.0000000000
96156  0.000  0.000  0.000 0.0000000000
96157  0.000  0.000  0.000 0.0000000000
96158  0.000  0.000  0.000 0.0000000000
96159  0.000  0.000  0.000 0.0000000000
96160  0.000  0.000  0.000 0.0000000000
96161  0.000  0.000  0.000 0.0000000000
96162  0.000  0.000  0.000 0.0000000000
96163  0.000  0.000  0.000 0.0000000000
96164  0.000  0.000  0.000 0.0000000000
96165  0.000  0.000  0.000 0.0000000000
96166  0.000  0.000  0.000 0.0000000000
96167  0.000  0.000  0.000 0.0000000000
96168  0.000  0.000  0.000 0.0000000000
96169  0.000  0.000  0.000 0.0000000000
96170  0.000  0.000  0.000 0.0000000000
96171  0.000  0.000  0.000 0.0000000000
96172  0.000  0.000  0.000 0.0000000000
96173  0.000  0.000  0.000 0.0000000000
96175  0.000  0.000  0.000 0.0000000000
96177  0.000  0.000  0.000 0.0000000000
96179  0.000  0.000  0.000 0.0000000000
96180  0.000  0.000  0.000 0.0000000000
96208  0.000  0.000  0.000 0.0000000000
96209  0.000  0.000  0.000 0.0000000000
96213  0.000  0.000  0.000 0.0000000000
96214  0.000  0.000  0.000 0.0000000000
96218  0.000  0.000  0.000 0.0000000000
96219  0.000  0.000  0.000 0.0000000000
96222  0.000  0.000  0.000 0.0000000000
96223  0.000  0.000  0.000 0.0000000000
96225  0.000  0.000  0.000 0.0000000000
96226  0.000  0.000  0.000 0.0000000000
96229  0.000  0.000  0.000 0.0000000000
96230  0.000  0.000  0.000 0.0000000000
96233  0.000  0.000  0.000 0.0000000000
96234  0.000  0.000  0.000 0.0000000000
96236  0.000  0.000  0.000 0.0000000000
96237  0.000  0.000  0.000 0.0000000000
96245  0.000  0.000  0.000 0.0000000000
96254  0.000  0.000  0.000 0.0000000000
96255  0.000  0.000  0.000 0.0000000000
96262  0.000  0.000  0.000 0.0000000000
96269  0.000  0.000  0.000 0.0000000000
96275  0.000  0.000  0.000 0.0000000000
96281  0.000  0.000  0.000 0.0000000000
96286  0.000  0.000  0.000 0.0000000000
96291  0.000  0.000  0.000 0.0000000000
96297  0.000  0.000  0.000 0.0000000000
96298  0.000  0.000  0.000 0.0000000000
96303  0.000  0.000  0.000 0.0000000000
96304  0.000  0.000  0.000 0.0000000000
96310  0.000  0.000  0.000 0.0000000000
96311  0.000  0.000  0.000 0.0000000000
96317  0.000  0.000  0.000 0.0000000000
96322  0.000  0.000  0.000 0.0000000000
96325  0.000  0.000  0.000 0.0000000000
96328  0.000  0.000  0.000 0.0000000000
96331  0.000  0.000  0.000 0.0000000000
96333  0.000  0.000  0.000 0.0000000000
96335  0.000  0.000  0.000 0.0000000000
96349  0.000  0.000  0.000 0.0000000000
96350  0.000  0.000  0.000 0.0000000000
96351  0.000  0.000  0.000 0.0000000000
96352  0.000  0.000  0.000 0.0000000000
96353  0.000  0.000  0.000 0.0000000000
96354  0.000  0.000  0.000 0.0000000000
96355  0.000  0.000  0.000 0.0000000000
96356  0.000  0.000  0.000 0.0000000000
96357  0.000  0.000  0.000 0.0000000000
96358  0.000  0.000  0.000 0.0000000000
96359  0.000  0.000  0.000 0.0000000000
96360  0.000  0.000  0.000 0.0000000000
96361  0.000  0.000  0.000 0.0000000000
96362  0.000  0.000  0.000 0.0000000000
96363  0.000  0.000  0.000 0.0000000000
96364  0.000  0.000  0.000 0.0000000000
96365  0.000  0.000  0.000 0.0000000000
96366  0.000  0.000  0.000 0.0000000000
96367  0.000  0.000  0.000 0.0000000000
96369  0.000  0.000  0.000 0.0000000000
96370  0.000  0.000  0.000 0.0000000000
96372  0.000  0.000  0.000 0.0000000000
96374  0.000  0.000  0.000 0.0000000000
96394  0.000  0.000  0.000 0.0000000000
96395  0.000  0.000  0.000 0.0000000000
96399  0.000  0.000  0.000 0.0000000000
96400  0.000  0.000  0.000 0.0000000000
96404  0.000  0.000  0.000 0.0000000000
96405  0.000  0.000  0.000 0.0000000000
96410  0.000  0.000  0.000 0.0000000000
96411  0.000  0.000  0.000 0.0000000000
96415  0.000  0.000  0.000 0.0000000000
96416  0.000  0.000  0.000 0.0000000000
96419  0.000  0.000  0.000 0.0000000000
96420  0.000  0.000  0.000 0.0000000000
96423  0.000  0.000  0.000 0.0000000000
96424  0.000  0.000  0.000 0.0000000000
96426  0.000  0.000  0.000 0.0000000000
96427  0.000  0.000  0.000 0.0000000000
96432  0.000  0.000  0.000 0.0000000000
96441  0.000  0.000  0.000 0.0000000000
96442  0.000  0.000  0.000 0.0000000000
96449  0.000  0.000  0.000 0.0000000000
96450  0.000  0.000  0.000 0.0000000000
96456  0.000  0.000  0.000 0.0000000000
96462  0.000  0.000  0.000 0.0000000000
96469  0.000  0.000  0.000 0.0000000000
96473  0.000  0.000  0.000 0.0000000000
96478  0.000  0.000  0.000 0.0000000000
96484  0.000  0.000  0.000 0.0000000000
96489  0.000  0.000  0.000 0.0000000000
96494  0.000  0.000  0.000 0.0000000000
96499  0.000  0.000  0.000 0.0000000000
96504  0.000  0.000  0.000 0.0000000000
96507  0.000  0.000  0.000 0.0000000000
96510  0.000  0.000  0.000 0.0000000000
96513  0.000  0.000  0.000 0.0000000000
96515  0.000  0.000  0.000 0.0000000000
96517  0.000  0.000  0.000 0.0000000000
96519  0.000  0.000  0.000 0.0000000000
96535  0.000  0.000  0.000 0.0000000000
96536  0.000  0.000  0.000 0.0000000000
96537  0.000  0.000  0.000 0.0000000000
96538  0.000  0.000  0.000 0.0000000000
96539  0.000  0.000  0.000 0.0000000000
96540  0.000  0.000  0.000 0.0000000000
96541  0.000  0.000  0.000 0.0000000000
96542  0.000  0.000  0.000 0.0000000000
96543  0.000  0.000  0.000 0.0000000000
96544  0.000  0.000  0.000 0.0000000000
96545  0.000  0.000  0.000 0.0000000000
96546  0.000  0.000  0.000 0.0000000000
96547  0.000  0.000  0.000 0.0000000000
96548  0.000  0.000  0.000 0.0000000000
96549  0.000  0.000  0.000 0.0000000000
96550  0.000  0.000  0.000 0.0000000000
96551  0.000  0.000  0.000 0.0000000000
96552  0.000  0.000  0.000 0.0000000000
96553  0.000  0.000  0.000 0.0000000000
96554  0.000  0.000  0.000 0.0000000000
96555  0.000  0.000  0.000 0.0000000000
96557  0.000  0.000  0.000 0.0000000000
96575  0.000  0.000  0.000 0.0000000000
96576  0.000  0.000  0.000 0.0000000000
96579  0.000  0.000  0.000 0.0000000000
96580  0.000  0.000  0.000 0.0000000000
96583  0.000  0.000  0.000 0.0000000000
96584  0.000  0.000  0.000 0.0000000000
96587  0.000  0.000  0.000 0.0000000000
96588  0.000  0.000  0.000 0.0000000000
96592  0.000  0.000  0.000 0.0000000000
96593  0.000  0.000  0.000 0.0000000000
96597  0.000  0.000  0.000 0.0000000000
96598  0.000  0.000  0.000 0.0000000000
96601  0.000  0.000  0.000 0.0000000000
96604  0.000  0.000  0.000 0.0000000000
96605  0.000  0.000  0.000 0.0000000000
96608  0.000  0.000  0.000 0.0000000000
96615  0.000  0.000  0.000 0.0000000000
96625  0.000  0.000  0.000 0.0000000000
96626  0.000  0.000  0.000 0.0000000000
96633  0.000  0.000  0.000 0.0000000000
96639  0.000  0.000  0.000 0.0000000000
96645  0.000  0.000  0.000 0.0000000000
96651  0.000  0.000  0.000 0.0000000000
96657  0.000  0.000  0.000 0.0000000000
96663  0.000  0.000  0.000 0.0000000000
96669  0.000  0.000  0.000 0.0000000000
96674  0.000  0.000  0.000 0.0000000000
96679  0.000  0.000  0.000 0.0000000000
96683  0.000  0.000  0.000 0.0000000000
96685  0.000  0.000  0.000 0.0000000000
96687  0.000  0.000  0.000 0.0000000000
96690  0.000  0.000  0.000 0.0000000000
96691  0.000  0.000  0.000 0.0000000000
96692  0.000  0.000  0.000 0.0000000000
96693  0.000  0.000  0.000 0.0000000000
96694  0.000  0.000  0.000 0.0000000000
96695  0.000  0.000  0.000 0.0000000000
96696  0.000  0.000  0.000 0.0000000000
96697  0.000  0.000  0.000 0.0000000000
96698  0.000  0.000  0.000 0.0000000000
96699  0.000  0.000  0.000 0.0000000000
96700  0.000  0.000  0.000 0.0000000000
96701  0.000  0.000  0.000 0.0000000000
96702  0.000  0.000  0.000 0.0000000000
96703  0.000  0.000  0.000 0.0000000000
96704  0.000  0.000  0.000 0.0000000000
96706  0.000  0.000  0.000 0.0000000000
96707  0.000  0.000  0.000 0.0000000000
96708  0.000  0.000  0.000 0.0000000000
96716  0.000  0.000  0.000 0.0000000000
96717  0.000  0.000  0.000 0.0000000000
96718  0.000  0.000  0.000 0.0000000000
96719  0.000  0.000  0.000 0.0000000000
96720  0.000  0.000  0.000 0.0000000000
96721  0.000  0.000  0.000 0.0000000000
96722  0.000  0.000  0.000 0.0000000000
96723  0.000  0.000  0.000 0.0000000000
96724  0.000  0.000  0.000 0.0000000000
96725  0.000  0.000  0.000 0.0000000000
96726  0.000  0.000  0.000 0.0000000000
96727  0.000  0.000  0.000 0.0000000000
96728  0.000  0.000  0.000 0.0000000000
96729  0.000  0.000  0.000 0.0000000000
96730  0.000  0.000  0.000 0.0000000000
96731  0.000  0.000  0.000 0.0000000000
96732  0.000  0.000  0.000 0.0000000000
96733  0.000  0.000  0.000 0.0000000000
96734  0.000  0.000  0.000 0.0000000000
96735  0.000  0.000  0.000 0.0000000000
96736  0.000  0.000  0.000 0.0000000000
96739  0.000  0.000  0.000 0.0000000000
96752  0.000  0.000  0.000 0.0000000000
96753  0.000  0.000  0.000 0.0000000000
96755  0.000  0.000  0.000 0.0000000000
96756  0.000  0.000  0.000 0.0000000000
96759  0.000  0.000  0.000 0.0000000000
96760  0.000  0.000  0.000 0.0000000000
96764  0.000  0.000  0.000 0.0000000000
96765  0.000  0.000  0.000 0.0000000000
96769  0.000  0.000  0.000 0.0000000000
96770  0.000  0.000  0.000 0.0000000000
96774  0.000  0.000  0.000 0.0000000000
96775  0.000  0.000  0.000 0.0000000000
96779  0.000  0.000  0.000 0.0000000000
96783  0.000  0.000  0.000 0.0000000000
96784  0.000  0.000  0.000 0.0000000000
96787  0.000  0.000  0.000 0.0000000000
96788  0.000  0.000  0.000 0.0000000000
96791  0.000  0.000  0.000 0.0000000000
96800  0.000  0.000  0.000 0.0000000000
96801  0.000  0.000  0.000 0.0000000000
96809  0.000  0.000  0.000 0.0000000000
96810  0.000  0.000  0.000 0.0000000000
96816  0.000  0.000  0.000 0.0000000000
96821  0.000  0.000  0.000 0.0000000000
96826  0.000  0.000  0.000 0.0000000000
96832  0.000  0.000  0.000 0.0000000000
96838  0.000  0.000  0.000 0.0000000000
96844  0.000  0.000  0.000 0.0000000000
96850  0.000  0.000  0.000 0.0000000000
96854  0.000  0.000  0.000 0.0000000000
96856  0.000  0.000  0.000 0.0000000000
96858  0.000  0.000  0.000 0.0000000000
96859  0.000  0.000  0.000 0.0000000000
96861  0.000  0.000  0.000 0.0000000000
96862  0.000  0.000  0.000 0.0000000000
96864  0.000  0.000  0.000 0.0000000000
96865  0.000  0.000  0.000 0.0000000000
96868  0.000  0.000  0.000 0.0000000000
96869  0.000  0.000  0.000 0.0000000000
96870  0.000  0.000  0.000 0.0000000000
96871  0.000  0.000  0.000 0.0000000000
96872  0.000  0.000  0.000 0.0000000000
96873  0.000  0.000  0.000 0.0000000000
96874  0.000  0.000  0.000 0.0000000000
96875  0.000  0.000  0.000 0.0000000000
96876  0.000  0.000  0.000 0.0000000000
96877  0.000  0.000  0.000 0.0000000000
96878  0.000  0.000  0.000 0.0000000000
96879  0.000  0.000  0.000 0.0000000000
96880  0.000  0.000  0.000 0.0000000000
96881  0.000  0.000  0.000 0.0000000000
96882  0.000  0.000  0.000 0.0000000000
96883  0.000  0.000  0.000 0.0000000000
96884  0.000  0.000  0.000 0.0000000000
96885  0.000  0.000  0.000 0.0000000000
96886  0.000  0.000  0.000 0.0000000000
96887  0.000  0.000  0.000 0.0000000000
96888  0.000  0.000  0.000 0.0000000000
96889  0.000  0.000  0.000 0.0000000000
96890  0.000  0.000  0.000 0.0000000000
96891  0.000  0.000  0.000 0.0000000000
96892  0.000  0.000  0.000 0.0000000000
96893  0.000  0.000  0.000 0.0000000000
96894  0.000  0.000  0.000 0.0000000000
96895  0.000  0.000  0.000 0.0000000000
96896  0.000  0.000  0.000 0.0000000000
96897  0.000  0.000  0.000 0.0000000000
96898  0.000  0.000  0.000 0.0000000000
96899  0.000  0.000  0.000 0.0000000000
96900  0.000  0.000  0.000 0.0000000000
96901  0.000  0.000  0.000 0.0000000000
96902  0.000  0.000  0.000 0.0000000000
96903  0.000  0.000  0.000 0.0000000000
96904  0.000  0.000  0.000 0.0000000000
96905  0.000  0.000  0.000 0.0000000000
96907  0.000  0.000  0.000 0.0000000000
96908  0.000  0.000  0.000 0.0000000000
96911  0.000  0.000  0.000 0.0000000000
96912  0.000  0.000  0.000 0.0000000000
96913  0.000  0.000  0.000 0.0000000000
96915  0.000  0.000  0.000 0.0000000000
96916  0.000  0.000  0.000 0.0000000000
96917  0.000  0.000  0.000 0.0000000000
96918  0.000  0.000  0.000 0.0000000000
96920  0.000  0.000  0.000 0.0000000000
96921  0.000  0.000  0.000 0.0000000000
96924  0.000  0.000  0.000 0.0000000000
96925  0.000  0.000  0.000 0.0000000000
96928  0.000  0.000  0.000 0.0000000000
96929  0.000  0.000  0.000 0.0000000000
96932  0.000  0.000  0.000 0.0000000000
96933  0.000  0.000  0.000 0.0000000000
96936  0.000  0.000  0.000 0.0000000000
96939  0.000  0.000  0.000 0.0000000000
96940  0.000  0.000  0.000 0.0000000000
96944  0.000  0.000  0.000 0.0000000000
96948  0.000  0.000  0.000 0.0000000000
96949  0.000  0.000  0.000 0.0000000000
96953  0.000  0.000  0.000 0.0000000000
96954  0.000  0.000  0.000 0.0000000000
96957  0.000  0.000  0.000 0.0000000000
96962  0.000  0.000  0.000 0.0000000000
96972  0.000  0.000  0.000 0.0000000000
96973  0.000  0.000  0.000 0.0000000000
96980  0.000  0.000  0.000 0.0000000000
96987  0.000  0.000  0.000 0.0000000000
96993  0.000  0.000  0.000 0.0000000000
96999  0.000  0.000  0.000 0.0000000000
97005  0.000  0.000  0.000 0.0000000000
97010  0.000  0.000  0.000 0.0000000000
97015  0.000  0.000  0.000 0.0000000000
97018  0.000  0.000  0.000 0.0000000000
97020  0.000  0.000  0.000 0.0000000000
97021  0.000  0.000  0.000 0.0000000000
97023  0.000  0.000  0.000 0.0000000000
97024  0.000  0.000  0.000 0.0000000000
97026  0.000  0.000  0.000 0.0000000000
97027  0.000  0.000  0.000 0.0000000000
97029  0.000  0.000  0.000 0.0000000000
97031  0.000  0.000  0.000 0.0000000000
97032  0.000  0.000  0.000 0.0000000000
97033  0.000  0.000  0.000 0.0000000000
97034  0.000  0.000  0.000 0.0000000000
97035  0.000  0.000  0.000 0.0000000000
97036  0.000  0.000  0.000 0.0000000000
97037  0.000  0.000  0.000 0.0000000000
97038  0.000  0.000  0.000 0.0000000000
97039  0.000  0.000  0.000 0.0000000000
97040  0.000  0.000  0.000 0.0000000000
97041  0.000  0.000  0.000 0.0000000000
97042  0.000  0.000  0.000 0.0000000000
97043  0.000  0.000  0.000 0.0000000000
97044  0.000  0.000  0.000 0.0000000000
97045  0.000  0.000  0.000 0.0000000000
97046  0.000  0.000  0.000 0.0000000000
97047  0.000  0.000  0.000 0.0000000000
97048  0.000  0.000  0.000 0.0000000000
97049  0.000  0.000  0.000 0.0000000000
97050  0.000  0.000  0.000 0.0000000000
97051  0.000  0.000  0.000 0.0000000000
97052  0.000  0.000  0.000 0.0000000000
97053  0.000  0.000  0.000 0.0000000000
97054  0.000  0.000  0.000 0.0000000000
97055  0.000  0.000  0.000 0.0000000000
97056  0.000  0.000  0.000 0.0000000000
97057  0.000  0.000  0.000 0.0000000000
97058  0.000  0.000  0.000 0.0000000000
97059  0.000  0.000  0.000 0.0000000000
97060  0.000  0.000  0.000 0.0000000000
97061  0.000  0.000  0.000 0.0000000000
97062  0.000  0.000  0.000 0.0000000000
97063  0.000  0.000  0.000 0.0000000000
97064  0.000  0.000  0.000 0.0000000000
97065  0.000  0.000  0.000 0.0000000000
97066  0.000  0.000  0.000 0.0000000000
97067  0.000  0.000  0.000 0.0000000000
97068  0.000  0.000  0.000 0.0000000000
97069  0.000  0.000  0.000 0.0000000000
97070  0.000  0.000  0.000 0.0000000000
97071  0.000  0.000  0.000 0.0000000000
97072  0.000  0.000  0.000 0.0000000000
97073  0.000  0.000  0.000 0.0000000000
97074  0.000  0.000  0.000 0.0000000000
97075  0.000  0.000  0.000 0.0000000000
97076  0.000  0.000  0.000 0.0000000000
97077  0.000  0.000  0.000 0.0000000000
97078  0.000  0.000  0.000 0.0000000000
97079  0.000  0.000  0.000 0.0000000000
97080  0.000  0.000  0.000 0.0000000000
97081  0.000  0.000  0.000 0.0000000000
97083  0.000  0.000  0.000 0.0000000000
97084  0.000  0.000  0.000 0.0000000000
97086  0.000  0.000  0.000 0.0000000000
97087  0.000  0.000  0.000 0.0000000000
97090  0.000  0.000  0.000 0.0000000000
97094  0.000  0.000  0.000 0.0000000000
97095  0.000  0.000  0.000 0.0000000000
97099  0.000  0.000  0.000 0.0000000000
97100  0.000  0.000  0.000 0.0000000000
97104  0.000  0.000  0.000 0.0000000000
97107  0.000  0.000  0.000 0.0000000000
97108  0.000  0.000  0.000 0.0000000000
97112  0.000  0.000  0.000 0.0000000000
97116  0.000  0.000  0.000 0.0000000000
97123  0.000  0.000  0.000 0.0000000000
97133  0.000  0.000  0.000 0.0000000000
97134  0.000  0.000  0.000 0.0000000000
97140  0.000  0.000  0.000 0.0000000000
97141  0.000  0.000  0.000 0.0000000000
97148  0.000  0.000  0.000 0.0000000000
97155  0.000  0.000  0.000 0.0000000000
97161  0.000  0.000  0.000 0.0000000000
97167  0.000  0.000  0.000 0.0000000000
97172  0.000  0.000  0.000 0.0000000000
97174  0.000  0.000  0.000 0.0000000000
97177  0.000  0.000  0.000 0.0000000000
97178  0.000  0.000  0.000 0.0000000000
97180  0.000  0.000  0.000 0.0000000000
97181  0.000  0.000  0.000 0.0000000000
97183  0.000  0.000  0.000 0.0000000000
97185  0.000  0.000  0.000 0.0000000000
97187  0.000  0.000  0.000 0.0000000000
97188  0.000  0.000  0.000 0.0000000000
97190  0.000  0.000  0.000 0.0000000000
97191  0.000  0.000  0.000 0.0000000000
97192  0.000  0.000  0.000 0.0000000000
97193  0.000  0.000  0.000 0.0000000000
97194  0.000  0.000  0.000 0.0000000000
97195  0.000  0.000  0.000 0.0000000000
97196  0.000  0.000  0.000 0.0000000000
97197  0.000  0.000  0.000 0.0000000000
97198  0.000  0.000  0.000 0.0000000000
97199  0.000  0.000  0.000 0.0000000000
97200  0.000  0.000  0.000 0.0000000000
97201  0.000  0.000  0.000 0.0000000000
97202  0.000  0.000  0.000 0.0000000000
97203  0.000  0.000  0.000 0.0000000000
97204  0.000  0.000  0.000 0.0000000000
97205  0.000  0.000  0.000 0.0000000000
97206  0.000  0.000  0.000 0.0000000000
97207  0.000  0.000  0.000 0.0000000000
97208  0.000  0.000  0.000 0.0000000000
97209  0.000  0.000  0.000 0.0000000000
97210  0.000  0.000  0.000 0.0000000000
97211  0.000  0.000  0.000 0.0000000000
97212  0.000  0.000  0.000 0.0000000000
97213  0.000  0.000  0.000 0.0000000000
97214  0.000  0.000  0.000 0.0000000000
97215  0.000  0.000  0.000 0.0000000000
97216  0.000  0.000  0.000 0.0000000000
97217  0.000  0.000  0.000 0.0000000000
97218  0.000  0.000  0.000 0.0000000000
97219  0.000  0.000  0.000 0.0000000000
97220  0.000  0.000  0.000 0.0000000000
97221  0.000  0.000  0.000 0.0000000000
97222  0.000  0.000  0.000 0.0000000000
97223  0.000  0.000  0.000 0.0000000000
97224  0.000  0.000  0.000 0.0000000000
97225  0.000  0.000  0.000 0.0000000000
97226  0.000  0.000  0.000 0.0000000000
97227  0.000  0.000  0.000 0.0000000000
97228  0.000  0.000  0.000 0.0000000000
97229  0.000  0.000  0.000 0.0000000000
97230  0.000  0.000  0.000 0.0000000000
97231  0.000  0.000  0.000 0.0000000000
97232  0.000  0.000  0.000 0.0000000000
97233  0.000  0.000  0.000 0.0000000000
97234  0.000  0.000  0.000 0.0000000000
97235  0.000  0.000  0.000 0.0000000000
97236  0.000  0.000  0.000 0.0000000000
97237  0.000  0.000  0.000 0.0000000000
97238  0.000  0.000  0.000 0.0000000000
97240  0.000  0.000  0.000 0.0000000000
97241  0.000  0.000  0.000 0.0000000000
97244  0.000  0.000  0.000 0.0000000000
97247  0.000  0.000  0.000 0.0000000000
97248  0.000  0.000  0.000 0.0000000000
97251  0.000  0.000  0.000 0.0000000000
97252  0.000  0.000  0.000 0.0000000000
97255  0.000  0.000  0.000 0.0000000000
97259  0.000  0.000  0.000 0.0000000000
97260  0.000  0.000  0.000 0.0000000000
97264  0.000  0.000  0.000 0.0000000000
97265  0.000  0.000  0.000 0.0000000000
97269  0.000  0.000  0.000 0.0000000000
97272  0.000  0.000  0.000 0.0000000000
97280  0.000  0.000  0.000 0.0000000000
97289  0.000  0.000  0.000 0.0000000000
97296  0.000  0.000  0.000 0.0000000000
97297  0.000  0.000  0.000 0.0000000000
97304  0.000  0.000  0.000 0.0000000000
97305  0.000  0.000  0.000 0.0000000000
97311  0.000  0.000  0.000 0.0000000000
97312  0.000  0.000  0.000 0.0000000000
97317  0.000  0.000  0.000 0.0000000000
97321  0.000  0.000  0.000 0.0000000000
97323  0.000  0.000  0.000 0.0000000000
97324  0.000  0.000  0.000 0.0000000000
97326  0.000  0.000  0.000 0.0000000000
97327  0.000  0.000  0.000 0.0000000000
97330  0.000  0.000  0.000 0.0000000000
97331  0.000  0.000  0.000 0.0000000000
97333  0.000  0.000  0.000 0.0000000000
97335  0.000  0.000  0.000 0.0000000000
97336  0.000  0.000  0.000 0.0000000000
97337  0.000  0.000  0.000 0.0000000000
97338  0.000  0.000  0.000 0.0000000000
97339  0.000  0.000  0.000 0.0000000000
97340  0.000  0.000  0.000 0.0000000000
97341  0.000  0.000  0.000 0.0000000000
97342  0.000  0.000  0.000 0.0000000000
97343  0.000  0.000  0.000 0.0000000000
97344  0.000  0.000  0.000 0.0000000000
97345  0.000  0.000  0.000 0.0000000000
97346  0.000  0.000  0.000 0.0000000000
97347  0.000  0.000  0.000 0.0000000000
97348  0.000  0.000  0.000 0.0000000000
97349  0.000  0.000  0.000 0.0000000000
97350  0.000  0.000  0.000 0.0000000000
97351  0.000  0.000  0.000 0.0000000000
97352  0.000  0.000  0.000 0.0000000000
97353  0.000  0.000  0.000 0.0000000000
97354  0.000  0.000  0.000 0.0000000000
97355  0.000  0.000  0.000 0.0000000000
97356  0.000  0.000  0.000 0.0000000000
97357  0.000  0.000  0.000 0.0000000000
97358  0.000  0.000  0.000 0.0000000000
97359  0.000  0.000  0.000 0.0000000000
97360  0.000  0.000  0.000 0.0000000000
97361  0.000  0.000  0.000 0.0000000000
97362  0.000  0.000  0.000 0.0000000000
97363  0.000  0.000  0.000 0.0000000000
97364  0.000  0.000  0.000 0.0000000000
97365  0.000  0.000  0.000 0.0000000000
97366  0.000  0.000  0.000 0.0000000000
97367  0.000  0.000  0.000 0.0000000000
97368  0.000  0.000  0.000 0.0000000000
97369  0.000  0.000  0.000 0.0000000000
97370  0.000  0.000  0.000 0.0000000000
97371  0.000  0.000  0.000 0.0000000000
97372  0.000  0.000  0.000 0.0000000000
97373  0.000  0.000  0.000 0.0000000000
97374  0.000  0.000  0.000 0.0000000000
97375  0.000  0.000  0.000 0.0000000000
97376  0.000  0.000  0.000 0.0000000000
97377  0.000  0.000  0.000 0.0000000000
97378  0.000  0.000  0.000 0.0000000000
97379  0.000  0.000  0.000 0.0000000000
97380  0.000  0.000  0.000 0.0000000000
97381  0.000  0.000  0.000 0.0000000000
97382  0.000  0.000  0.000 0.0000000000
97383  0.000  0.000  0.000 0.0000000000
97384  0.000  0.000  0.000 0.0000000000
97385  0.000  0.000  0.000 0.0000000000
97386  0.000  0.000  0.000 0.0000000000
97387  0.000  0.000  0.000 0.0000000000
97388  0.000  0.000  0.000 0.0000000000
97389  0.000  0.000  0.000 0.0000000000
97390  0.000  0.000  0.000 0.0000000000
97391  0.000  0.000  0.000 0.0000000000
97393  0.000  0.000  0.000 0.0000000000
97394  0.000  0.000  0.000 0.0000000000
97397  0.000  0.000  0.000 0.0000000000
97398  0.000  0.000  0.000 0.0000000000
97402  0.000  0.000  0.000 0.0000000000
97406  0.000  0.000  0.000 0.0000000000
97410  0.000  0.000  0.000 0.0000000000
97411  0.000  0.000  0.000 0.0000000000
97415  0.000  0.000  0.000 0.0000000000
97419  0.000  0.000  0.000 0.0000000000
97423  0.000  0.000  0.000 0.0000000000
97433  0.000  0.000  0.000 0.0000000000
97442  0.000  0.000  0.000 0.0000000000
97450  0.000  0.000  0.000 0.0000000000
97458  0.000  0.000  0.000 0.0000000000
97463  0.000  0.000  0.000 0.0000000000
97464  0.000  0.000  0.000 0.0000000000
97466  0.000  0.000  0.000 0.0000000000
97467  0.000  0.000  0.000 0.0000000000
97469  0.000  0.000  0.000 0.0000000000
97470  0.000  0.000  0.000 0.0000000000
97472  0.000  0.000  0.000 0.0000000000
97473  0.000  0.000  0.000 0.0000000000
97475  0.000  0.000  0.000 0.0000000000
97478  0.000  0.000  0.000 0.0000000000
97480  0.000  0.000  0.000 0.0000000000
97481  0.000  0.000  0.000 0.0000000000
97482  0.000  0.000  0.000 0.0000000000
97483  0.000  0.000  0.000 0.0000000000
97484  0.000  0.000  0.000 0.0000000000
97485  0.000  0.000  0.000 0.0000000000
97486  0.000  0.000  0.000 0.0000000000
97487  0.000  0.000  0.000 0.0000000000
97488  0.000  0.000  0.000 0.0000000000
97489  0.000  0.000  0.000 0.0000000000
97490  0.000  0.000  0.000 0.0000000000
97491  0.000  0.000  0.000 0.0000000000
97492  0.000  0.000  0.000 0.0000000000
97493  0.000  0.000  0.000 0.0000000000
97494  0.000  0.000  0.000 0.0000000000
97495  0.000  0.000  0.000 0.0000000000
97496  0.000  0.000  0.000 0.0000000000
97497  0.000  0.000  0.000 0.0000000000
97498  0.000  0.000  0.000 0.0000000000
97499  0.000  0.000  0.000 0.0000000000
97500  0.000  0.000  0.000 0.0000000000
97501  0.000  0.000  0.000 0.0000000000
97502  0.000  0.000  0.000 0.0000000000
97503  0.000  0.000  0.000 0.0000000000
97504  0.000  0.000  0.000 0.0000000000
97505  0.000  0.000  0.000 0.0000000000
97506  0.000  0.000  0.000 0.0000000000
97507  0.000  0.000  0.000 0.0000000000
97508  0.000  0.000  0.000 0.0000000000
97509  0.000  0.000  0.000 0.0000000000
97510  0.000  0.000  0.000 0.0000000000
97511  0.000  0.000  0.000 0.0000000000
97512  0.000  0.000  0.000 0.0000000000
97513  0.000  0.000  0.000 0.0000000000
97514  0.000  0.000  0.000 0.0000000000
97515  0.000  0.000  0.000 0.0000000000
97516  0.000  0.000  0.000 0.0000000000
97517  0.000  0.000  0.000 0.0000000000
97518  0.000  0.000  0.000 0.0000000000
97519  0.000  0.000  0.000 0.0000000000
97520  0.000  0.000  0.000 0.0000000000
97521  0.000  0.000  0.000 0.0000000000
97522  0.000  0.000  0.000 0.0000000000
97523  0.000  0.000  0.000 0.0000000000
97524  0.000  0.000  0.000 0.0000000000
97525  0.000  0.000  0.000 0.0000000000
97526  0.000  0.000  0.000 0.0000000000
97527  0.000  0.000  0.000 0.0000000000
97528  0.000  0.000  0.000 0.0000000000
97529  0.000  0.000  0.000 0.0000000000
97530  0.000  0.000  0.000 0.0000000000
97532  0.000  0.000  0.000 0.0000000000
97533  0.000  0.000  0.000 0.0000000000
97536  0.000  0.000  0.000 0.0000000000
97539  0.000  0.000  0.000 0.0000000000
97543  0.000  0.000  0.000 0.0000000000
97547  0.000  0.000  0.000 0.0000000000
97548  0.000  0.000  0.000 0.0000000000
97552  0.000  0.000  0.000 0.0000000000
97556  0.000  0.000  0.000 0.0000000000
97560  0.000  0.000  0.000 0.0000000000
97569  0.000  0.000  0.000 0.0000000000
97578  0.000  0.000  0.000 0.0000000000
97585  0.000  0.000  0.000 0.0000000000
97590  0.000  0.000  0.000 0.0000000000
97592  0.000  0.000  0.000 0.0000000000
97594  0.000  0.000  0.000 0.0000000000
97596  0.000  0.000  0.000 0.0000000000
97598  0.000  0.000  0.000 0.0000000000
97600  0.000  0.000  0.000 0.0000000000
97601  0.000  0.000  0.000 0.0000000000
97604  0.000  0.000  0.000 0.0000000000
97605  0.000  0.000  0.000 0.0000000000
97607  0.000  0.000  0.000 0.0000000000
97608  0.000  0.000  0.000 0.0000000000
97609  0.000  0.000  0.000 0.0000000000
97610  0.000  0.000  0.000 0.0000000000
97611  0.000  0.000  0.000 0.0000000000
97612  0.000  0.000  0.000 0.0000000000
97613  0.000  0.000  0.000 0.0000000000
97614  0.000  0.000  0.000 0.0000000000
97615  0.000  0.000  0.000 0.0000000000
97616  0.000  0.000  0.000 0.0000000000
97617  0.000  0.000  0.000 0.0000000000
97618  0.000  0.000  0.000 0.0000000000
97619  0.000  0.000  0.000 0.0000000000
97620  0.000  0.000  0.000 0.0000000000
97621  0.000  0.000  0.000 0.0000000000
97622  0.000  0.000  0.000 0.0000000000
97623  0.000  0.000  0.000 0.0000000000
97624  0.000  0.000  0.000 0.0000000000
97625  0.000  0.000  0.000 0.0000000000
97626  0.000  0.000  0.000 0.0000000000
97627  0.000  0.000  0.000 0.0000000000
97628  0.000  0.000  0.000 0.0000000000
97629  0.000  0.000  0.000 0.0000000000
97630  0.000  0.000  0.000 0.0000000000
97631  0.000  0.000  0.000 0.0000000000
97632  0.000  0.000  0.000 0.0000000000
97633  0.000  0.000  0.000 0.0000000000
97634  0.000  0.000  0.000 0.0000000000
97635  0.000  0.000  0.000 0.0000000000
97636  0.000  0.000  0.000 0.0000000000
97637  0.000  0.000  0.000 0.0000000000
97638  0.000  0.000  0.000 0.0000000000
97639  0.000  0.000  0.000 0.0000000000
97640  0.000  0.000  0.000 0.0000000000
97641  0.000  0.000  0.000 0.0000000000
97642  0.000  0.000  0.000 0.0000000000
97643  0.000  0.000  0.000 0.0000000000
97644  0.000  0.000  0.000 0.0000000000
97645  0.000  0.000  0.000 0.0000000000
97646  0.000  0.000  0.000 0.0000000000
97647  0.000  0.000  0.000 0.0000000000
97648  0.000  0.000  0.000 0.0000000000
97649  0.000  0.000  0.000 0.0000000000
97650  0.000  0.000  0.000 0.0000000000
97652  0.000  0.000  0.000 0.0000000000
97653  0.000  0.000  0.000 0.0000000000
97655  0.000  0.000  0.000 0.0000000000
97658  0.000  0.000  0.000 0.0000000000
97659  0.000  0.000  0.000 0.0000000000
97663  0.000  0.000  0.000 0.0000000000
97664  0.000  0.000  0.000 0.0000000000
97668  0.000  0.000  0.000 0.0000000000
97671  0.000  0.000  0.000 0.0000000000
97675  0.000  0.000  0.000 0.0000000000
97686  0.000  0.000  0.000 0.0000000000
97693  0.000  0.000  0.000 0.0000000000
97698  0.000  0.000  0.000 0.0000000000
97700  0.000  0.000  0.000 0.0000000000
97702  0.000  0.000  0.000 0.0000000000
97704  0.000  0.000  0.000 0.0000000000
97706  0.000  0.000  0.000 0.0000000000
97708  0.000  0.000  0.000 0.0000000000
97709  0.000  0.000  0.000 0.0000000000
97711  0.000  0.000  0.000 0.0000000000
97712  0.000  0.000  0.000 0.0000000000
97715  0.000  0.000  0.000 0.0000000000
97717  0.000  0.000  0.000 0.0000000000
97718  0.000  0.000  0.000 0.0000000000
97719  0.000  0.000  0.000 0.0000000000
97720  0.000  0.000  0.000 0.0000000000
97721  0.000  0.000  0.000 0.0000000000
97722  0.000  0.000  0.000 0.0000000000
97723  0.000  0.000  0.000 0.0000000000
97724  0.000  0.000  0.000 0.0000000000
97725  0.000  0.000  0.000 0.0000000000
97726  0.000  0.000  0.000 0.0000000000
97727  0.000  0.000  0.000 0.0000000000
97728  0.000  0.000  0.000 0.0000000000
97729  0.000  0.000  0.000 0.0000000000
97730  0.000  0.000  0.000 0.0000000000
97731  0.000  0.000  0.000 0.0000000000
97732  0.000  0.000  0.000 0.0000000000
97733  0.000  0.000  0.000 0.0000000000
97734  0.000  0.000  0.000 0.0000000000
97735  0.000  0.000  0.000 0.0000000000
97736  0.000  0.000  0.000 0.0000000000
97737  0.000  0.000  0.000 0.0000000000
97738  0.000  0.000  0.000 0.0000000000
97739  0.000  0.000  0.000 0.0000000000
97740  0.000  0.000  0.000 0.0000000000
97741  0.000  0.000  0.000 0.0000000000
97742  0.000  0.000  0.000 0.0000000000
97743  0.000  0.000  0.000 0.0000000000
97744  0.000  0.000  0.000 0.0000000000
97745  0.000  0.000  0.000 0.0000000000
97746  0.000  0.000  0.000 0.0000000000
97747  0.000  0.000  0.000 0.0000000000
97748  0.000  0.000  0.000 0.0000000000
97749  0.000  0.000  0.000 0.0000000000
97750  0.000  0.000  0.000 0.0000000000
97751  0.000  0.000  0.000 0.0000000000
97752  0.000  0.000  0.000 0.0000000000
97753  0.000  0.000  0.000 0.0000000000
97754  0.000  0.000  0.000 0.0000000000
97755  0.000  0.000  0.000 0.0000000000
97756  0.000  0.000  0.000 0.0000000000
97757  0.000  0.000  0.000 0.0000000000
97758  0.000  0.000  0.000 0.0000000000
97759  0.000  0.000  0.000 0.0000000000
97760  0.000  0.000  0.000 0.0000000000
97761  0.000  0.000  0.000 0.0000000000
97763  0.000  0.000  0.000 0.0000000000
97767  0.000  0.000  0.000 0.0000000000
97768  0.000  0.000  0.000 0.0000000000
97772  0.000  0.000  0.000 0.0000000000
97773  0.000  0.000  0.000 0.0000000000
97778  0.000  0.000  0.000 0.0000000000
97782  0.000  0.000  0.000 0.0000000000
97786  0.000  0.000  0.000 0.0000000000
97796  0.000  0.000  0.000 0.0000000000
97798  0.000  0.000  0.000 0.0000000000
97801  0.000  0.000  0.000 0.0000000000
97803  0.000  0.000  0.000 0.0000000000
97805  0.000  0.000  0.000 0.0000000000
97806  0.000  0.000  0.000 0.0000000000
97808  0.000  0.000  0.000 0.0000000000
97809  0.000  0.000  0.000 0.0000000000
97811  0.000  0.000  0.000 0.0000000000
97812  0.000  0.000  0.000 0.0000000000
97814  0.000  0.000  0.000 0.0000000000
97815  0.000  0.000  0.000 0.0000000000
97818  0.000  0.000  0.000 0.0000000000
97821  0.000  0.000  0.000 0.0000000000
97822  0.000  0.000  0.000 0.0000000000
97823  0.000  0.000  0.000 0.0000000000
97824  0.000  0.000  0.000 0.0000000000
97825  0.000  0.000  0.000 0.0000000000
97826  0.000  0.000  0.000 0.0000000000
97827  0.000  0.000  0.000 0.0000000000
97828  0.000  0.000  0.000 0.0000000000
97829  0.000  0.000  0.000 0.0000000000
97830  0.000  0.000  0.000 0.0000000000
97831  0.000  0.000  0.000 0.0000000000
97832  0.000  0.000  0.000 0.0000000000
97833  0.000  0.000  0.000 0.0000000000
97834  0.000  0.000  0.000 0.0000000000
97835  0.000  0.000  0.000 0.0000000000
97836  0.000  0.000  0.000 0.0000000000
97837  0.000  0.000  0.000 0.0000000000
97838  0.000  0.000  0.000 0.0000000000
97839  0.000  0.000  0.000 0.0000000000
97840  0.000  0.000  0.000 0.0000000000
97841  0.000  0.000  0.000 0.0000000000
97842  0.000  0.000  0.000 0.0000000000
97843  0.000  0.000  0.000 0.0000000000
97844  0.000  0.000  0.000 0.0000000000
97845  0.000  0.000  0.000 0.0000000000
97846  0.000  0.000  0.000 0.0000000000
97847  0.000  0.000  0.000 0.0000000000
97848  0.000  0.000  0.000 0.0000000000
97849  0.000  0.000  0.000 0.0000000000
97850  0.000  0.000  0.000 0.0000000000
97851  0.000  0.000  0.000 0.0000000000
97852  0.000  0.000  0.000 0.0000000000
97853  0.000  0.000  0.000 0.0000000000
97854  0.000  0.000  0.000 0.0000000000
97855  0.000  0.000  0.000 0.0000000000
97856  0.000  0.000  0.000 0.0000000000
97857  0.000  0.000  0.000 0.0000000000
97858  0.000  0.000  0.000 0.0000000000
97859  0.000  0.000  0.000 0.0000000000
97860  0.000  0.000  0.000 0.0000000000
97861  0.000  0.000  0.000 0.0000000000
97864  0.000  0.000  0.000 0.0000000000
97868  0.000  0.000  0.000 0.0000000000
97869  0.000  0.000  0.000 0.0000000000
97873  0.000  0.000  0.000 0.0000000000
97877  0.000  0.000  0.000 0.0000000000
97881  0.000  0.000  0.000 0.0000000000
97889  0.000  0.000  0.000 0.0000000000
97890  0.000  0.000  0.000 0.0000000000
97892  0.000  0.000  0.000 0.0000000000
97893  0.000  0.000  0.000 0.0000000000
97896  0.000  0.000  0.000 0.0000000000
97897  0.000  0.000  0.000 0.0000000000
97899  0.000  0.000  0.000 0.0000000000
97900  0.000  0.000  0.000 0.0000000000
97902  0.000  0.000  0.000 0.0000000000
97903  0.000  0.000  0.000 0.0000000000
97905  0.000  0.000  0.000 0.0000000000
97906  0.000  0.000  0.000 0.0000000000
97907  0.000  0.000  0.000 0.0000000000
97908  0.000  0.000  0.000 0.0000000000
97909  0.000  0.000  0.000 0.0000000000
97910  0.000  0.000  0.000 0.0000000000
97911  0.000  0.000  0.000 0.0000000000
97913  0.000  0.000  0.000 0.0000000000
97914  0.000  0.000  0.000 0.0000000000
97915  0.000  0.000  0.000 0.0000000000
97916  0.000  0.000  0.000 0.0000000000
97917  0.000  0.000  0.000 0.0000000000
97918  0.000  0.000  0.000 0.0000000000
97919  0.000  0.000  0.000 0.0000000000
97920  0.000  0.000  0.000 0.0000000000
97921  0.000  0.000  0.000 0.0000000000
97922  0.000  0.000  0.000 0.0000000000
97923  0.000  0.000  0.000 0.0000000000
97924  0.000  0.000  0.000 0.0000000000
97925  0.000  0.000  0.000 0.0000000000
97926  0.000  0.000  0.000 0.0000000000
97927  0.000  0.000  0.000 0.0000000000
97928  0.000  0.000  0.000 0.0000000000
97929  0.000  0.000  0.000 0.0000000000
97930  0.000  0.000  0.000 0.0000000000
97931  0.000  0.000  0.000 0.0000000000
97932  0.000  0.000  0.000 0.0000000000
97933  0.000  0.000  0.000 0.0000000000
97934  0.000  0.000  0.000 0.0000000000
97935  0.000  0.000  0.000 0.0000000000
97936  0.000  0.000  0.000 0.0000000000
97937  0.000  0.000  0.000 0.0000000000
97938  0.000  0.000  0.000 0.0000000000
97939  0.000  0.000  0.000 0.0000000000
97940  0.000  0.000  0.000 0.0000000000
97941  0.000  0.000  0.000 0.0000000000
97942  0.000  0.000  0.000 0.0000000000
97943  0.000  0.000  0.000 0.0000000000
97944  0.000  0.000  0.000 0.0000000000
97945  0.000  0.000  0.000 0.0000000000
97946  0.000  0.000  0.000 0.0000000000
97947  0.000  0.000  0.000 0.0000000000
97948  0.000  0.000  0.000 0.0000000000
97949  0.000  0.000  0.000 0.0000000000
97950  0.000  0.000  0.000 0.0000000000
97951  0.000  0.000  0.000 0.0000000000
97955  0.000  0.000  0.000 0.0000000000
97956  0.000  0.000  0.000 0.0000000000
97960  0.000  0.000  0.000 0.0000000000
97961  0.000  0.000  0.000 0.0000000000
97965  0.000  0.000  0.000 0.0000000000
97970  0.000  0.000  0.000 0.0000000000
97971  0.000  0.000  0.000 0.0000000000
97977  0.000  0.000  0.000 0.0000000000
97978  0.000  0.000  0.000 0.0000000000
97980  0.000  0.000  0.000 0.0000000000
97981  0.000  0.000  0.000 0.0000000000
97983  0.000  0.000  0.000 0.0000000000
97984  0.000  0.000  0.000 0.0000000000
97985  0.000  0.000  0.000 0.0000000000
97986  0.000  0.000  0.000 0.0000000000
97987  0.000  0.000  0.000 0.0000000000
97988  0.000  0.000  0.000 0.0000000000
97989  0.000  0.000  0.000 0.0000000000
97990  0.000  0.000  0.000 0.0000000000
97991  0.000  0.000  0.000 0.0000000000
97992  0.000  0.000  0.000 0.0000000000
97993  0.000  0.000  0.000 0.0000000000
97994  0.000  0.000  0.000 0.0000000000
97995  0.000  0.000  0.000 0.0000000000
97996  0.000  0.000  0.000 0.0000000000
97997  0.000  0.000  0.000 0.0000000000
97998  0.000  0.000  0.000 0.0000000000
97999  0.000  0.000  0.000 0.0000000000
98000  0.000  0.000  0.000 0.0000000000
98001  0.000  0.000  0.000 0.0000000000
98002  0.000  0.000  0.000 0.0000000000
98003  0.000  0.000  0.000 0.0000000000
98004  0.000  0.000  0.000 0.0000000000
98005  0.000  0.000  0.000 0.0000000000
98006  0.000  0.000  0.000 0.0000000000
98007  0.000  0.000  0.000 0.0000000000
98008  0.000  0.000  0.000 0.0000000000
98009  0.000  0.000  0.000 0.0000000000
98010  0.000  0.000  0.000 0.0000000000
98011  0.000  0.000  0.000 0.0000000000
98012  0.000  0.000  0.000 0.0000000000
98013  0.000  0.000  0.000 0.0000000000
98014  0.000  0.000  0.000 0.0000000000
98015  0.000  0.000  0.000 0.0000000000
98016  0.000  0.000  0.000 0.0000000000
98017  0.000  0.000  0.000 0.0000000000
98018  0.000  0.000  0.000 0.0000000000
98019  0.000  0.000  0.000 0.0000000000
98020  0.000  0.000  0.000 0.0000000000
98021  0.000  0.000  0.000 0.0000000000
98022  0.000  0.000  0.000 0.0000000000
98023  0.000  0.000  0.000 0.0000000000
98024  0.000  0.000  0.000 0.0000000000
98025  0.000  0.000  0.000 0.0000000000
98026  0.000  0.000  0.000 0.0000000000
98027  0.000  0.000  0.000 0.0000000000
98028  0.000  0.000  0.000 0.0000000000
98029  0.000  0.000  0.000 0.0000000000
98030  0.000  0.000  0.000 0.0000000000
98031  0.000  0.000  0.000 0.0000000000
98033  0.000  0.000  0.000 0.0000000000
98037  0.000  0.000  0.000 0.0000000000
98038  0.000  0.000  0.000 0.0000000000
98042  0.000  0.000  0.000 0.0000000000
98043  0.000  0.000  0.000 0.0000000000
98048  0.000  0.000  0.000 0.0000000000
98049  0.000  0.000  0.000 0.0000000000
98050  0.000  0.000  0.000 0.0000000000
98053  0.000  0.000  0.000 0.0000000000
98054  0.000  0.000  0.000 0.0000000000
98055  0.000  0.000  0.000 0.0000000000
98056  0.000  0.000  0.000 0.0000000000
98057  0.000  0.000  0.000 0.0000000000
98058  0.000  0.000  0.000 0.0000000000
98059  0.000  0.000  0.000 0.0000000000
98060  0.000  0.000  0.000 0.0000000000
98061  0.000  0.000  0.000 0.0000000000
98062  0.000  0.000  0.000 0.0000000000
98063  0.000  0.000  0.000 0.0000000000
98064  0.000  0.000  0.000 0.0000000000
98065  0.000  0.000  0.000 0.0000000000
98066  0.000  0.000  0.000 0.0000000000
98067  0.000  0.000  0.000 0.0000000000
98068  0.000  0.000  0.000 0.0000000000
98069  0.000  0.000  0.000 0.0000000000
98070  0.000  0.000  0.000 0.0000000000
98071  0.000  0.000  0.000 0.0000000000
98072  0.000  0.000  0.000 0.0000000000
98073  0.000  0.000  0.000 0.0000000000
98074  0.000  0.000  0.000 0.0000000000
98075  0.000  0.000  0.000 0.0000000000
98076  0.000  0.000  0.000 0.0000000000
98077  0.000  0.000  0.000 0.0000000000
98078  0.000  0.000  0.000 0.0000000000
98079  0.000  0.000  0.000 0.0000000000
98080  0.000  0.000  0.000 0.0000000000
98081  0.000  0.000  0.000 0.0000000000
98082  0.000  0.000  0.000 0.0000000000
98083  0.000  0.000  0.000 0.0000000000
98084  0.000  0.000  0.000 0.0000000000
98085  0.000  0.000  0.000 0.0000000000
98086  0.000  0.000  0.000 0.0000000000
98087  0.000  0.000  0.000 0.0000000000
98088  0.000  0.000  0.000 0.0000000000
98089  0.000  0.000  0.000 0.0000000000
98090  0.000  0.000  0.000 0.0000000000
98091  0.000  0.000  0.000 0.0000000000
98092  0.000  0.000  0.000 0.0000000000
98093  0.000  0.000  0.000 0.0000000000
98094  0.000  0.000  0.000 0.0000000000
98095  0.000  0.000  0.000 0.0000000000
98096  0.000  0.000  0.000 0.0000000000
98097  0.000  0.000  0.000 0.0000000000
98098  0.000  0.000  0.000 0.0000000000
98099  0.000  0.000  0.000 0.0000000000
98100  0.000  0.000  0.000 0.0000000000
98101  0.000  0.000  0.000 0.0000000000
98102  0.000  0.000  0.000 0.0000000000
98103  0.000  0.000  0.000 0.0000000000
98104  0.000  0.000  0.000 0.0000000000
98105  0.000  0.000  0.000 0.0000000000
98106  0.000  0.000  0.000 0.0000000000
98109  0.000  0.000  0.000 0.0000000000
98110  0.000  0.000  0.000 0.0000000000
98111  0.000  0.000  0.000 0.0000000000
98113  0.000  0.000  0.000 0.0000000000
98114  0.000  0.000  0.000 0.0000000000
98115  0.000  0.000  0.000 0.0000000000
98117  0.000  0.000  0.000 0.0000000000
98118  0.000  0.000  0.000 0.0000000000
98119  0.000  0.000  0.000 0.0000000000
98120  0.000  0.000  0.000 0.0000000000
98121  0.000  0.000  0.000 0.0000000000
98122  0.000  0.000  0.000 0.0000000000
98123  0.000  0.000  0.000 0.0000000000
98124  0.000  0.000  0.000 0.0000000000
98125  0.000  0.000  0.000 0.0000000000
98126  0.000  0.000  0.000 0.0000000000
98127  0.000  0.000  0.000 0.0000000000
98128  0.000  0.000  0.000 0.0000000000
98129  0.000  0.000  0.000 0.0000000000
98130  0.000  0.000  0.000 0.0000000000
98131  0.000  0.000  0.000 0.0000000000
98132  0.000  0.000  0.000 0.0000000000
98133  0.000  0.000  0.000 0.0000000000
98134  0.000  0.000  0.000 0.0000000000
98135  0.000  0.000  0.000 0.0000000000
98136  0.000  0.000  0.000 0.0000000000
98137  0.000  0.000  0.000 0.0000000000
98138  0.000  0.000  0.000 0.0000000000
98139  0.000  0.000  0.000 0.0000000000
98140  0.000  0.000  0.000 0.0000000000
98141  0.000  0.000  0.000 0.0000000000
98142  0.000  0.000  0.000 0.0000000000
98143  0.000  0.000  0.000 0.0000000000
98144  0.000  0.000  0.000 0.0000000000
98145  0.000  0.000  0.000 0.0000000000
98146  0.000  0.000  0.000 0.0000000000
98147  0.000  0.000  0.000 0.0000000000
98148  0.000  0.000  0.000 0.0000000000
98149  0.000  0.000  0.000 0.0000000000
98150  0.000  0.000  0.000 0.0000000000
98151  0.000  0.000  0.000 0.0000000000
98152  0.000  0.000  0.000 0.0000000000
98153  0.000  0.000  0.000 0.0000000000
98154  0.000  0.000  0.000 0.0000000000
98155  0.000  0.000  0.000 0.0000000000
98156  0.000  0.000  0.000 0.0000000000
98157  0.000  0.000  0.000 0.0000000000
98158  0.000  0.000  0.000 0.0000000000
98159  0.000  0.000  0.000 0.0000000000
98160  0.000  0.000  0.000 0.0000000000
98161  0.000  0.000  0.000 0.0000000000
98162  0.000  0.000  0.000 0.0000000000
98163  0.000  0.000  0.000 0.0000000000
98164  0.000  0.000  0.000 0.0000000000
98165  0.000  0.000  0.000 0.0000000000
98166  0.000  0.000  0.000 0.0000000000
98167  0.000  0.000  0.000 0.0000000000
98168  0.000  0.000  0.000 0.0000000000
98169  0.000  0.000  0.000 0.0000000000
98170  0.000  0.000  0.000 0.0000000000
98171  0.000  0.000  0.000 0.0000000000
98172  0.000  0.000  0.000 0.0000000000
98173  0.000  0.000  0.000 0.0000000000
98174  0.000  0.000  0.000 0.0000000000
98175  0.000  0.000  0.000 0.0000000000
98176  0.000  0.000  0.000 0.0000000000
98177  0.000  0.000  0.000 0.0000000000
98178  0.000  0.000  0.000 0.0000000000
98179  0.000  0.000  0.000 0.0000000000
98180  0.000  0.000  0.000 0.0000000000
98181  0.000  0.000  0.000 0.0000000000
98182  0.000  0.000  0.000 0.0000000000
98183  0.000  0.000  0.000 0.0000000000
98184  0.000  0.000  0.000 0.0000000000
98185  0.000  0.000  0.000 0.0000000000
98186  0.000  0.000  0.000 0.0000000000
98187  0.000  0.000  0.000 0.0000000000
98188  0.000  0.000  0.000 0.0000000000
98189  0.000  0.000  0.000 0.0000000000
98190  0.000  0.000  0.000 0.0000000000
98191  0.000  0.000  0.000 0.0000000000
98192  0.000  0.000  0.000 0.0000000000
98193  0.000  0.000  0.000 0.0000000000
98194  0.000  0.000  0.000 0.0000000000
98195  0.000  0.000  0.000 0.0000000000
98196  0.000  0.000  0.000 0.0000000000
98197  0.000  0.000  0.000 0.0000000000
98198  0.000  0.000  0.000 0.0000000000
98199  0.000  0.000  0.000 0.0000000000
98200  0.000  0.000  0.000 0.0000000000
98201  0.000  0.000  0.000 0.0000000000
98202  0.000  0.000  0.000 0.0000000000
98203  0.000  0.000  0.000 0.0000000000
98204  0.000  0.000  0.000 0.0000000000
98205  0.000  0.000  0.000 0.0000000000
98206  0.000  0.000  0.000 0.0000000000
98207  0.000  0.000  0.000 0.0000000000
98208  0.000  0.000  0.000 0.0000000000
98209  0.000  0.000  0.000 0.0000000000
98210  0.000  0.000  0.000 0.0000000000
98211  0.000  0.000  0.000 0.0000000000
98212  0.000  0.000  0.000 0.0000000000
98213  0.000  0.000  0.000 0.0000000000
98214  0.000  0.000  0.000 0.0000000000
98215  0.000  0.000  0.000 0.0000000000
98216  0.000  0.000  0.000 0.0000000000
98217  0.000  0.000  0.000 0.0000000000
98218  0.000  0.000  0.000 0.0000000000
98219  0.000  0.000  0.000 0.0000000000
98220  0.000  0.000  0.000 0.0000000000
98221  0.000  0.000  0.000 0.0000000000
98222  0.000  0.000  0.000 0.0000000000
98223  0.000  0.000  0.000 0.0000000000
98224  0.000  0.000  0.000 0.0000000000
98225  0.000  0.000  0.000 0.0000000000
98226  0.000  0.000  0.000 0.0000000000
98227  0.000  0.000  0.000 0.0000000000
98228  0.000  0.000  0.000 0.0000000000
98229  0.000  0.000  0.000 0.0000000000
98230  0.000  0.000  0.000 0.0000000000
98231  0.000  0.000  0.000 0.0000000000
98232  0.000  0.000  0.000 0.0000000000
98233  0.000  0.000  0.000 0.0000000000
98234  0.000  0.000  0.000 0.0000000000
98235  0.000  0.000  0.000 0.0000000000
98236  0.000  0.000  0.000 0.0000000000
98237  0.000  0.000  0.000 0.0000000000
98238  0.000  0.000  0.000 0.0000000000
98239  0.000  0.000  0.000 0.0000000000
98240  0.000  0.000  0.000 0.0000000000
98241  0.000  0.000  0.000 0.0000000000
98242  0.000  0.000  0.000 0.0000000000
98243  0.000  0.000  0.000 0.0000000000
98244  0.000  0.000  0.000 0.0000000000
98245  0.000  0.000  0.000 0.0000000000
98246  0.000  0.000  0.000 0.0000000000
98247  0.000  0.000  0.000 0.0000000000
98248  0.000  0.000  0.000 0.0000000000
98249  0.000  0.000  0.000 0.0000000000
98250  0.000  0.000  0.000 0.0000000000
98251  0.000  0.000  0.000 0.0000000000
98252  0.000  0.000  0.000 0.0000000000
98253  0.000  0.000  0.000 0.0000000000
98254  0.000  0.000  0.000 0.0000000000
98255  0.000  0.000  0.000 0.0000000000
98256  0.000  0.000  0.000 0.0000000000
98257  0.000  0.000  0.000 0.0000000000
98258  0.000  0.000  0.000 0.0000000000
98259  0.000  0.000  0.000 0.0000000000
98260  0.000  0.000  0.000 0.0000000000
98261  0.000  0.000  0.000 0.0000000000
98262  0.000  0.000  0.000 0.0000000000
98263  0.000  0.000  0.000 0.0000000000
98264  0.000  0.000  0.000 0.0000000000
98265  0.000  0.000  0.000 0.0000000000
98266  0.000  0.000  0.000 0.0000000000
98267  0.000  0.000  0.000 0.0000000000
98268  0.000  0.000  0.000 0.0000000000
98269  0.000  0.000  0.000 0.0000000000
98270  0.000  0.000  0.000 0.0000000000
98271  0.000  0.000  0.000 0.0000000000
98272  0.000  0.000  0.000 0.0000000000
98273  0.000  0.000  0.000 0.0000000000
98274  0.000  0.000  0.000 0.0000000000
98275  0.000  0.000  0.000 0.0000000000
98276  0.000  0.000  0.000 0.0000000000
98277  0.000  0.000  0.000 0.0000000000
98278  0.000  0.000  0.000 0.0000000000
98279  0.000  0.000  0.000 0.0000000000
