#!ascii label  , from subject Woofsurfer vox2ras=TkReg coords=white
1424
74776  0.000  0.000  0.000 0.0000000000
74786  0.000  0.000  0.000 0.0000000000
74787  0.000  0.000  0.000 0.0000000000
74796  0.000  0.000  0.000 0.0000000000
74804  0.000  0.000  0.000 0.0000000000
74814  0.000  0.000  0.000 0.0000000000
75344  0.000  0.000  0.000 0.0000000000
75353  0.000  0.000  0.000 0.0000000000
75354  0.000  0.000  0.000 0.0000000000
75364  0.000  0.000  0.000 0.0000000000
75365  0.000  0.000  0.000 0.0000000000
75375  0.000  0.000  0.000 0.0000000000
75376  0.000  0.000  0.000 0.0000000000
75387  0.000  0.000  0.000 0.0000000000
75402  0.000  0.000  0.000 0.0000000000
75413  0.000  0.000  0.000 0.0000000000
75894  0.000  0.000  0.000 0.0000000000
75906  0.000  0.000  0.000 0.0000000000
75917  0.000  0.000  0.000 0.0000000000
75927  0.000  0.000  0.000 0.0000000000
75938  0.000  0.000  0.000 0.0000000000
75948  0.000  0.000  0.000 0.0000000000
75949  0.000  0.000  0.000 0.0000000000
75961  0.000  0.000  0.000 0.0000000000
75962  0.000  0.000  0.000 0.0000000000
75975  0.000  0.000  0.000 0.0000000000
75981  0.000  0.000  0.000 0.0000000000
75982  0.000  0.000  0.000 0.0000000000
76477  0.000  0.000  0.000 0.0000000000
76488  0.000  0.000  0.000 0.0000000000
76497  0.000  0.000  0.000 0.0000000000
76504  0.000  0.000  0.000 0.0000000000
76513  0.000  0.000  0.000 0.0000000000
76523  0.000  0.000  0.000 0.0000000000
76533  0.000  0.000  0.000 0.0000000000
76534  0.000  0.000  0.000 0.0000000000
76546  0.000  0.000  0.000 0.0000000000
76547  0.000  0.000  0.000 0.0000000000
76554  0.000  0.000  0.000 0.0000000000
76555  0.000  0.000  0.000 0.0000000000
76562  0.000  0.000  0.000 0.0000000000
76563  0.000  0.000  0.000 0.0000000000
77023  0.000  0.000  0.000 0.0000000000
77030  0.000  0.000  0.000 0.0000000000
77040  0.000  0.000  0.000 0.0000000000
77041  0.000  0.000  0.000 0.0000000000
77051  0.000  0.000  0.000 0.0000000000
77052  0.000  0.000  0.000 0.0000000000
77062  0.000  0.000  0.000 0.0000000000
77063  0.000  0.000  0.000 0.0000000000
77073  0.000  0.000  0.000 0.0000000000
77084  0.000  0.000  0.000 0.0000000000
77095  0.000  0.000  0.000 0.0000000000
77096  0.000  0.000  0.000 0.0000000000
77103  0.000  0.000  0.000 0.0000000000
77110  0.000  0.000  0.000 0.0000000000
77111  0.000  0.000  0.000 0.0000000000
77121  0.000  0.000  0.000 0.0000000000
77559  0.000  0.000  0.000 0.0000000000
77569  0.000  0.000  0.000 0.0000000000
77579  0.000  0.000  0.000 0.0000000000
77588  0.000  0.000  0.000 0.0000000000
77589  0.000  0.000  0.000 0.0000000000
77598  0.000  0.000  0.000 0.0000000000
77599  0.000  0.000  0.000 0.0000000000
77607  0.000  0.000  0.000 0.0000000000
77615  0.000  0.000  0.000 0.0000000000
77616  0.000  0.000  0.000 0.0000000000
77627  0.000  0.000  0.000 0.0000000000
77628  0.000  0.000  0.000 0.0000000000
77641  0.000  0.000  0.000 0.0000000000
77650  0.000  0.000  0.000 0.0000000000
77651  0.000  0.000  0.000 0.0000000000
77657  0.000  0.000  0.000 0.0000000000
77658  0.000  0.000  0.000 0.0000000000
77665  0.000  0.000  0.000 0.0000000000
77666  0.000  0.000  0.000 0.0000000000
77674  0.000  0.000  0.000 0.0000000000
78103  0.000  0.000  0.000 0.0000000000
78112  0.000  0.000  0.000 0.0000000000
78123  0.000  0.000  0.000 0.0000000000
78124  0.000  0.000  0.000 0.0000000000
78134  0.000  0.000  0.000 0.0000000000
78135  0.000  0.000  0.000 0.0000000000
78145  0.000  0.000  0.000 0.0000000000
78156  0.000  0.000  0.000 0.0000000000
78166  0.000  0.000  0.000 0.0000000000
78178  0.000  0.000  0.000 0.0000000000
78179  0.000  0.000  0.000 0.0000000000
78192  0.000  0.000  0.000 0.0000000000
78193  0.000  0.000  0.000 0.0000000000
78200  0.000  0.000  0.000 0.0000000000
78205  0.000  0.000  0.000 0.0000000000
78206  0.000  0.000  0.000 0.0000000000
78214  0.000  0.000  0.000 0.0000000000
78215  0.000  0.000  0.000 0.0000000000
78223  0.000  0.000  0.000 0.0000000000
78224  0.000  0.000  0.000 0.0000000000
78634  0.000  0.000  0.000 0.0000000000
78645  0.000  0.000  0.000 0.0000000000
78653  0.000  0.000  0.000 0.0000000000
78654  0.000  0.000  0.000 0.0000000000
78663  0.000  0.000  0.000 0.0000000000
78672  0.000  0.000  0.000 0.0000000000
78682  0.000  0.000  0.000 0.0000000000
78693  0.000  0.000  0.000 0.0000000000
78705  0.000  0.000  0.000 0.0000000000
78717  0.000  0.000  0.000 0.0000000000
78718  0.000  0.000  0.000 0.0000000000
78724  0.000  0.000  0.000 0.0000000000
78729  0.000  0.000  0.000 0.0000000000
78730  0.000  0.000  0.000 0.0000000000
78737  0.000  0.000  0.000 0.0000000000
78743  0.000  0.000  0.000 0.0000000000
78744  0.000  0.000  0.000 0.0000000000
78754  0.000  0.000  0.000 0.0000000000
79135  0.000  0.000  0.000 0.0000000000
79141  0.000  0.000  0.000 0.0000000000
79146  0.000  0.000  0.000 0.0000000000
79153  0.000  0.000  0.000 0.0000000000
79161  0.000  0.000  0.000 0.0000000000
79199  0.000  0.000  0.000 0.0000000000
79209  0.000  0.000  0.000 0.0000000000
79210  0.000  0.000  0.000 0.0000000000
79220  0.000  0.000  0.000 0.0000000000
79221  0.000  0.000  0.000 0.0000000000
79231  0.000  0.000  0.000 0.0000000000
79240  0.000  0.000  0.000 0.0000000000
79251  0.000  0.000  0.000 0.0000000000
79265  0.000  0.000  0.000 0.0000000000
79275  0.000  0.000  0.000 0.0000000000
79276  0.000  0.000  0.000 0.0000000000
79281  0.000  0.000  0.000 0.0000000000
79287  0.000  0.000  0.000 0.0000000000
79288  0.000  0.000  0.000 0.0000000000
79294  0.000  0.000  0.000 0.0000000000
79295  0.000  0.000  0.000 0.0000000000
79303  0.000  0.000  0.000 0.0000000000
79304  0.000  0.000  0.000 0.0000000000
79313  0.000  0.000  0.000 0.0000000000
79642  0.000  0.000  0.000 0.0000000000
79648  0.000  0.000  0.000 0.0000000000
79655  0.000  0.000  0.000 0.0000000000
79663  0.000  0.000  0.000 0.0000000000
79670  0.000  0.000  0.000 0.0000000000
79676  0.000  0.000  0.000 0.0000000000
79697  0.000  0.000  0.000 0.0000000000
79707  0.000  0.000  0.000 0.0000000000
79718  0.000  0.000  0.000 0.0000000000
79728  0.000  0.000  0.000 0.0000000000
79729  0.000  0.000  0.000 0.0000000000
79739  0.000  0.000  0.000 0.0000000000
79740  0.000  0.000  0.000 0.0000000000
79750  0.000  0.000  0.000 0.0000000000
79762  0.000  0.000  0.000 0.0000000000
79774  0.000  0.000  0.000 0.0000000000
79779  0.000  0.000  0.000 0.0000000000
79780  0.000  0.000  0.000 0.0000000000
79785  0.000  0.000  0.000 0.0000000000
79791  0.000  0.000  0.000 0.0000000000
79796  0.000  0.000  0.000 0.0000000000
79797  0.000  0.000  0.000 0.0000000000
79804  0.000  0.000  0.000 0.0000000000
79805  0.000  0.000  0.000 0.0000000000
79814  0.000  0.000  0.000 0.0000000000
79815  0.000  0.000  0.000 0.0000000000
80172  0.000  0.000  0.000 0.0000000000
80178  0.000  0.000  0.000 0.0000000000
80185  0.000  0.000  0.000 0.0000000000
80191  0.000  0.000  0.000 0.0000000000
80192  0.000  0.000  0.000 0.0000000000
80198  0.000  0.000  0.000 0.0000000000
80199  0.000  0.000  0.000 0.0000000000
80207  0.000  0.000  0.000 0.0000000000
80208  0.000  0.000  0.000 0.0000000000
80216  0.000  0.000  0.000 0.0000000000
80222  0.000  0.000  0.000 0.0000000000
80227  0.000  0.000  0.000 0.0000000000
80237  0.000  0.000  0.000 0.0000000000
80249  0.000  0.000  0.000 0.0000000000
80259  0.000  0.000  0.000 0.0000000000
80268  0.000  0.000  0.000 0.0000000000
80269  0.000  0.000  0.000 0.0000000000
80279  0.000  0.000  0.000 0.0000000000
80280  0.000  0.000  0.000 0.0000000000
80294  0.000  0.000  0.000 0.0000000000
80295  0.000  0.000  0.000 0.0000000000
80305  0.000  0.000  0.000 0.0000000000
80309  0.000  0.000  0.000 0.0000000000
80310  0.000  0.000  0.000 0.0000000000
80315  0.000  0.000  0.000 0.0000000000
80321  0.000  0.000  0.000 0.0000000000
80328  0.000  0.000  0.000 0.0000000000
80329  0.000  0.000  0.000 0.0000000000
80335  0.000  0.000  0.000 0.0000000000
80342  0.000  0.000  0.000 0.0000000000
80343  0.000  0.000  0.000 0.0000000000
80674  0.000  0.000  0.000 0.0000000000
80682  0.000  0.000  0.000 0.0000000000
80689  0.000  0.000  0.000 0.0000000000
80690  0.000  0.000  0.000 0.0000000000
80696  0.000  0.000  0.000 0.0000000000
80697  0.000  0.000  0.000 0.0000000000
80704  0.000  0.000  0.000 0.0000000000
80711  0.000  0.000  0.000 0.0000000000
80712  0.000  0.000  0.000 0.0000000000
80719  0.000  0.000  0.000 0.0000000000
80726  0.000  0.000  0.000 0.0000000000
80734  0.000  0.000  0.000 0.0000000000
80742  0.000  0.000  0.000 0.0000000000
80754  0.000  0.000  0.000 0.0000000000
80764  0.000  0.000  0.000 0.0000000000
80774  0.000  0.000  0.000 0.0000000000
80785  0.000  0.000  0.000 0.0000000000
80798  0.000  0.000  0.000 0.0000000000
80799  0.000  0.000  0.000 0.0000000000
80805  0.000  0.000  0.000 0.0000000000
80806  0.000  0.000  0.000 0.0000000000
80810  0.000  0.000  0.000 0.0000000000
80811  0.000  0.000  0.000 0.0000000000
80817  0.000  0.000  0.000 0.0000000000
80822  0.000  0.000  0.000 0.0000000000
80829  0.000  0.000  0.000 0.0000000000
80830  0.000  0.000  0.000 0.0000000000
80836  0.000  0.000  0.000 0.0000000000
80837  0.000  0.000  0.000 0.0000000000
80844  0.000  0.000  0.000 0.0000000000
80845  0.000  0.000  0.000 0.0000000000
80855  0.000  0.000  0.000 0.0000000000
81185  0.000  0.000  0.000 0.0000000000
81191  0.000  0.000  0.000 0.0000000000
81198  0.000  0.000  0.000 0.0000000000
81199  0.000  0.000  0.000 0.0000000000
81207  0.000  0.000  0.000 0.0000000000
81208  0.000  0.000  0.000 0.0000000000
81216  0.000  0.000  0.000 0.0000000000
81221  0.000  0.000  0.000 0.0000000000
81222  0.000  0.000  0.000 0.0000000000
81228  0.000  0.000  0.000 0.0000000000
81235  0.000  0.000  0.000 0.0000000000
81241  0.000  0.000  0.000 0.0000000000
81248  0.000  0.000  0.000 0.0000000000
81258  0.000  0.000  0.000 0.0000000000
81268  0.000  0.000  0.000 0.0000000000
81279  0.000  0.000  0.000 0.0000000000
81293  0.000  0.000  0.000 0.0000000000
81303  0.000  0.000  0.000 0.0000000000
81309  0.000  0.000  0.000 0.0000000000
81313  0.000  0.000  0.000 0.0000000000
81319  0.000  0.000  0.000 0.0000000000
81323  0.000  0.000  0.000 0.0000000000
81329  0.000  0.000  0.000 0.0000000000
81336  0.000  0.000  0.000 0.0000000000
81337  0.000  0.000  0.000 0.0000000000
81344  0.000  0.000  0.000 0.0000000000
81345  0.000  0.000  0.000 0.0000000000
81353  0.000  0.000  0.000 0.0000000000
81354  0.000  0.000  0.000 0.0000000000
81658  0.000  0.000  0.000 0.0000000000
81664  0.000  0.000  0.000 0.0000000000
81671  0.000  0.000  0.000 0.0000000000
81678  0.000  0.000  0.000 0.0000000000
81685  0.000  0.000  0.000 0.0000000000
81686  0.000  0.000  0.000 0.0000000000
81693  0.000  0.000  0.000 0.0000000000
81694  0.000  0.000  0.000 0.0000000000
81701  0.000  0.000  0.000 0.0000000000
81702  0.000  0.000  0.000 0.0000000000
81709  0.000  0.000  0.000 0.0000000000
81716  0.000  0.000  0.000 0.0000000000
81723  0.000  0.000  0.000 0.0000000000
81729  0.000  0.000  0.000 0.0000000000
81735  0.000  0.000  0.000 0.0000000000
81747  0.000  0.000  0.000 0.0000000000
81760  0.000  0.000  0.000 0.0000000000
81774  0.000  0.000  0.000 0.0000000000
81781  0.000  0.000  0.000 0.0000000000
81787  0.000  0.000  0.000 0.0000000000
81791  0.000  0.000  0.000 0.0000000000
81797  0.000  0.000  0.000 0.0000000000
81801  0.000  0.000  0.000 0.0000000000
81806  0.000  0.000  0.000 0.0000000000
81812  0.000  0.000  0.000 0.0000000000
81813  0.000  0.000  0.000 0.0000000000
81820  0.000  0.000  0.000 0.0000000000
81828  0.000  0.000  0.000 0.0000000000
81829  0.000  0.000  0.000 0.0000000000
82161  0.000  0.000  0.000 0.0000000000
82167  0.000  0.000  0.000 0.0000000000
82175  0.000  0.000  0.000 0.0000000000
82183  0.000  0.000  0.000 0.0000000000
82189  0.000  0.000  0.000 0.0000000000
82195  0.000  0.000  0.000 0.0000000000
82201  0.000  0.000  0.000 0.0000000000
82208  0.000  0.000  0.000 0.0000000000
82216  0.000  0.000  0.000 0.0000000000
82223  0.000  0.000  0.000 0.0000000000
82229  0.000  0.000  0.000 0.0000000000
82235  0.000  0.000  0.000 0.0000000000
82242  0.000  0.000  0.000 0.0000000000
82253  0.000  0.000  0.000 0.0000000000
82268  0.000  0.000  0.000 0.0000000000
82281  0.000  0.000  0.000 0.0000000000
82286  0.000  0.000  0.000 0.0000000000
82292  0.000  0.000  0.000 0.0000000000
82297  0.000  0.000  0.000 0.0000000000
82303  0.000  0.000  0.000 0.0000000000
82307  0.000  0.000  0.000 0.0000000000
82312  0.000  0.000  0.000 0.0000000000
82318  0.000  0.000  0.000 0.0000000000
82319  0.000  0.000  0.000 0.0000000000
82330  0.000  0.000  0.000 0.0000000000
82341  0.000  0.000  0.000 0.0000000000
82342  0.000  0.000  0.000 0.0000000000
82700  0.000  0.000  0.000 0.0000000000
82708  0.000  0.000  0.000 0.0000000000
82716  0.000  0.000  0.000 0.0000000000
82724  0.000  0.000  0.000 0.0000000000
82732  0.000  0.000  0.000 0.0000000000
82737  0.000  0.000  0.000 0.0000000000
82744  0.000  0.000  0.000 0.0000000000
82750  0.000  0.000  0.000 0.0000000000
82757  0.000  0.000  0.000 0.0000000000
82764  0.000  0.000  0.000 0.0000000000
82771  0.000  0.000  0.000 0.0000000000
82778  0.000  0.000  0.000 0.0000000000
82786  0.000  0.000  0.000 0.0000000000
82795  0.000  0.000  0.000 0.0000000000
82809  0.000  0.000  0.000 0.0000000000
82820  0.000  0.000  0.000 0.0000000000
82831  0.000  0.000  0.000 0.0000000000
82842  0.000  0.000  0.000 0.0000000000
82853  0.000  0.000  0.000 0.0000000000
82864  0.000  0.000  0.000 0.0000000000
82876  0.000  0.000  0.000 0.0000000000
82890  0.000  0.000  0.000 0.0000000000
82891  0.000  0.000  0.000 0.0000000000
82904  0.000  0.000  0.000 0.0000000000
82905  0.000  0.000  0.000 0.0000000000
82921  0.000  0.000  0.000 0.0000000000
82934  0.000  0.000  0.000 0.0000000000
82935  0.000  0.000  0.000 0.0000000000
83343  0.000  0.000  0.000 0.0000000000
83346  0.000  0.000  0.000 0.0000000000
83353  0.000  0.000  0.000 0.0000000000
83360  0.000  0.000  0.000 0.0000000000
83367  0.000  0.000  0.000 0.0000000000
83375  0.000  0.000  0.000 0.0000000000
83380  0.000  0.000  0.000 0.0000000000
83387  0.000  0.000  0.000 0.0000000000
83393  0.000  0.000  0.000 0.0000000000
83400  0.000  0.000  0.000 0.0000000000
83406  0.000  0.000  0.000 0.0000000000
83417  0.000  0.000  0.000 0.0000000000
83428  0.000  0.000  0.000 0.0000000000
83441  0.000  0.000  0.000 0.0000000000
83457  0.000  0.000  0.000 0.0000000000
83472  0.000  0.000  0.000 0.0000000000
83484  0.000  0.000  0.000 0.0000000000
83498  0.000  0.000  0.000 0.0000000000
83511  0.000  0.000  0.000 0.0000000000
83521  0.000  0.000  0.000 0.0000000000
83532  0.000  0.000  0.000 0.0000000000
83543  0.000  0.000  0.000 0.0000000000
83554  0.000  0.000  0.000 0.0000000000
83555  0.000  0.000  0.000 0.0000000000
83566  0.000  0.000  0.000 0.0000000000
83577  0.000  0.000  0.000 0.0000000000
83588  0.000  0.000  0.000 0.0000000000
83589  0.000  0.000  0.000 0.0000000000
83603  0.000  0.000  0.000 0.0000000000
83604  0.000  0.000  0.000 0.0000000000
83960  0.000  0.000  0.000 0.0000000000
83964  0.000  0.000  0.000 0.0000000000
83968  0.000  0.000  0.000 0.0000000000
83975  0.000  0.000  0.000 0.0000000000
83983  0.000  0.000  0.000 0.0000000000
83984  0.000  0.000  0.000 0.0000000000
83990  0.000  0.000  0.000 0.0000000000
83991  0.000  0.000  0.000 0.0000000000
83998  0.000  0.000  0.000 0.0000000000
83999  0.000  0.000  0.000 0.0000000000
84006  0.000  0.000  0.000 0.0000000000
84007  0.000  0.000  0.000 0.0000000000
84016  0.000  0.000  0.000 0.0000000000
84017  0.000  0.000  0.000 0.0000000000
84029  0.000  0.000  0.000 0.0000000000
84043  0.000  0.000  0.000 0.0000000000
84056  0.000  0.000  0.000 0.0000000000
84057  0.000  0.000  0.000 0.0000000000
84072  0.000  0.000  0.000 0.0000000000
84073  0.000  0.000  0.000 0.0000000000
84087  0.000  0.000  0.000 0.0000000000
84088  0.000  0.000  0.000 0.0000000000
84105  0.000  0.000  0.000 0.0000000000
84106  0.000  0.000  0.000 0.0000000000
84122  0.000  0.000  0.000 0.0000000000
84123  0.000  0.000  0.000 0.0000000000
84131  0.000  0.000  0.000 0.0000000000
84132  0.000  0.000  0.000 0.0000000000
84143  0.000  0.000  0.000 0.0000000000
84144  0.000  0.000  0.000 0.0000000000
84156  0.000  0.000  0.000 0.0000000000
84157  0.000  0.000  0.000 0.0000000000
84169  0.000  0.000  0.000 0.0000000000
84170  0.000  0.000  0.000 0.0000000000
84182  0.000  0.000  0.000 0.0000000000
84183  0.000  0.000  0.000 0.0000000000
84195  0.000  0.000  0.000 0.0000000000
84196  0.000  0.000  0.000 0.0000000000
84205  0.000  0.000  0.000 0.0000000000
84206  0.000  0.000  0.000 0.0000000000
84215  0.000  0.000  0.000 0.0000000000
84216  0.000  0.000  0.000 0.0000000000
84226  0.000  0.000  0.000 0.0000000000
84237  0.000  0.000  0.000 0.0000000000
84249  0.000  0.000  0.000 0.0000000000
84250  0.000  0.000  0.000 0.0000000000
84262  0.000  0.000  0.000 0.0000000000
84263  0.000  0.000  0.000 0.0000000000
84639  0.000  0.000  0.000 0.0000000000
84644  0.000  0.000  0.000 0.0000000000
84649  0.000  0.000  0.000 0.0000000000
84654  0.000  0.000  0.000 0.0000000000
84662  0.000  0.000  0.000 0.0000000000
84663  0.000  0.000  0.000 0.0000000000
84752  0.000  0.000  0.000 0.0000000000
84753  0.000  0.000  0.000 0.0000000000
84766  0.000  0.000  0.000 0.0000000000
84767  0.000  0.000  0.000 0.0000000000
84782  0.000  0.000  0.000 0.0000000000
84783  0.000  0.000  0.000 0.0000000000
84797  0.000  0.000  0.000 0.0000000000
84798  0.000  0.000  0.000 0.0000000000
84810  0.000  0.000  0.000 0.0000000000
84811  0.000  0.000  0.000 0.0000000000
84819  0.000  0.000  0.000 0.0000000000
84820  0.000  0.000  0.000 0.0000000000
84828  0.000  0.000  0.000 0.0000000000
84829  0.000  0.000  0.000 0.0000000000
84841  0.000  0.000  0.000 0.0000000000
84842  0.000  0.000  0.000 0.0000000000
84852  0.000  0.000  0.000 0.0000000000
84853  0.000  0.000  0.000 0.0000000000
84864  0.000  0.000  0.000 0.0000000000
84865  0.000  0.000  0.000 0.0000000000
84875  0.000  0.000  0.000 0.0000000000
84876  0.000  0.000  0.000 0.0000000000
84884  0.000  0.000  0.000 0.0000000000
84885  0.000  0.000  0.000 0.0000000000
84895  0.000  0.000  0.000 0.0000000000
84896  0.000  0.000  0.000 0.0000000000
84906  0.000  0.000  0.000 0.0000000000
84916  0.000  0.000  0.000 0.0000000000
84926  0.000  0.000  0.000 0.0000000000
84927  0.000  0.000  0.000 0.0000000000
84939  0.000  0.000  0.000 0.0000000000
84940  0.000  0.000  0.000 0.0000000000
85047  0.000  0.000  0.000 0.0000000000
85051  0.000  0.000  0.000 0.0000000000
85056  0.000  0.000  0.000 0.0000000000
85517  0.000  0.000  0.000 0.0000000000
85530  0.000  0.000  0.000 0.0000000000
85531  0.000  0.000  0.000 0.0000000000
85547  0.000  0.000  0.000 0.0000000000
85548  0.000  0.000  0.000 0.0000000000
85559  0.000  0.000  0.000 0.0000000000
85567  0.000  0.000  0.000 0.0000000000
85575  0.000  0.000  0.000 0.0000000000
85581  0.000  0.000  0.000 0.0000000000
85589  0.000  0.000  0.000 0.0000000000
85599  0.000  0.000  0.000 0.0000000000
85612  0.000  0.000  0.000 0.0000000000
85621  0.000  0.000  0.000 0.0000000000
85629  0.000  0.000  0.000 0.0000000000
85639  0.000  0.000  0.000 0.0000000000
85640  0.000  0.000  0.000 0.0000000000
85649  0.000  0.000  0.000 0.0000000000
85658  0.000  0.000  0.000 0.0000000000
85668  0.000  0.000  0.000 0.0000000000
85679  0.000  0.000  0.000 0.0000000000
85680  0.000  0.000  0.000 0.0000000000
85696  0.000  0.000  0.000 0.0000000000
85764  0.000  0.000  0.000 0.0000000000
85769  0.000  0.000  0.000 0.0000000000
85772  0.000  0.000  0.000 0.0000000000
85775  0.000  0.000  0.000 0.0000000000
85776  0.000  0.000  0.000 0.0000000000
85779  0.000  0.000  0.000 0.0000000000
85780  0.000  0.000  0.000 0.0000000000
85783  0.000  0.000  0.000 0.0000000000
85784  0.000  0.000  0.000 0.0000000000
85787  0.000  0.000  0.000 0.0000000000
85788  0.000  0.000  0.000 0.0000000000
85791  0.000  0.000  0.000 0.0000000000
85792  0.000  0.000  0.000 0.0000000000
85795  0.000  0.000  0.000 0.0000000000
85796  0.000  0.000  0.000 0.0000000000
85799  0.000  0.000  0.000 0.0000000000
85800  0.000  0.000  0.000 0.0000000000
85806  0.000  0.000  0.000 0.0000000000
85807  0.000  0.000  0.000 0.0000000000
85814  0.000  0.000  0.000 0.0000000000
85815  0.000  0.000  0.000 0.0000000000
85825  0.000  0.000  0.000 0.0000000000
85826  0.000  0.000  0.000 0.0000000000
85833  0.000  0.000  0.000 0.0000000000
85834  0.000  0.000  0.000 0.0000000000
86256  0.000  0.000  0.000 0.0000000000
86257  0.000  0.000  0.000 0.0000000000
86263  0.000  0.000  0.000 0.0000000000
86264  0.000  0.000  0.000 0.0000000000
86271  0.000  0.000  0.000 0.0000000000
86272  0.000  0.000  0.000 0.0000000000
86279  0.000  0.000  0.000 0.0000000000
86286  0.000  0.000  0.000 0.0000000000
86293  0.000  0.000  0.000 0.0000000000
86301  0.000  0.000  0.000 0.0000000000
86312  0.000  0.000  0.000 0.0000000000
86324  0.000  0.000  0.000 0.0000000000
86333  0.000  0.000  0.000 0.0000000000
86343  0.000  0.000  0.000 0.0000000000
86344  0.000  0.000  0.000 0.0000000000
86354  0.000  0.000  0.000 0.0000000000
86363  0.000  0.000  0.000 0.0000000000
86371  0.000  0.000  0.000 0.0000000000
86381  0.000  0.000  0.000 0.0000000000
86382  0.000  0.000  0.000 0.0000000000
86396  0.000  0.000  0.000 0.0000000000
86460  0.000  0.000  0.000 0.0000000000
86467  0.000  0.000  0.000 0.0000000000
86469  0.000  0.000  0.000 0.0000000000
86472  0.000  0.000  0.000 0.0000000000
86474  0.000  0.000  0.000 0.0000000000
86477  0.000  0.000  0.000 0.0000000000
86479  0.000  0.000  0.000 0.0000000000
86482  0.000  0.000  0.000 0.0000000000
86485  0.000  0.000  0.000 0.0000000000
86488  0.000  0.000  0.000 0.0000000000
86491  0.000  0.000  0.000 0.0000000000
86495  0.000  0.000  0.000 0.0000000000
86503  0.000  0.000  0.000 0.0000000000
86512  0.000  0.000  0.000 0.0000000000
86519  0.000  0.000  0.000 0.0000000000
86520  0.000  0.000  0.000 0.0000000000
86526  0.000  0.000  0.000 0.0000000000
86527  0.000  0.000  0.000 0.0000000000
86535  0.000  0.000  0.000 0.0000000000
86543  0.000  0.000  0.000 0.0000000000
86949  0.000  0.000  0.000 0.0000000000
86956  0.000  0.000  0.000 0.0000000000
86957  0.000  0.000  0.000 0.0000000000
86963  0.000  0.000  0.000 0.0000000000
86964  0.000  0.000  0.000 0.0000000000
86972  0.000  0.000  0.000 0.0000000000
86979  0.000  0.000  0.000 0.0000000000
86985  0.000  0.000  0.000 0.0000000000
86992  0.000  0.000  0.000 0.0000000000
87003  0.000  0.000  0.000 0.0000000000
87012  0.000  0.000  0.000 0.0000000000
87020  0.000  0.000  0.000 0.0000000000
87021  0.000  0.000  0.000 0.0000000000
87030  0.000  0.000  0.000 0.0000000000
87031  0.000  0.000  0.000 0.0000000000
87041  0.000  0.000  0.000 0.0000000000
87051  0.000  0.000  0.000 0.0000000000
87063  0.000  0.000  0.000 0.0000000000
87064  0.000  0.000  0.000 0.0000000000
87078  0.000  0.000  0.000 0.0000000000
87079  0.000  0.000  0.000 0.0000000000
87141  0.000  0.000  0.000 0.0000000000
87147  0.000  0.000  0.000 0.0000000000
87149  0.000  0.000  0.000 0.0000000000
87152  0.000  0.000  0.000 0.0000000000
87154  0.000  0.000  0.000 0.0000000000
87157  0.000  0.000  0.000 0.0000000000
87160  0.000  0.000  0.000 0.0000000000
87163  0.000  0.000  0.000 0.0000000000
87166  0.000  0.000  0.000 0.0000000000
87169  0.000  0.000  0.000 0.0000000000
87173  0.000  0.000  0.000 0.0000000000
87176  0.000  0.000  0.000 0.0000000000
87181  0.000  0.000  0.000 0.0000000000
87190  0.000  0.000  0.000 0.0000000000
87196  0.000  0.000  0.000 0.0000000000
87201  0.000  0.000  0.000 0.0000000000
87202  0.000  0.000  0.000 0.0000000000
87205  0.000  0.000  0.000 0.0000000000
87206  0.000  0.000  0.000 0.0000000000
87210  0.000  0.000  0.000 0.0000000000
87608  0.000  0.000  0.000 0.0000000000
87615  0.000  0.000  0.000 0.0000000000
87621  0.000  0.000  0.000 0.0000000000
87622  0.000  0.000  0.000 0.0000000000
87628  0.000  0.000  0.000 0.0000000000
87629  0.000  0.000  0.000 0.0000000000
87636  0.000  0.000  0.000 0.0000000000
87641  0.000  0.000  0.000 0.0000000000
87647  0.000  0.000  0.000 0.0000000000
87656  0.000  0.000  0.000 0.0000000000
87665  0.000  0.000  0.000 0.0000000000
87673  0.000  0.000  0.000 0.0000000000
87682  0.000  0.000  0.000 0.0000000000
87683  0.000  0.000  0.000 0.0000000000
87693  0.000  0.000  0.000 0.0000000000
87703  0.000  0.000  0.000 0.0000000000
87714  0.000  0.000  0.000 0.0000000000
87727  0.000  0.000  0.000 0.0000000000
87794  0.000  0.000  0.000 0.0000000000
87799  0.000  0.000  0.000 0.0000000000
87801  0.000  0.000  0.000 0.0000000000
87804  0.000  0.000  0.000 0.0000000000
87807  0.000  0.000  0.000 0.0000000000
87809  0.000  0.000  0.000 0.0000000000
87812  0.000  0.000  0.000 0.0000000000
87815  0.000  0.000  0.000 0.0000000000
87818  0.000  0.000  0.000 0.0000000000
87821  0.000  0.000  0.000 0.0000000000
87825  0.000  0.000  0.000 0.0000000000
87828  0.000  0.000  0.000 0.0000000000
87833  0.000  0.000  0.000 0.0000000000
87840  0.000  0.000  0.000 0.0000000000
87843  0.000  0.000  0.000 0.0000000000
87846  0.000  0.000  0.000 0.0000000000
87850  0.000  0.000  0.000 0.0000000000
87851  0.000  0.000  0.000 0.0000000000
88261  0.000  0.000  0.000 0.0000000000
88268  0.000  0.000  0.000 0.0000000000
88275  0.000  0.000  0.000 0.0000000000
88281  0.000  0.000  0.000 0.0000000000
88282  0.000  0.000  0.000 0.0000000000
88289  0.000  0.000  0.000 0.0000000000
88296  0.000  0.000  0.000 0.0000000000
88302  0.000  0.000  0.000 0.0000000000
88306  0.000  0.000  0.000 0.0000000000
88314  0.000  0.000  0.000 0.0000000000
88323  0.000  0.000  0.000 0.0000000000
88332  0.000  0.000  0.000 0.0000000000
88333  0.000  0.000  0.000 0.0000000000
88342  0.000  0.000  0.000 0.0000000000
88343  0.000  0.000  0.000 0.0000000000
88352  0.000  0.000  0.000 0.0000000000
88362  0.000  0.000  0.000 0.0000000000
88374  0.000  0.000  0.000 0.0000000000
88440  0.000  0.000  0.000 0.0000000000
88442  0.000  0.000  0.000 0.0000000000
88444  0.000  0.000  0.000 0.0000000000
88447  0.000  0.000  0.000 0.0000000000
88449  0.000  0.000  0.000 0.0000000000
88452  0.000  0.000  0.000 0.0000000000
88455  0.000  0.000  0.000 0.0000000000
88457  0.000  0.000  0.000 0.0000000000
88460  0.000  0.000  0.000 0.0000000000
88464  0.000  0.000  0.000 0.0000000000
88468  0.000  0.000  0.000 0.0000000000
88473  0.000  0.000  0.000 0.0000000000
88480  0.000  0.000  0.000 0.0000000000
88483  0.000  0.000  0.000 0.0000000000
88486  0.000  0.000  0.000 0.0000000000
88491  0.000  0.000  0.000 0.0000000000
88492  0.000  0.000  0.000 0.0000000000
88865  0.000  0.000  0.000 0.0000000000
88872  0.000  0.000  0.000 0.0000000000
88878  0.000  0.000  0.000 0.0000000000
88879  0.000  0.000  0.000 0.0000000000
88884  0.000  0.000  0.000 0.0000000000
88885  0.000  0.000  0.000 0.0000000000
88892  0.000  0.000  0.000 0.0000000000
88896  0.000  0.000  0.000 0.0000000000
88900  0.000  0.000  0.000 0.0000000000
88906  0.000  0.000  0.000 0.0000000000
88914  0.000  0.000  0.000 0.0000000000
88922  0.000  0.000  0.000 0.0000000000
88931  0.000  0.000  0.000 0.0000000000
88932  0.000  0.000  0.000 0.0000000000
88942  0.000  0.000  0.000 0.0000000000
88943  0.000  0.000  0.000 0.0000000000
88953  0.000  0.000  0.000 0.0000000000
89037  0.000  0.000  0.000 0.0000000000
89039  0.000  0.000  0.000 0.0000000000
89041  0.000  0.000  0.000 0.0000000000
89044  0.000  0.000  0.000 0.0000000000
89046  0.000  0.000  0.000 0.0000000000
89049  0.000  0.000  0.000 0.0000000000
89052  0.000  0.000  0.000 0.0000000000
89054  0.000  0.000  0.000 0.0000000000
89057  0.000  0.000  0.000 0.0000000000
89060  0.000  0.000  0.000 0.0000000000
89064  0.000  0.000  0.000 0.0000000000
89069  0.000  0.000  0.000 0.0000000000
89076  0.000  0.000  0.000 0.0000000000
89079  0.000  0.000  0.000 0.0000000000
89082  0.000  0.000  0.000 0.0000000000
89086  0.000  0.000  0.000 0.0000000000
89087  0.000  0.000  0.000 0.0000000000
89444  0.000  0.000  0.000 0.0000000000
89449  0.000  0.000  0.000 0.0000000000
89455  0.000  0.000  0.000 0.0000000000
89456  0.000  0.000  0.000 0.0000000000
89462  0.000  0.000  0.000 0.0000000000
89467  0.000  0.000  0.000 0.0000000000
89472  0.000  0.000  0.000 0.0000000000
89479  0.000  0.000  0.000 0.0000000000
89484  0.000  0.000  0.000 0.0000000000
89491  0.000  0.000  0.000 0.0000000000
89501  0.000  0.000  0.000 0.0000000000
89512  0.000  0.000  0.000 0.0000000000
89513  0.000  0.000  0.000 0.0000000000
89522  0.000  0.000  0.000 0.0000000000
89523  0.000  0.000  0.000 0.0000000000
89536  0.000  0.000  0.000 0.0000000000
89601  0.000  0.000  0.000 0.0000000000
89602  0.000  0.000  0.000 0.0000000000
89604  0.000  0.000  0.000 0.0000000000
89605  0.000  0.000  0.000 0.0000000000
89608  0.000  0.000  0.000 0.0000000000
89609  0.000  0.000  0.000 0.0000000000
89612  0.000  0.000  0.000 0.0000000000
89613  0.000  0.000  0.000 0.0000000000
89615  0.000  0.000  0.000 0.0000000000
89618  0.000  0.000  0.000 0.0000000000
89621  0.000  0.000  0.000 0.0000000000
89623  0.000  0.000  0.000 0.0000000000
89626  0.000  0.000  0.000 0.0000000000
89629  0.000  0.000  0.000 0.0000000000
89633  0.000  0.000  0.000 0.0000000000
89639  0.000  0.000  0.000 0.0000000000
89646  0.000  0.000  0.000 0.0000000000
89649  0.000  0.000  0.000 0.0000000000
89652  0.000  0.000  0.000 0.0000000000
89653  0.000  0.000  0.000 0.0000000000
89656  0.000  0.000  0.000 0.0000000000
89657  0.000  0.000  0.000 0.0000000000
90011  0.000  0.000  0.000 0.0000000000
90017  0.000  0.000  0.000 0.0000000000
90018  0.000  0.000  0.000 0.0000000000
90024  0.000  0.000  0.000 0.0000000000
90025  0.000  0.000  0.000 0.0000000000
90031  0.000  0.000  0.000 0.0000000000
90036  0.000  0.000  0.000 0.0000000000
90042  0.000  0.000  0.000 0.0000000000
90047  0.000  0.000  0.000 0.0000000000
90052  0.000  0.000  0.000 0.0000000000
90060  0.000  0.000  0.000 0.0000000000
90069  0.000  0.000  0.000 0.0000000000
90080  0.000  0.000  0.000 0.0000000000
90081  0.000  0.000  0.000 0.0000000000
90095  0.000  0.000  0.000 0.0000000000
90160  0.000  0.000  0.000 0.0000000000
90162  0.000  0.000  0.000 0.0000000000
90165  0.000  0.000  0.000 0.0000000000
90168  0.000  0.000  0.000 0.0000000000
90169  0.000  0.000  0.000 0.0000000000
90171  0.000  0.000  0.000 0.0000000000
90172  0.000  0.000  0.000 0.0000000000
90175  0.000  0.000  0.000 0.0000000000
90176  0.000  0.000  0.000 0.0000000000
90179  0.000  0.000  0.000 0.0000000000
90181  0.000  0.000  0.000 0.0000000000
90184  0.000  0.000  0.000 0.0000000000
90187  0.000  0.000  0.000 0.0000000000
90191  0.000  0.000  0.000 0.0000000000
90197  0.000  0.000  0.000 0.0000000000
90203  0.000  0.000  0.000 0.0000000000
90206  0.000  0.000  0.000 0.0000000000
90208  0.000  0.000  0.000 0.0000000000
90209  0.000  0.000  0.000 0.0000000000
90212  0.000  0.000  0.000 0.0000000000
90710  0.000  0.000  0.000 0.0000000000
90716  0.000  0.000  0.000 0.0000000000
90717  0.000  0.000  0.000 0.0000000000
90722  0.000  0.000  0.000 0.0000000000
90726  0.000  0.000  0.000 0.0000000000
90731  0.000  0.000  0.000 0.0000000000
90736  0.000  0.000  0.000 0.0000000000
90742  0.000  0.000  0.000 0.0000000000
90748  0.000  0.000  0.000 0.0000000000
90753  0.000  0.000  0.000 0.0000000000
90763  0.000  0.000  0.000 0.0000000000
90764  0.000  0.000  0.000 0.0000000000
90779  0.000  0.000  0.000 0.0000000000
90780  0.000  0.000  0.000 0.0000000000
90796  0.000  0.000  0.000 0.0000000000
90846  0.000  0.000  0.000 0.0000000000
90848  0.000  0.000  0.000 0.0000000000
90850  0.000  0.000  0.000 0.0000000000
90853  0.000  0.000  0.000 0.0000000000
90855  0.000  0.000  0.000 0.0000000000
90858  0.000  0.000  0.000 0.0000000000
90859  0.000  0.000  0.000 0.0000000000
90862  0.000  0.000  0.000 0.0000000000
90863  0.000  0.000  0.000 0.0000000000
90865  0.000  0.000  0.000 0.0000000000
90868  0.000  0.000  0.000 0.0000000000
90871  0.000  0.000  0.000 0.0000000000
90875  0.000  0.000  0.000 0.0000000000
90882  0.000  0.000  0.000 0.0000000000
90888  0.000  0.000  0.000 0.0000000000
90891  0.000  0.000  0.000 0.0000000000
90892  0.000  0.000  0.000 0.0000000000
90895  0.000  0.000  0.000 0.0000000000
90896  0.000  0.000  0.000 0.0000000000
91106  0.000  0.000  0.000 0.0000000000
91107  0.000  0.000  0.000 0.0000000000
91114  0.000  0.000  0.000 0.0000000000
91120  0.000  0.000  0.000 0.0000000000
91127  0.000  0.000  0.000 0.0000000000
91132  0.000  0.000  0.000 0.0000000000
91137  0.000  0.000  0.000 0.0000000000
91143  0.000  0.000  0.000 0.0000000000
91149  0.000  0.000  0.000 0.0000000000
91155  0.000  0.000  0.000 0.0000000000
91164  0.000  0.000  0.000 0.0000000000
91165  0.000  0.000  0.000 0.0000000000
91178  0.000  0.000  0.000 0.0000000000
91179  0.000  0.000  0.000 0.0000000000
91189  0.000  0.000  0.000 0.0000000000
91227  0.000  0.000  0.000 0.0000000000
91230  0.000  0.000  0.000 0.0000000000
91232  0.000  0.000  0.000 0.0000000000
91235  0.000  0.000  0.000 0.0000000000
91237  0.000  0.000  0.000 0.0000000000
91240  0.000  0.000  0.000 0.0000000000
91243  0.000  0.000  0.000 0.0000000000
91244  0.000  0.000  0.000 0.0000000000
91246  0.000  0.000  0.000 0.0000000000
91249  0.000  0.000  0.000 0.0000000000
91253  0.000  0.000  0.000 0.0000000000
91258  0.000  0.000  0.000 0.0000000000
91265  0.000  0.000  0.000 0.0000000000
91271  0.000  0.000  0.000 0.0000000000
91275  0.000  0.000  0.000 0.0000000000
91455  0.000  0.000  0.000 0.0000000000
91456  0.000  0.000  0.000 0.0000000000
91462  0.000  0.000  0.000 0.0000000000
91463  0.000  0.000  0.000 0.0000000000
91469  0.000  0.000  0.000 0.0000000000
91477  0.000  0.000  0.000 0.0000000000
91484  0.000  0.000  0.000 0.0000000000
91490  0.000  0.000  0.000 0.0000000000
91497  0.000  0.000  0.000 0.0000000000
91498  0.000  0.000  0.000 0.0000000000
91506  0.000  0.000  0.000 0.0000000000
91507  0.000  0.000  0.000 0.0000000000
91514  0.000  0.000  0.000 0.0000000000
91523  0.000  0.000  0.000 0.0000000000
91536  0.000  0.000  0.000 0.0000000000
91537  0.000  0.000  0.000 0.0000000000
91549  0.000  0.000  0.000 0.0000000000
91550  0.000  0.000  0.000 0.0000000000
91559  0.000  0.000  0.000 0.0000000000
91560  0.000  0.000  0.000 0.0000000000
91574  0.000  0.000  0.000 0.0000000000
91578  0.000  0.000  0.000 0.0000000000
91580  0.000  0.000  0.000 0.0000000000
91583  0.000  0.000  0.000 0.0000000000
91585  0.000  0.000  0.000 0.0000000000
91588  0.000  0.000  0.000 0.0000000000
91592  0.000  0.000  0.000 0.0000000000
91790  0.000  0.000  0.000 0.0000000000
91791  0.000  0.000  0.000 0.0000000000
91793  0.000  0.000  0.000 0.0000000000
91796  0.000  0.000  0.000 0.0000000000
91801  0.000  0.000  0.000 0.0000000000
91807  0.000  0.000  0.000 0.0000000000
91808  0.000  0.000  0.000 0.0000000000
91815  0.000  0.000  0.000 0.0000000000
91816  0.000  0.000  0.000 0.0000000000
91823  0.000  0.000  0.000 0.0000000000
91824  0.000  0.000  0.000 0.0000000000
91831  0.000  0.000  0.000 0.0000000000
91832  0.000  0.000  0.000 0.0000000000
91840  0.000  0.000  0.000 0.0000000000
91841  0.000  0.000  0.000 0.0000000000
91847  0.000  0.000  0.000 0.0000000000
91850  0.000  0.000  0.000 0.0000000000
91852  0.000  0.000  0.000 0.0000000000
91853  0.000  0.000  0.000 0.0000000000
91855  0.000  0.000  0.000 0.0000000000
91856  0.000  0.000  0.000 0.0000000000
91863  0.000  0.000  0.000 0.0000000000
91865  0.000  0.000  0.000 0.0000000000
91866  0.000  0.000  0.000 0.0000000000
91869  0.000  0.000  0.000 0.0000000000
91870  0.000  0.000  0.000 0.0000000000
91873  0.000  0.000  0.000 0.0000000000
91874  0.000  0.000  0.000 0.0000000000
91877  0.000  0.000  0.000 0.0000000000
91879  0.000  0.000  0.000 0.0000000000
91882  0.000  0.000  0.000 0.0000000000
91886  0.000  0.000  0.000 0.0000000000
92086  0.000  0.000  0.000 0.0000000000
92087  0.000  0.000  0.000 0.0000000000
92089  0.000  0.000  0.000 0.0000000000
92092  0.000  0.000  0.000 0.0000000000
92094  0.000  0.000  0.000 0.0000000000
92096  0.000  0.000  0.000 0.0000000000
92097  0.000  0.000  0.000 0.0000000000
92100  0.000  0.000  0.000 0.0000000000
92102  0.000  0.000  0.000 0.0000000000
92104  0.000  0.000  0.000 0.0000000000
92106  0.000  0.000  0.000 0.0000000000
92107  0.000  0.000  0.000 0.0000000000
92109  0.000  0.000  0.000 0.0000000000
92110  0.000  0.000  0.000 0.0000000000
92113  0.000  0.000  0.000 0.0000000000
92115  0.000  0.000  0.000 0.0000000000
92117  0.000  0.000  0.000 0.0000000000
92118  0.000  0.000  0.000 0.0000000000
92120  0.000  0.000  0.000 0.0000000000
92121  0.000  0.000  0.000 0.0000000000
92123  0.000  0.000  0.000 0.0000000000
92126  0.000  0.000  0.000 0.0000000000
92128  0.000  0.000  0.000 0.0000000000
92130  0.000  0.000  0.000 0.0000000000
92133  0.000  0.000  0.000 0.0000000000
92134  0.000  0.000  0.000 0.0000000000
92137  0.000  0.000  0.000 0.0000000000
92140  0.000  0.000  0.000 0.0000000000
92143  0.000  0.000  0.000 0.0000000000
92147  0.000  0.000  0.000 0.0000000000
92348  0.000  0.000  0.000 0.0000000000
92351  0.000  0.000  0.000 0.0000000000
92354  0.000  0.000  0.000 0.0000000000
92356  0.000  0.000  0.000 0.0000000000
92358  0.000  0.000  0.000 0.0000000000
92359  0.000  0.000  0.000 0.0000000000
92362  0.000  0.000  0.000 0.0000000000
92364  0.000  0.000  0.000 0.0000000000
92366  0.000  0.000  0.000 0.0000000000
92368  0.000  0.000  0.000 0.0000000000
92370  0.000  0.000  0.000 0.0000000000
92371  0.000  0.000  0.000 0.0000000000
92374  0.000  0.000  0.000 0.0000000000
92375  0.000  0.000  0.000 0.0000000000
92378  0.000  0.000  0.000 0.0000000000
92379  0.000  0.000  0.000 0.0000000000
92381  0.000  0.000  0.000 0.0000000000
92383  0.000  0.000  0.000 0.0000000000
92384  0.000  0.000  0.000 0.0000000000
92386  0.000  0.000  0.000 0.0000000000
92387  0.000  0.000  0.000 0.0000000000
92390  0.000  0.000  0.000 0.0000000000
92391  0.000  0.000  0.000 0.0000000000
92394  0.000  0.000  0.000 0.0000000000
92396  0.000  0.000  0.000 0.0000000000
92399  0.000  0.000  0.000 0.0000000000
92400  0.000  0.000  0.000 0.0000000000
92402  0.000  0.000  0.000 0.0000000000
92403  0.000  0.000  0.000 0.0000000000
92406  0.000  0.000  0.000 0.0000000000
92409  0.000  0.000  0.000 0.0000000000
92413  0.000  0.000  0.000 0.0000000000
92621  0.000  0.000  0.000 0.0000000000
92624  0.000  0.000  0.000 0.0000000000
92626  0.000  0.000  0.000 0.0000000000
92627  0.000  0.000  0.000 0.0000000000
92629  0.000  0.000  0.000 0.0000000000
92630  0.000  0.000  0.000 0.0000000000
92633  0.000  0.000  0.000 0.0000000000
92635  0.000  0.000  0.000 0.0000000000
92637  0.000  0.000  0.000 0.0000000000
92639  0.000  0.000  0.000 0.0000000000
92641  0.000  0.000  0.000 0.0000000000
92643  0.000  0.000  0.000 0.0000000000
92646  0.000  0.000  0.000 0.0000000000
92647  0.000  0.000  0.000 0.0000000000
92649  0.000  0.000  0.000 0.0000000000
92650  0.000  0.000  0.000 0.0000000000
92652  0.000  0.000  0.000 0.0000000000
92654  0.000  0.000  0.000 0.0000000000
92656  0.000  0.000  0.000 0.0000000000
92657  0.000  0.000  0.000 0.0000000000
92660  0.000  0.000  0.000 0.0000000000
92661  0.000  0.000  0.000 0.0000000000
92663  0.000  0.000  0.000 0.0000000000
92666  0.000  0.000  0.000 0.0000000000
92668  0.000  0.000  0.000 0.0000000000
92669  0.000  0.000  0.000 0.0000000000
92672  0.000  0.000  0.000 0.0000000000
92673  0.000  0.000  0.000 0.0000000000
92676  0.000  0.000  0.000 0.0000000000
92680  0.000  0.000  0.000 0.0000000000
92873  0.000  0.000  0.000 0.0000000000
92875  0.000  0.000  0.000 0.0000000000
92876  0.000  0.000  0.000 0.0000000000
92878  0.000  0.000  0.000 0.0000000000
92879  0.000  0.000  0.000 0.0000000000
92882  0.000  0.000  0.000 0.0000000000
92884  0.000  0.000  0.000 0.0000000000
92886  0.000  0.000  0.000 0.0000000000
92888  0.000  0.000  0.000 0.0000000000
92890  0.000  0.000  0.000 0.0000000000
92892  0.000  0.000  0.000 0.0000000000
92895  0.000  0.000  0.000 0.0000000000
92898  0.000  0.000  0.000 0.0000000000
92899  0.000  0.000  0.000 0.0000000000
92901  0.000  0.000  0.000 0.0000000000
92902  0.000  0.000  0.000 0.0000000000
92904  0.000  0.000  0.000 0.0000000000
92906  0.000  0.000  0.000 0.0000000000
92909  0.000  0.000  0.000 0.0000000000
92910  0.000  0.000  0.000 0.0000000000
92912  0.000  0.000  0.000 0.0000000000
92913  0.000  0.000  0.000 0.0000000000
92916  0.000  0.000  0.000 0.0000000000
92918  0.000  0.000  0.000 0.0000000000
92921  0.000  0.000  0.000 0.0000000000
92922  0.000  0.000  0.000 0.0000000000
92925  0.000  0.000  0.000 0.0000000000
92928  0.000  0.000  0.000 0.0000000000
92929  0.000  0.000  0.000 0.0000000000
92933  0.000  0.000  0.000 0.0000000000
92934  0.000  0.000  0.000 0.0000000000
93120  0.000  0.000  0.000 0.0000000000
93122  0.000  0.000  0.000 0.0000000000
93125  0.000  0.000  0.000 0.0000000000
93126  0.000  0.000  0.000 0.0000000000
93129  0.000  0.000  0.000 0.0000000000
93131  0.000  0.000  0.000 0.0000000000
93133  0.000  0.000  0.000 0.0000000000
93135  0.000  0.000  0.000 0.0000000000
93137  0.000  0.000  0.000 0.0000000000
93139  0.000  0.000  0.000 0.0000000000
93141  0.000  0.000  0.000 0.0000000000
93144  0.000  0.000  0.000 0.0000000000
93146  0.000  0.000  0.000 0.0000000000
93147  0.000  0.000  0.000 0.0000000000
93149  0.000  0.000  0.000 0.0000000000
93150  0.000  0.000  0.000 0.0000000000
93152  0.000  0.000  0.000 0.0000000000
93155  0.000  0.000  0.000 0.0000000000
93157  0.000  0.000  0.000 0.0000000000
93158  0.000  0.000  0.000 0.0000000000
93161  0.000  0.000  0.000 0.0000000000
93162  0.000  0.000  0.000 0.0000000000
93164  0.000  0.000  0.000 0.0000000000
93167  0.000  0.000  0.000 0.0000000000
93168  0.000  0.000  0.000 0.0000000000
93171  0.000  0.000  0.000 0.0000000000
93174  0.000  0.000  0.000 0.0000000000
93178  0.000  0.000  0.000 0.0000000000
93179  0.000  0.000  0.000 0.0000000000
93374  0.000  0.000  0.000 0.0000000000
93376  0.000  0.000  0.000 0.0000000000
93379  0.000  0.000  0.000 0.0000000000
93380  0.000  0.000  0.000 0.0000000000
93382  0.000  0.000  0.000 0.0000000000
93384  0.000  0.000  0.000 0.0000000000
93386  0.000  0.000  0.000 0.0000000000
93388  0.000  0.000  0.000 0.0000000000
93390  0.000  0.000  0.000 0.0000000000
93392  0.000  0.000  0.000 0.0000000000
93394  0.000  0.000  0.000 0.0000000000
93397  0.000  0.000  0.000 0.0000000000
93399  0.000  0.000  0.000 0.0000000000
93401  0.000  0.000  0.000 0.0000000000
93402  0.000  0.000  0.000 0.0000000000
93404  0.000  0.000  0.000 0.0000000000
93405  0.000  0.000  0.000 0.0000000000
93408  0.000  0.000  0.000 0.0000000000
93410  0.000  0.000  0.000 0.0000000000
93413  0.000  0.000  0.000 0.0000000000
93414  0.000  0.000  0.000 0.0000000000
93416  0.000  0.000  0.000 0.0000000000
93419  0.000  0.000  0.000 0.0000000000
93420  0.000  0.000  0.000 0.0000000000
93423  0.000  0.000  0.000 0.0000000000
93426  0.000  0.000  0.000 0.0000000000
93430  0.000  0.000  0.000 0.0000000000
93431  0.000  0.000  0.000 0.0000000000
93612  0.000  0.000  0.000 0.0000000000
93615  0.000  0.000  0.000 0.0000000000
93616  0.000  0.000  0.000 0.0000000000
93618  0.000  0.000  0.000 0.0000000000
93620  0.000  0.000  0.000 0.0000000000
93622  0.000  0.000  0.000 0.0000000000
93624  0.000  0.000  0.000 0.0000000000
93626  0.000  0.000  0.000 0.0000000000
93628  0.000  0.000  0.000 0.0000000000
93630  0.000  0.000  0.000 0.0000000000
93633  0.000  0.000  0.000 0.0000000000
93635  0.000  0.000  0.000 0.0000000000
93637  0.000  0.000  0.000 0.0000000000
93639  0.000  0.000  0.000 0.0000000000
93640  0.000  0.000  0.000 0.0000000000
93643  0.000  0.000  0.000 0.0000000000
93644  0.000  0.000  0.000 0.0000000000
93646  0.000  0.000  0.000 0.0000000000
93649  0.000  0.000  0.000 0.0000000000
93650  0.000  0.000  0.000 0.0000000000
93652  0.000  0.000  0.000 0.0000000000
93655  0.000  0.000  0.000 0.0000000000
93656  0.000  0.000  0.000 0.0000000000
93659  0.000  0.000  0.000 0.0000000000
93662  0.000  0.000  0.000 0.0000000000
93666  0.000  0.000  0.000 0.0000000000
93667  0.000  0.000  0.000 0.0000000000
93836  0.000  0.000  0.000 0.0000000000
93839  0.000  0.000  0.000 0.0000000000
93840  0.000  0.000  0.000 0.0000000000
93843  0.000  0.000  0.000 0.0000000000
93844  0.000  0.000  0.000 0.0000000000
93846  0.000  0.000  0.000 0.0000000000
93848  0.000  0.000  0.000 0.0000000000
93850  0.000  0.000  0.000 0.0000000000
93852  0.000  0.000  0.000 0.0000000000
93854  0.000  0.000  0.000 0.0000000000
93856  0.000  0.000  0.000 0.0000000000
93859  0.000  0.000  0.000 0.0000000000
93861  0.000  0.000  0.000 0.0000000000
93863  0.000  0.000  0.000 0.0000000000
93865  0.000  0.000  0.000 0.0000000000
93868  0.000  0.000  0.000 0.0000000000
93869  0.000  0.000  0.000 0.0000000000
93871  0.000  0.000  0.000 0.0000000000
93874  0.000  0.000  0.000 0.0000000000
93875  0.000  0.000  0.000 0.0000000000
93877  0.000  0.000  0.000 0.0000000000
93880  0.000  0.000  0.000 0.0000000000
93881  0.000  0.000  0.000 0.0000000000
93884  0.000  0.000  0.000 0.0000000000
93888  0.000  0.000  0.000 0.0000000000
93893  0.000  0.000  0.000 0.0000000000
94061  0.000  0.000  0.000 0.0000000000
94063  0.000  0.000  0.000 0.0000000000
94066  0.000  0.000  0.000 0.0000000000
94067  0.000  0.000  0.000 0.0000000000
94069  0.000  0.000  0.000 0.0000000000
94071  0.000  0.000  0.000 0.0000000000
94073  0.000  0.000  0.000 0.0000000000
94075  0.000  0.000  0.000 0.0000000000
94076  0.000  0.000  0.000 0.0000000000
94078  0.000  0.000  0.000 0.0000000000
94079  0.000  0.000  0.000 0.0000000000
94081  0.000  0.000  0.000 0.0000000000
94082  0.000  0.000  0.000 0.0000000000
94085  0.000  0.000  0.000 0.0000000000
94086  0.000  0.000  0.000 0.0000000000
94088  0.000  0.000  0.000 0.0000000000
94090  0.000  0.000  0.000 0.0000000000
94092  0.000  0.000  0.000 0.0000000000
94095  0.000  0.000  0.000 0.0000000000
94096  0.000  0.000  0.000 0.0000000000
94098  0.000  0.000  0.000 0.0000000000
94101  0.000  0.000  0.000 0.0000000000
94102  0.000  0.000  0.000 0.0000000000
94104  0.000  0.000  0.000 0.0000000000
94107  0.000  0.000  0.000 0.0000000000
94108  0.000  0.000  0.000 0.0000000000
94111  0.000  0.000  0.000 0.0000000000
94289  0.000  0.000  0.000 0.0000000000
94292  0.000  0.000  0.000 0.0000000000
94293  0.000  0.000  0.000 0.0000000000
94296  0.000  0.000  0.000 0.0000000000
94298  0.000  0.000  0.000 0.0000000000
94300  0.000  0.000  0.000 0.0000000000
94302  0.000  0.000  0.000 0.0000000000
94303  0.000  0.000  0.000 0.0000000000
94305  0.000  0.000  0.000 0.0000000000
94308  0.000  0.000  0.000 0.0000000000
94311  0.000  0.000  0.000 0.0000000000
94312  0.000  0.000  0.000 0.0000000000
94314  0.000  0.000  0.000 0.0000000000
94315  0.000  0.000  0.000 0.0000000000
94317  0.000  0.000  0.000 0.0000000000
94319  0.000  0.000  0.000 0.0000000000
94322  0.000  0.000  0.000 0.0000000000
94323  0.000  0.000  0.000 0.0000000000
94325  0.000  0.000  0.000 0.0000000000
94328  0.000  0.000  0.000 0.0000000000
94329  0.000  0.000  0.000 0.0000000000
94331  0.000  0.000  0.000 0.0000000000
94334  0.000  0.000  0.000 0.0000000000
94335  0.000  0.000  0.000 0.0000000000
94338  0.000  0.000  0.000 0.0000000000
94519  0.000  0.000  0.000 0.0000000000
94520  0.000  0.000  0.000 0.0000000000
94523  0.000  0.000  0.000 0.0000000000
94524  0.000  0.000  0.000 0.0000000000
94526  0.000  0.000  0.000 0.0000000000
94528  0.000  0.000  0.000 0.0000000000
94531  0.000  0.000  0.000 0.0000000000
94532  0.000  0.000  0.000 0.0000000000
94535  0.000  0.000  0.000 0.0000000000
94538  0.000  0.000  0.000 0.0000000000
94540  0.000  0.000  0.000 0.0000000000
94542  0.000  0.000  0.000 0.0000000000
94543  0.000  0.000  0.000 0.0000000000
94545  0.000  0.000  0.000 0.0000000000
94548  0.000  0.000  0.000 0.0000000000
94551  0.000  0.000  0.000 0.0000000000
94552  0.000  0.000  0.000 0.0000000000
94554  0.000  0.000  0.000 0.0000000000
94557  0.000  0.000  0.000 0.0000000000
94558  0.000  0.000  0.000 0.0000000000
94560  0.000  0.000  0.000 0.0000000000
94561  0.000  0.000  0.000 0.0000000000
94564  0.000  0.000  0.000 0.0000000000
94565  0.000  0.000  0.000 0.0000000000
94741  0.000  0.000  0.000 0.0000000000
94742  0.000  0.000  0.000 0.0000000000
94745  0.000  0.000  0.000 0.0000000000
94747  0.000  0.000  0.000 0.0000000000
94750  0.000  0.000  0.000 0.0000000000
94751  0.000  0.000  0.000 0.0000000000
94753  0.000  0.000  0.000 0.0000000000
94755  0.000  0.000  0.000 0.0000000000
94757  0.000  0.000  0.000 0.0000000000
94759  0.000  0.000  0.000 0.0000000000
94760  0.000  0.000  0.000 0.0000000000
94762  0.000  0.000  0.000 0.0000000000
94765  0.000  0.000  0.000 0.0000000000
94767  0.000  0.000  0.000 0.0000000000
94768  0.000  0.000  0.000 0.0000000000
94770  0.000  0.000  0.000 0.0000000000
94771  0.000  0.000  0.000 0.0000000000
94774  0.000  0.000  0.000 0.0000000000
94775  0.000  0.000  0.000 0.0000000000
94777  0.000  0.000  0.000 0.0000000000
94778  0.000  0.000  0.000 0.0000000000
94781  0.000  0.000  0.000 0.0000000000
94954  0.000  0.000  0.000 0.0000000000
94955  0.000  0.000  0.000 0.0000000000
94959  0.000  0.000  0.000 0.0000000000
94962  0.000  0.000  0.000 0.0000000000
94965  0.000  0.000  0.000 0.0000000000
94966  0.000  0.000  0.000 0.0000000000
94969  0.000  0.000  0.000 0.0000000000
94971  0.000  0.000  0.000 0.0000000000
94973  0.000  0.000  0.000 0.0000000000
94974  0.000  0.000  0.000 0.0000000000
94976  0.000  0.000  0.000 0.0000000000
94977  0.000  0.000  0.000 0.0000000000
94979  0.000  0.000  0.000 0.0000000000
94982  0.000  0.000  0.000 0.0000000000
94983  0.000  0.000  0.000 0.0000000000
94985  0.000  0.000  0.000 0.0000000000
94986  0.000  0.000  0.000 0.0000000000
94988  0.000  0.000  0.000 0.0000000000
94989  0.000  0.000  0.000 0.0000000000
94992  0.000  0.000  0.000 0.0000000000
94994  0.000  0.000  0.000 0.0000000000
94995  0.000  0.000  0.000 0.0000000000
95172  0.000  0.000  0.000 0.0000000000
95173  0.000  0.000  0.000 0.0000000000
95176  0.000  0.000  0.000 0.0000000000
95180  0.000  0.000  0.000 0.0000000000
95183  0.000  0.000  0.000 0.0000000000
95184  0.000  0.000  0.000 0.0000000000
95187  0.000  0.000  0.000 0.0000000000
95188  0.000  0.000  0.000 0.0000000000
95190  0.000  0.000  0.000 0.0000000000
95191  0.000  0.000  0.000 0.0000000000
95193  0.000  0.000  0.000 0.0000000000
95194  0.000  0.000  0.000 0.0000000000
95196  0.000  0.000  0.000 0.0000000000
95199  0.000  0.000  0.000 0.0000000000
95200  0.000  0.000  0.000 0.0000000000
95203  0.000  0.000  0.000 0.0000000000
95204  0.000  0.000  0.000 0.0000000000
95206  0.000  0.000  0.000 0.0000000000
95207  0.000  0.000  0.000 0.0000000000
95210  0.000  0.000  0.000 0.0000000000
95211  0.000  0.000  0.000 0.0000000000
95214  0.000  0.000  0.000 0.0000000000
95215  0.000  0.000  0.000 0.0000000000
95217  0.000  0.000  0.000 0.0000000000
95218  0.000  0.000  0.000 0.0000000000
95379  0.000  0.000  0.000 0.0000000000
95382  0.000  0.000  0.000 0.0000000000
95383  0.000  0.000  0.000 0.0000000000
95386  0.000  0.000  0.000 0.0000000000
95389  0.000  0.000  0.000 0.0000000000
95393  0.000  0.000  0.000 0.0000000000
95397  0.000  0.000  0.000 0.0000000000
95398  0.000  0.000  0.000 0.0000000000
95401  0.000  0.000  0.000 0.0000000000
95402  0.000  0.000  0.000 0.0000000000
95404  0.000  0.000  0.000 0.0000000000
95407  0.000  0.000  0.000 0.0000000000
95410  0.000  0.000  0.000 0.0000000000
95411  0.000  0.000  0.000 0.0000000000
95413  0.000  0.000  0.000 0.0000000000
95415  0.000  0.000  0.000 0.0000000000
95416  0.000  0.000  0.000 0.0000000000
95419  0.000  0.000  0.000 0.0000000000
95420  0.000  0.000  0.000 0.0000000000
95422  0.000  0.000  0.000 0.0000000000
95423  0.000  0.000  0.000 0.0000000000
95427  0.000  0.000  0.000 0.0000000000
95590  0.000  0.000  0.000 0.0000000000
95593  0.000  0.000  0.000 0.0000000000
95594  0.000  0.000  0.000 0.0000000000
95597  0.000  0.000  0.000 0.0000000000
95600  0.000  0.000  0.000 0.0000000000
95603  0.000  0.000  0.000 0.0000000000
95607  0.000  0.000  0.000 0.0000000000
95611  0.000  0.000  0.000 0.0000000000
95614  0.000  0.000  0.000 0.0000000000
95615  0.000  0.000  0.000 0.0000000000
95618  0.000  0.000  0.000 0.0000000000
95619  0.000  0.000  0.000 0.0000000000
95621  0.000  0.000  0.000 0.0000000000
95622  0.000  0.000  0.000 0.0000000000
95624  0.000  0.000  0.000 0.0000000000
95625  0.000  0.000  0.000 0.0000000000
95628  0.000  0.000  0.000 0.0000000000
95629  0.000  0.000  0.000 0.0000000000
95632  0.000  0.000  0.000 0.0000000000
95633  0.000  0.000  0.000 0.0000000000
95636  0.000  0.000  0.000 0.0000000000
95793  0.000  0.000  0.000 0.0000000000
95796  0.000  0.000  0.000 0.0000000000
95797  0.000  0.000  0.000 0.0000000000
95800  0.000  0.000  0.000 0.0000000000
95803  0.000  0.000  0.000 0.0000000000
95806  0.000  0.000  0.000 0.0000000000
95809  0.000  0.000  0.000 0.0000000000
95812  0.000  0.000  0.000 0.0000000000
95813  0.000  0.000  0.000 0.0000000000
95817  0.000  0.000  0.000 0.0000000000
95818  0.000  0.000  0.000 0.0000000000
95821  0.000  0.000  0.000 0.0000000000
95823  0.000  0.000  0.000 0.0000000000
95824  0.000  0.000  0.000 0.0000000000
95827  0.000  0.000  0.000 0.0000000000
95828  0.000  0.000  0.000 0.0000000000
95831  0.000  0.000  0.000 0.0000000000
95832  0.000  0.000  0.000 0.0000000000
95834  0.000  0.000  0.000 0.0000000000
95835  0.000  0.000  0.000 0.0000000000
95838  0.000  0.000  0.000 0.0000000000
95978  0.000  0.000  0.000 0.0000000000
95981  0.000  0.000  0.000 0.0000000000
95983  0.000  0.000  0.000 0.0000000000
95984  0.000  0.000  0.000 0.0000000000
95987  0.000  0.000  0.000 0.0000000000
95988  0.000  0.000  0.000 0.0000000000
95991  0.000  0.000  0.000 0.0000000000
95994  0.000  0.000  0.000 0.0000000000
95998  0.000  0.000  0.000 0.0000000000
95999  0.000  0.000  0.000 0.0000000000
96002  0.000  0.000  0.000 0.0000000000
96003  0.000  0.000  0.000 0.0000000000
96007  0.000  0.000  0.000 0.0000000000
96011  0.000  0.000  0.000 0.0000000000
96012  0.000  0.000  0.000 0.0000000000
96015  0.000  0.000  0.000 0.0000000000
96016  0.000  0.000  0.000 0.0000000000
96019  0.000  0.000  0.000 0.0000000000
96020  0.000  0.000  0.000 0.0000000000
96022  0.000  0.000  0.000 0.0000000000
96023  0.000  0.000  0.000 0.0000000000
96026  0.000  0.000  0.000 0.0000000000
96180  0.000  0.000  0.000 0.0000000000
96183  0.000  0.000  0.000 0.0000000000
96185  0.000  0.000  0.000 0.0000000000
96187  0.000  0.000  0.000 0.0000000000
96188  0.000  0.000  0.000 0.0000000000
96191  0.000  0.000  0.000 0.0000000000
96192  0.000  0.000  0.000 0.0000000000
96195  0.000  0.000  0.000 0.0000000000
96196  0.000  0.000  0.000 0.0000000000
96199  0.000  0.000  0.000 0.0000000000
96200  0.000  0.000  0.000 0.0000000000
96204  0.000  0.000  0.000 0.0000000000
96208  0.000  0.000  0.000 0.0000000000
96209  0.000  0.000  0.000 0.0000000000
96213  0.000  0.000  0.000 0.0000000000
96214  0.000  0.000  0.000 0.0000000000
96219  0.000  0.000  0.000 0.0000000000
96223  0.000  0.000  0.000 0.0000000000
96374  0.000  0.000  0.000 0.0000000000
96375  0.000  0.000  0.000 0.0000000000
96378  0.000  0.000  0.000 0.0000000000
96381  0.000  0.000  0.000 0.0000000000
96383  0.000  0.000  0.000 0.0000000000
96385  0.000  0.000  0.000 0.0000000000
96388  0.000  0.000  0.000 0.0000000000
96391  0.000  0.000  0.000 0.0000000000
96394  0.000  0.000  0.000 0.0000000000
96395  0.000  0.000  0.000 0.0000000000
96399  0.000  0.000  0.000 0.0000000000
96400  0.000  0.000  0.000 0.0000000000
96557  0.000  0.000  0.000 0.0000000000
96558  0.000  0.000  0.000 0.0000000000
96560  0.000  0.000  0.000 0.0000000000
96561  0.000  0.000  0.000 0.0000000000
96564  0.000  0.000  0.000 0.0000000000
96567  0.000  0.000  0.000 0.0000000000
96570  0.000  0.000  0.000 0.0000000000
96572  0.000  0.000  0.000 0.0000000000
96575  0.000  0.000  0.000 0.0000000000
96576  0.000  0.000  0.000 0.0000000000
96579  0.000  0.000  0.000 0.0000000000
96580  0.000  0.000  0.000 0.0000000000
96735  0.000  0.000  0.000 0.0000000000
96738  0.000  0.000  0.000 0.0000000000
96741  0.000  0.000  0.000 0.0000000000
96742  0.000  0.000  0.000 0.0000000000
96744  0.000  0.000  0.000 0.0000000000
96746  0.000  0.000  0.000 0.0000000000
96749  0.000  0.000  0.000 0.0000000000
96752  0.000  0.000  0.000 0.0000000000
96753  0.000  0.000  0.000 0.0000000000
96755  0.000  0.000  0.000 0.0000000000
96756  0.000  0.000  0.000 0.0000000000
96904  0.000  0.000  0.000 0.0000000000
96906  0.000  0.000  0.000 0.0000000000
96909  0.000  0.000  0.000 0.0000000000
96910  0.000  0.000  0.000 0.0000000000
96913  0.000  0.000  0.000 0.0000000000
96914  0.000  0.000  0.000 0.0000000000
96917  0.000  0.000  0.000 0.0000000000
96918  0.000  0.000  0.000 0.0000000000
96920  0.000  0.000  0.000 0.0000000000
96921  0.000  0.000  0.000 0.0000000000
96924  0.000  0.000  0.000 0.0000000000
96925  0.000  0.000  0.000 0.0000000000
97070  0.000  0.000  0.000 0.0000000000
97072  0.000  0.000  0.000 0.0000000000
97074  0.000  0.000  0.000 0.0000000000
97077  0.000  0.000  0.000 0.0000000000
