#!ascii label  , from subject Woofsurfer vox2ras=TkReg coords=white
1794
68888  0.000  0.000  0.000 0.0000000000
68889  0.000  0.000  0.000 0.0000000000
68894  0.000  0.000  0.000 0.0000000000
68895  0.000  0.000  0.000 0.0000000000
68896  0.000  0.000  0.000 0.0000000000
68902  0.000  0.000  0.000 0.0000000000
68903  0.000  0.000  0.000 0.0000000000
68909  0.000  0.000  0.000 0.0000000000
69513  0.000  0.000  0.000 0.0000000000
69514  0.000  0.000  0.000 0.0000000000
69515  0.000  0.000  0.000 0.0000000000
69523  0.000  0.000  0.000 0.0000000000
69524  0.000  0.000  0.000 0.0000000000
69525  0.000  0.000  0.000 0.0000000000
69526  0.000  0.000  0.000 0.0000000000
69532  0.000  0.000  0.000 0.0000000000
69533  0.000  0.000  0.000 0.0000000000
69534  0.000  0.000  0.000 0.0000000000
69540  0.000  0.000  0.000 0.0000000000
69541  0.000  0.000  0.000 0.0000000000
70131  0.000  0.000  0.000 0.0000000000
70132  0.000  0.000  0.000 0.0000000000
70133  0.000  0.000  0.000 0.0000000000
70143  0.000  0.000  0.000 0.0000000000
70144  0.000  0.000  0.000 0.0000000000
70145  0.000  0.000  0.000 0.0000000000
70146  0.000  0.000  0.000 0.0000000000
70156  0.000  0.000  0.000 0.0000000000
70157  0.000  0.000  0.000 0.0000000000
70158  0.000  0.000  0.000 0.0000000000
70159  0.000  0.000  0.000 0.0000000000
70168  0.000  0.000  0.000 0.0000000000
70169  0.000  0.000  0.000 0.0000000000
70175  0.000  0.000  0.000 0.0000000000
70703  0.000  0.000  0.000 0.0000000000
70704  0.000  0.000  0.000 0.0000000000
70713  0.000  0.000  0.000 0.0000000000
70714  0.000  0.000  0.000 0.0000000000
70715  0.000  0.000  0.000 0.0000000000
70716  0.000  0.000  0.000 0.0000000000
70726  0.000  0.000  0.000 0.0000000000
70727  0.000  0.000  0.000 0.0000000000
70728  0.000  0.000  0.000 0.0000000000
70729  0.000  0.000  0.000 0.0000000000
70739  0.000  0.000  0.000 0.0000000000
70740  0.000  0.000  0.000 0.0000000000
70741  0.000  0.000  0.000 0.0000000000
70742  0.000  0.000  0.000 0.0000000000
70753  0.000  0.000  0.000 0.0000000000
71317  0.000  0.000  0.000 0.0000000000
71318  0.000  0.000  0.000 0.0000000000
71319  0.000  0.000  0.000 0.0000000000
71326  0.000  0.000  0.000 0.0000000000
71327  0.000  0.000  0.000 0.0000000000
71328  0.000  0.000  0.000 0.0000000000
71329  0.000  0.000  0.000 0.0000000000
71330  0.000  0.000  0.000 0.0000000000
71339  0.000  0.000  0.000 0.0000000000
71340  0.000  0.000  0.000 0.0000000000
71341  0.000  0.000  0.000 0.0000000000
71342  0.000  0.000  0.000 0.0000000000
71352  0.000  0.000  0.000 0.0000000000
71353  0.000  0.000  0.000 0.0000000000
71930  0.000  0.000  0.000 0.0000000000
71931  0.000  0.000  0.000 0.0000000000
71932  0.000  0.000  0.000 0.0000000000
71938  0.000  0.000  0.000 0.0000000000
71939  0.000  0.000  0.000 0.0000000000
71940  0.000  0.000  0.000 0.0000000000
71941  0.000  0.000  0.000 0.0000000000
71942  0.000  0.000  0.000 0.0000000000
71948  0.000  0.000  0.000 0.0000000000
71949  0.000  0.000  0.000 0.0000000000
71950  0.000  0.000  0.000 0.0000000000
71951  0.000  0.000  0.000 0.0000000000
71952  0.000  0.000  0.000 0.0000000000
71953  0.000  0.000  0.000 0.0000000000
71961  0.000  0.000  0.000 0.0000000000
71962  0.000  0.000  0.000 0.0000000000
71963  0.000  0.000  0.000 0.0000000000
71964  0.000  0.000  0.000 0.0000000000
71965  0.000  0.000  0.000 0.0000000000
71974  0.000  0.000  0.000 0.0000000000
72498  0.000  0.000  0.000 0.0000000000
72499  0.000  0.000  0.000 0.0000000000
72505  0.000  0.000  0.000 0.0000000000
72506  0.000  0.000  0.000 0.0000000000
72507  0.000  0.000  0.000 0.0000000000
72508  0.000  0.000  0.000 0.0000000000
72509  0.000  0.000  0.000 0.0000000000
72516  0.000  0.000  0.000 0.0000000000
72517  0.000  0.000  0.000 0.0000000000
72518  0.000  0.000  0.000 0.0000000000
72519  0.000  0.000  0.000 0.0000000000
72520  0.000  0.000  0.000 0.0000000000
72521  0.000  0.000  0.000 0.0000000000
72528  0.000  0.000  0.000 0.0000000000
72529  0.000  0.000  0.000 0.0000000000
72530  0.000  0.000  0.000 0.0000000000
72531  0.000  0.000  0.000 0.0000000000
72532  0.000  0.000  0.000 0.0000000000
72533  0.000  0.000  0.000 0.0000000000
72534  0.000  0.000  0.000 0.0000000000
72539  0.000  0.000  0.000 0.0000000000
72540  0.000  0.000  0.000 0.0000000000
72541  0.000  0.000  0.000 0.0000000000
72542  0.000  0.000  0.000 0.0000000000
72543  0.000  0.000  0.000 0.0000000000
72551  0.000  0.000  0.000 0.0000000000
72552  0.000  0.000  0.000 0.0000000000
72553  0.000  0.000  0.000 0.0000000000
72554  0.000  0.000  0.000 0.0000000000
72555  0.000  0.000  0.000 0.0000000000
72564  0.000  0.000  0.000 0.0000000000
72565  0.000  0.000  0.000 0.0000000000
73057  0.000  0.000  0.000 0.0000000000
73058  0.000  0.000  0.000 0.0000000000
73059  0.000  0.000  0.000 0.0000000000
73066  0.000  0.000  0.000 0.0000000000
73067  0.000  0.000  0.000 0.0000000000
73068  0.000  0.000  0.000 0.0000000000
73069  0.000  0.000  0.000 0.0000000000
73070  0.000  0.000  0.000 0.0000000000
73071  0.000  0.000  0.000 0.0000000000
73078  0.000  0.000  0.000 0.0000000000
73079  0.000  0.000  0.000 0.0000000000
73080  0.000  0.000  0.000 0.0000000000
73081  0.000  0.000  0.000 0.0000000000
73082  0.000  0.000  0.000 0.0000000000
73083  0.000  0.000  0.000 0.0000000000
73084  0.000  0.000  0.000 0.0000000000
73090  0.000  0.000  0.000 0.0000000000
73091  0.000  0.000  0.000 0.0000000000
73092  0.000  0.000  0.000 0.0000000000
73093  0.000  0.000  0.000 0.0000000000
73094  0.000  0.000  0.000 0.0000000000
73101  0.000  0.000  0.000 0.0000000000
73102  0.000  0.000  0.000 0.0000000000
73103  0.000  0.000  0.000 0.0000000000
73104  0.000  0.000  0.000 0.0000000000
73105  0.000  0.000  0.000 0.0000000000
73111  0.000  0.000  0.000 0.0000000000
73112  0.000  0.000  0.000 0.0000000000
73113  0.000  0.000  0.000 0.0000000000
73120  0.000  0.000  0.000 0.0000000000
73121  0.000  0.000  0.000 0.0000000000
73122  0.000  0.000  0.000 0.0000000000
73131  0.000  0.000  0.000 0.0000000000
73591  0.000  0.000  0.000 0.0000000000
73592  0.000  0.000  0.000 0.0000000000
73593  0.000  0.000  0.000 0.0000000000
73594  0.000  0.000  0.000 0.0000000000
73600  0.000  0.000  0.000 0.0000000000
73601  0.000  0.000  0.000 0.0000000000
73602  0.000  0.000  0.000 0.0000000000
73603  0.000  0.000  0.000 0.0000000000
73604  0.000  0.000  0.000 0.0000000000
73605  0.000  0.000  0.000 0.0000000000
73606  0.000  0.000  0.000 0.0000000000
73614  0.000  0.000  0.000 0.0000000000
73615  0.000  0.000  0.000 0.0000000000
73616  0.000  0.000  0.000 0.0000000000
73617  0.000  0.000  0.000 0.0000000000
73618  0.000  0.000  0.000 0.0000000000
73619  0.000  0.000  0.000 0.0000000000
73620  0.000  0.000  0.000 0.0000000000
73627  0.000  0.000  0.000 0.0000000000
73628  0.000  0.000  0.000 0.0000000000
73629  0.000  0.000  0.000 0.0000000000
73630  0.000  0.000  0.000 0.0000000000
73636  0.000  0.000  0.000 0.0000000000
73637  0.000  0.000  0.000 0.0000000000
73638  0.000  0.000  0.000 0.0000000000
73639  0.000  0.000  0.000 0.0000000000
73645  0.000  0.000  0.000 0.0000000000
73646  0.000  0.000  0.000 0.0000000000
73647  0.000  0.000  0.000 0.0000000000
73653  0.000  0.000  0.000 0.0000000000
73654  0.000  0.000  0.000 0.0000000000
73655  0.000  0.000  0.000 0.0000000000
73663  0.000  0.000  0.000 0.0000000000
73664  0.000  0.000  0.000 0.0000000000
73674  0.000  0.000  0.000 0.0000000000
74104  0.000  0.000  0.000 0.0000000000
74105  0.000  0.000  0.000 0.0000000000
74106  0.000  0.000  0.000 0.0000000000
74107  0.000  0.000  0.000 0.0000000000
74108  0.000  0.000  0.000 0.0000000000
74114  0.000  0.000  0.000 0.0000000000
74115  0.000  0.000  0.000 0.0000000000
74116  0.000  0.000  0.000 0.0000000000
74117  0.000  0.000  0.000 0.0000000000
74118  0.000  0.000  0.000 0.0000000000
74119  0.000  0.000  0.000 0.0000000000
74126  0.000  0.000  0.000 0.0000000000
74127  0.000  0.000  0.000 0.0000000000
74128  0.000  0.000  0.000 0.0000000000
74129  0.000  0.000  0.000 0.0000000000
74130  0.000  0.000  0.000 0.0000000000
74131  0.000  0.000  0.000 0.0000000000
74140  0.000  0.000  0.000 0.0000000000
74141  0.000  0.000  0.000 0.0000000000
74142  0.000  0.000  0.000 0.0000000000
74148  0.000  0.000  0.000 0.0000000000
74149  0.000  0.000  0.000 0.0000000000
74150  0.000  0.000  0.000 0.0000000000
74157  0.000  0.000  0.000 0.0000000000
74158  0.000  0.000  0.000 0.0000000000
74159  0.000  0.000  0.000 0.0000000000
74166  0.000  0.000  0.000 0.0000000000
74167  0.000  0.000  0.000 0.0000000000
74168  0.000  0.000  0.000 0.0000000000
74174  0.000  0.000  0.000 0.0000000000
74175  0.000  0.000  0.000 0.0000000000
74176  0.000  0.000  0.000 0.0000000000
74183  0.000  0.000  0.000 0.0000000000
74695  0.000  0.000  0.000 0.0000000000
74696  0.000  0.000  0.000 0.0000000000
74697  0.000  0.000  0.000 0.0000000000
74704  0.000  0.000  0.000 0.0000000000
74705  0.000  0.000  0.000 0.0000000000
74706  0.000  0.000  0.000 0.0000000000
74707  0.000  0.000  0.000 0.0000000000
74708  0.000  0.000  0.000 0.0000000000
74715  0.000  0.000  0.000 0.0000000000
74716  0.000  0.000  0.000 0.0000000000
74717  0.000  0.000  0.000 0.0000000000
74718  0.000  0.000  0.000 0.0000000000
74719  0.000  0.000  0.000 0.0000000000
74720  0.000  0.000  0.000 0.0000000000
74728  0.000  0.000  0.000 0.0000000000
74729  0.000  0.000  0.000 0.0000000000
74730  0.000  0.000  0.000 0.0000000000
74731  0.000  0.000  0.000 0.0000000000
74740  0.000  0.000  0.000 0.0000000000
74741  0.000  0.000  0.000 0.0000000000
74742  0.000  0.000  0.000 0.0000000000
74743  0.000  0.000  0.000 0.0000000000
74751  0.000  0.000  0.000 0.0000000000
74752  0.000  0.000  0.000 0.0000000000
74753  0.000  0.000  0.000 0.0000000000
74759  0.000  0.000  0.000 0.0000000000
74760  0.000  0.000  0.000 0.0000000000
74761  0.000  0.000  0.000 0.0000000000
74766  0.000  0.000  0.000 0.0000000000
74767  0.000  0.000  0.000 0.0000000000
74768  0.000  0.000  0.000 0.0000000000
74769  0.000  0.000  0.000 0.0000000000
74775  0.000  0.000  0.000 0.0000000000
74776  0.000  0.000  0.000 0.0000000000
74777  0.000  0.000  0.000 0.0000000000
74778  0.000  0.000  0.000 0.0000000000
74786  0.000  0.000  0.000 0.0000000000
74787  0.000  0.000  0.000 0.0000000000
74796  0.000  0.000  0.000 0.0000000000
75255  0.000  0.000  0.000 0.0000000000
75256  0.000  0.000  0.000 0.0000000000
75257  0.000  0.000  0.000 0.0000000000
75258  0.000  0.000  0.000 0.0000000000
75267  0.000  0.000  0.000 0.0000000000
75268  0.000  0.000  0.000 0.0000000000
75269  0.000  0.000  0.000 0.0000000000
75270  0.000  0.000  0.000 0.0000000000
75271  0.000  0.000  0.000 0.0000000000
75280  0.000  0.000  0.000 0.0000000000
75281  0.000  0.000  0.000 0.0000000000
75282  0.000  0.000  0.000 0.0000000000
75283  0.000  0.000  0.000 0.0000000000
75284  0.000  0.000  0.000 0.0000000000
75291  0.000  0.000  0.000 0.0000000000
75292  0.000  0.000  0.000 0.0000000000
75293  0.000  0.000  0.000 0.0000000000
75298  0.000  0.000  0.000 0.0000000000
75299  0.000  0.000  0.000 0.0000000000
75300  0.000  0.000  0.000 0.0000000000
75306  0.000  0.000  0.000 0.0000000000
75307  0.000  0.000  0.000 0.0000000000
75314  0.000  0.000  0.000 0.0000000000
75315  0.000  0.000  0.000 0.0000000000
75316  0.000  0.000  0.000 0.0000000000
75317  0.000  0.000  0.000 0.0000000000
75324  0.000  0.000  0.000 0.0000000000
75325  0.000  0.000  0.000 0.0000000000
75326  0.000  0.000  0.000 0.0000000000
75327  0.000  0.000  0.000 0.0000000000
75334  0.000  0.000  0.000 0.0000000000
75335  0.000  0.000  0.000 0.0000000000
75336  0.000  0.000  0.000 0.0000000000
75344  0.000  0.000  0.000 0.0000000000
75353  0.000  0.000  0.000 0.0000000000
75354  0.000  0.000  0.000 0.0000000000
75364  0.000  0.000  0.000 0.0000000000
75815  0.000  0.000  0.000 0.0000000000
75816  0.000  0.000  0.000 0.0000000000
75817  0.000  0.000  0.000 0.0000000000
75818  0.000  0.000  0.000 0.0000000000
75823  0.000  0.000  0.000 0.0000000000
75824  0.000  0.000  0.000 0.0000000000
75825  0.000  0.000  0.000 0.0000000000
75826  0.000  0.000  0.000 0.0000000000
75827  0.000  0.000  0.000 0.0000000000
75833  0.000  0.000  0.000 0.0000000000
75834  0.000  0.000  0.000 0.0000000000
75835  0.000  0.000  0.000 0.0000000000
75844  0.000  0.000  0.000 0.0000000000
75845  0.000  0.000  0.000 0.0000000000
75846  0.000  0.000  0.000 0.0000000000
75853  0.000  0.000  0.000 0.0000000000
75854  0.000  0.000  0.000 0.0000000000
75855  0.000  0.000  0.000 0.0000000000
75862  0.000  0.000  0.000 0.0000000000
75863  0.000  0.000  0.000 0.0000000000
75864  0.000  0.000  0.000 0.0000000000
75870  0.000  0.000  0.000 0.0000000000
75871  0.000  0.000  0.000 0.0000000000
75882  0.000  0.000  0.000 0.0000000000
75883  0.000  0.000  0.000 0.0000000000
75894  0.000  0.000  0.000 0.0000000000
75906  0.000  0.000  0.000 0.0000000000
76383  0.000  0.000  0.000 0.0000000000
76384  0.000  0.000  0.000 0.0000000000
76385  0.000  0.000  0.000 0.0000000000
76389  0.000  0.000  0.000 0.0000000000
76390  0.000  0.000  0.000 0.0000000000
76391  0.000  0.000  0.000 0.0000000000
76392  0.000  0.000  0.000 0.0000000000
76396  0.000  0.000  0.000 0.0000000000
76397  0.000  0.000  0.000 0.0000000000
76398  0.000  0.000  0.000 0.0000000000
76399  0.000  0.000  0.000 0.0000000000
76400  0.000  0.000  0.000 0.0000000000
76405  0.000  0.000  0.000 0.0000000000
76406  0.000  0.000  0.000 0.0000000000
76407  0.000  0.000  0.000 0.0000000000
76408  0.000  0.000  0.000 0.0000000000
76415  0.000  0.000  0.000 0.0000000000
76416  0.000  0.000  0.000 0.0000000000
76417  0.000  0.000  0.000 0.0000000000
76418  0.000  0.000  0.000 0.0000000000
76428  0.000  0.000  0.000 0.0000000000
76429  0.000  0.000  0.000 0.0000000000
76430  0.000  0.000  0.000 0.0000000000
76431  0.000  0.000  0.000 0.0000000000
76438  0.000  0.000  0.000 0.0000000000
76439  0.000  0.000  0.000 0.0000000000
76440  0.000  0.000  0.000 0.0000000000
76441  0.000  0.000  0.000 0.0000000000
76448  0.000  0.000  0.000 0.0000000000
76449  0.000  0.000  0.000 0.0000000000
76457  0.000  0.000  0.000 0.0000000000
76458  0.000  0.000  0.000 0.0000000000
76467  0.000  0.000  0.000 0.0000000000
76477  0.000  0.000  0.000 0.0000000000
76934  0.000  0.000  0.000 0.0000000000
76935  0.000  0.000  0.000 0.0000000000
76936  0.000  0.000  0.000 0.0000000000
76941  0.000  0.000  0.000 0.0000000000
76942  0.000  0.000  0.000 0.0000000000
76943  0.000  0.000  0.000 0.0000000000
76944  0.000  0.000  0.000 0.0000000000
76949  0.000  0.000  0.000 0.0000000000
76950  0.000  0.000  0.000 0.0000000000
76951  0.000  0.000  0.000 0.0000000000
76952  0.000  0.000  0.000 0.0000000000
76955  0.000  0.000  0.000 0.0000000000
76956  0.000  0.000  0.000 0.0000000000
76957  0.000  0.000  0.000 0.0000000000
76958  0.000  0.000  0.000 0.0000000000
76961  0.000  0.000  0.000 0.0000000000
76962  0.000  0.000  0.000 0.0000000000
76963  0.000  0.000  0.000 0.0000000000
76966  0.000  0.000  0.000 0.0000000000
76967  0.000  0.000  0.000 0.0000000000
76968  0.000  0.000  0.000 0.0000000000
76976  0.000  0.000  0.000 0.0000000000
76977  0.000  0.000  0.000 0.0000000000
76978  0.000  0.000  0.000 0.0000000000
76987  0.000  0.000  0.000 0.0000000000
76988  0.000  0.000  0.000 0.0000000000
76989  0.000  0.000  0.000 0.0000000000
76990  0.000  0.000  0.000 0.0000000000
76996  0.000  0.000  0.000 0.0000000000
77004  0.000  0.000  0.000 0.0000000000
77014  0.000  0.000  0.000 0.0000000000
77023  0.000  0.000  0.000 0.0000000000
77471  0.000  0.000  0.000 0.0000000000
77472  0.000  0.000  0.000 0.0000000000
77473  0.000  0.000  0.000 0.0000000000
77477  0.000  0.000  0.000 0.0000000000
77478  0.000  0.000  0.000 0.0000000000
77479  0.000  0.000  0.000 0.0000000000
77480  0.000  0.000  0.000 0.0000000000
77481  0.000  0.000  0.000 0.0000000000
77485  0.000  0.000  0.000 0.0000000000
77486  0.000  0.000  0.000 0.0000000000
77487  0.000  0.000  0.000 0.0000000000
77488  0.000  0.000  0.000 0.0000000000
77493  0.000  0.000  0.000 0.0000000000
77494  0.000  0.000  0.000 0.0000000000
77495  0.000  0.000  0.000 0.0000000000
77496  0.000  0.000  0.000 0.0000000000
77501  0.000  0.000  0.000 0.0000000000
77502  0.000  0.000  0.000 0.0000000000
77503  0.000  0.000  0.000 0.0000000000
77508  0.000  0.000  0.000 0.0000000000
77509  0.000  0.000  0.000 0.0000000000
77510  0.000  0.000  0.000 0.0000000000
77515  0.000  0.000  0.000 0.0000000000
77516  0.000  0.000  0.000 0.0000000000
77517  0.000  0.000  0.000 0.0000000000
77518  0.000  0.000  0.000 0.0000000000
77523  0.000  0.000  0.000 0.0000000000
77524  0.000  0.000  0.000 0.0000000000
77525  0.000  0.000  0.000 0.0000000000
77526  0.000  0.000  0.000 0.0000000000
77535  0.000  0.000  0.000 0.0000000000
77536  0.000  0.000  0.000 0.0000000000
77548  0.000  0.000  0.000 0.0000000000
77559  0.000  0.000  0.000 0.0000000000
77569  0.000  0.000  0.000 0.0000000000
78015  0.000  0.000  0.000 0.0000000000
78016  0.000  0.000  0.000 0.0000000000
78017  0.000  0.000  0.000 0.0000000000
78022  0.000  0.000  0.000 0.0000000000
78023  0.000  0.000  0.000 0.0000000000
78024  0.000  0.000  0.000 0.0000000000
78025  0.000  0.000  0.000 0.0000000000
78026  0.000  0.000  0.000 0.0000000000
78031  0.000  0.000  0.000 0.0000000000
78032  0.000  0.000  0.000 0.0000000000
78033  0.000  0.000  0.000 0.0000000000
78034  0.000  0.000  0.000 0.0000000000
78039  0.000  0.000  0.000 0.0000000000
78040  0.000  0.000  0.000 0.0000000000
78041  0.000  0.000  0.000 0.0000000000
78046  0.000  0.000  0.000 0.0000000000
78047  0.000  0.000  0.000 0.0000000000
78048  0.000  0.000  0.000 0.0000000000
78049  0.000  0.000  0.000 0.0000000000
78053  0.000  0.000  0.000 0.0000000000
78054  0.000  0.000  0.000 0.0000000000
78055  0.000  0.000  0.000 0.0000000000
78056  0.000  0.000  0.000 0.0000000000
78060  0.000  0.000  0.000 0.0000000000
78061  0.000  0.000  0.000 0.0000000000
78062  0.000  0.000  0.000 0.0000000000
78063  0.000  0.000  0.000 0.0000000000
78064  0.000  0.000  0.000 0.0000000000
78068  0.000  0.000  0.000 0.0000000000
78069  0.000  0.000  0.000 0.0000000000
78070  0.000  0.000  0.000 0.0000000000
78071  0.000  0.000  0.000 0.0000000000
78075  0.000  0.000  0.000 0.0000000000
78076  0.000  0.000  0.000 0.0000000000
78084  0.000  0.000  0.000 0.0000000000
78095  0.000  0.000  0.000 0.0000000000
78103  0.000  0.000  0.000 0.0000000000
78112  0.000  0.000  0.000 0.0000000000
78545  0.000  0.000  0.000 0.0000000000
78546  0.000  0.000  0.000 0.0000000000
78547  0.000  0.000  0.000 0.0000000000
78551  0.000  0.000  0.000 0.0000000000
78552  0.000  0.000  0.000 0.0000000000
78553  0.000  0.000  0.000 0.0000000000
78554  0.000  0.000  0.000 0.0000000000
78558  0.000  0.000  0.000 0.0000000000
78559  0.000  0.000  0.000 0.0000000000
78560  0.000  0.000  0.000 0.0000000000
78561  0.000  0.000  0.000 0.0000000000
78565  0.000  0.000  0.000 0.0000000000
78566  0.000  0.000  0.000 0.0000000000
78567  0.000  0.000  0.000 0.0000000000
78568  0.000  0.000  0.000 0.0000000000
78572  0.000  0.000  0.000 0.0000000000
78573  0.000  0.000  0.000 0.0000000000
78574  0.000  0.000  0.000 0.0000000000
78575  0.000  0.000  0.000 0.0000000000
78580  0.000  0.000  0.000 0.0000000000
78581  0.000  0.000  0.000 0.0000000000
78582  0.000  0.000  0.000 0.0000000000
78583  0.000  0.000  0.000 0.0000000000
78588  0.000  0.000  0.000 0.0000000000
78589  0.000  0.000  0.000 0.0000000000
78590  0.000  0.000  0.000 0.0000000000
78596  0.000  0.000  0.000 0.0000000000
78597  0.000  0.000  0.000 0.0000000000
78603  0.000  0.000  0.000 0.0000000000
78608  0.000  0.000  0.000 0.0000000000
78614  0.000  0.000  0.000 0.0000000000
78624  0.000  0.000  0.000 0.0000000000
78634  0.000  0.000  0.000 0.0000000000
79082  0.000  0.000  0.000 0.0000000000
79083  0.000  0.000  0.000 0.0000000000
79089  0.000  0.000  0.000 0.0000000000
79090  0.000  0.000  0.000 0.0000000000
79091  0.000  0.000  0.000 0.0000000000
79097  0.000  0.000  0.000 0.0000000000
79098  0.000  0.000  0.000 0.0000000000
79099  0.000  0.000  0.000 0.0000000000
79100  0.000  0.000  0.000 0.0000000000
79105  0.000  0.000  0.000 0.0000000000
79106  0.000  0.000  0.000 0.0000000000
79107  0.000  0.000  0.000 0.0000000000
79112  0.000  0.000  0.000 0.0000000000
79113  0.000  0.000  0.000 0.0000000000
79114  0.000  0.000  0.000 0.0000000000
79115  0.000  0.000  0.000 0.0000000000
79120  0.000  0.000  0.000 0.0000000000
79121  0.000  0.000  0.000 0.0000000000
79122  0.000  0.000  0.000 0.0000000000
79123  0.000  0.000  0.000 0.0000000000
79128  0.000  0.000  0.000 0.0000000000
79129  0.000  0.000  0.000 0.0000000000
79130  0.000  0.000  0.000 0.0000000000
79135  0.000  0.000  0.000 0.0000000000
79136  0.000  0.000  0.000 0.0000000000
79137  0.000  0.000  0.000 0.0000000000
79141  0.000  0.000  0.000 0.0000000000
79142  0.000  0.000  0.000 0.0000000000
79146  0.000  0.000  0.000 0.0000000000
79153  0.000  0.000  0.000 0.0000000000
79161  0.000  0.000  0.000 0.0000000000
79168  0.000  0.000  0.000 0.0000000000
79177  0.000  0.000  0.000 0.0000000000
79188  0.000  0.000  0.000 0.0000000000
79593  0.000  0.000  0.000 0.0000000000
79594  0.000  0.000  0.000 0.0000000000
79600  0.000  0.000  0.000 0.0000000000
79601  0.000  0.000  0.000 0.0000000000
79602  0.000  0.000  0.000 0.0000000000
79609  0.000  0.000  0.000 0.0000000000
79610  0.000  0.000  0.000 0.0000000000
79611  0.000  0.000  0.000 0.0000000000
79612  0.000  0.000  0.000 0.0000000000
79617  0.000  0.000  0.000 0.0000000000
79618  0.000  0.000  0.000 0.0000000000
79619  0.000  0.000  0.000 0.0000000000
79624  0.000  0.000  0.000 0.0000000000
79625  0.000  0.000  0.000 0.0000000000
79626  0.000  0.000  0.000 0.0000000000
79630  0.000  0.000  0.000 0.0000000000
79631  0.000  0.000  0.000 0.0000000000
79632  0.000  0.000  0.000 0.0000000000
79636  0.000  0.000  0.000 0.0000000000
79637  0.000  0.000  0.000 0.0000000000
79638  0.000  0.000  0.000 0.0000000000
79642  0.000  0.000  0.000 0.0000000000
79643  0.000  0.000  0.000 0.0000000000
79644  0.000  0.000  0.000 0.0000000000
79648  0.000  0.000  0.000 0.0000000000
79655  0.000  0.000  0.000 0.0000000000
79663  0.000  0.000  0.000 0.0000000000
79670  0.000  0.000  0.000 0.0000000000
79676  0.000  0.000  0.000 0.0000000000
79681  0.000  0.000  0.000 0.0000000000
79688  0.000  0.000  0.000 0.0000000000
80121  0.000  0.000  0.000 0.0000000000
80122  0.000  0.000  0.000 0.0000000000
80123  0.000  0.000  0.000 0.0000000000
80124  0.000  0.000  0.000 0.0000000000
80125  0.000  0.000  0.000 0.0000000000
80126  0.000  0.000  0.000 0.0000000000
80127  0.000  0.000  0.000 0.0000000000
80128  0.000  0.000  0.000 0.0000000000
80129  0.000  0.000  0.000 0.0000000000
80135  0.000  0.000  0.000 0.0000000000
80136  0.000  0.000  0.000 0.0000000000
80137  0.000  0.000  0.000 0.0000000000
80143  0.000  0.000  0.000 0.0000000000
80144  0.000  0.000  0.000 0.0000000000
80145  0.000  0.000  0.000 0.0000000000
80151  0.000  0.000  0.000 0.0000000000
80152  0.000  0.000  0.000 0.0000000000
80153  0.000  0.000  0.000 0.0000000000
80158  0.000  0.000  0.000 0.0000000000
80159  0.000  0.000  0.000 0.0000000000
80160  0.000  0.000  0.000 0.0000000000
80165  0.000  0.000  0.000 0.0000000000
80166  0.000  0.000  0.000 0.0000000000
80167  0.000  0.000  0.000 0.0000000000
80172  0.000  0.000  0.000 0.0000000000
80198  0.000  0.000  0.000 0.0000000000
80207  0.000  0.000  0.000 0.0000000000
80216  0.000  0.000  0.000 0.0000000000
80222  0.000  0.000  0.000 0.0000000000
80625  0.000  0.000  0.000 0.0000000000
80626  0.000  0.000  0.000 0.0000000000
80627  0.000  0.000  0.000 0.0000000000
80628  0.000  0.000  0.000 0.0000000000
80629  0.000  0.000  0.000 0.0000000000
80630  0.000  0.000  0.000 0.0000000000
80631  0.000  0.000  0.000 0.0000000000
80632  0.000  0.000  0.000 0.0000000000
80633  0.000  0.000  0.000 0.0000000000
80634  0.000  0.000  0.000 0.0000000000
80635  0.000  0.000  0.000 0.0000000000
80636  0.000  0.000  0.000 0.0000000000
80639  0.000  0.000  0.000 0.0000000000
80640  0.000  0.000  0.000 0.0000000000
80641  0.000  0.000  0.000 0.0000000000
80646  0.000  0.000  0.000 0.0000000000
80647  0.000  0.000  0.000 0.0000000000
80648  0.000  0.000  0.000 0.0000000000
80654  0.000  0.000  0.000 0.0000000000
80655  0.000  0.000  0.000 0.0000000000
80656  0.000  0.000  0.000 0.0000000000
80660  0.000  0.000  0.000 0.0000000000
80661  0.000  0.000  0.000 0.0000000000
80662  0.000  0.000  0.000 0.0000000000
80667  0.000  0.000  0.000 0.0000000000
81139  0.000  0.000  0.000 0.0000000000
81140  0.000  0.000  0.000 0.0000000000
81141  0.000  0.000  0.000 0.0000000000
81142  0.000  0.000  0.000 0.0000000000
81143  0.000  0.000  0.000 0.0000000000
81144  0.000  0.000  0.000 0.0000000000
81145  0.000  0.000  0.000 0.0000000000
81146  0.000  0.000  0.000 0.0000000000
81147  0.000  0.000  0.000 0.0000000000
81148  0.000  0.000  0.000 0.0000000000
81149  0.000  0.000  0.000 0.0000000000
81150  0.000  0.000  0.000 0.0000000000
81151  0.000  0.000  0.000 0.0000000000
81152  0.000  0.000  0.000 0.0000000000
81153  0.000  0.000  0.000 0.0000000000
81154  0.000  0.000  0.000 0.0000000000
81158  0.000  0.000  0.000 0.0000000000
81159  0.000  0.000  0.000 0.0000000000
81160  0.000  0.000  0.000 0.0000000000
81166  0.000  0.000  0.000 0.0000000000
81167  0.000  0.000  0.000 0.0000000000
81168  0.000  0.000  0.000 0.0000000000
81172  0.000  0.000  0.000 0.0000000000
81179  0.000  0.000  0.000 0.0000000000
81619  0.000  0.000  0.000 0.0000000000
81620  0.000  0.000  0.000 0.0000000000
81621  0.000  0.000  0.000 0.0000000000
81622  0.000  0.000  0.000 0.0000000000
81623  0.000  0.000  0.000 0.0000000000
81624  0.000  0.000  0.000 0.0000000000
81625  0.000  0.000  0.000 0.0000000000
81626  0.000  0.000  0.000 0.0000000000
81627  0.000  0.000  0.000 0.0000000000
81628  0.000  0.000  0.000 0.0000000000
81629  0.000  0.000  0.000 0.0000000000
81630  0.000  0.000  0.000 0.0000000000
81631  0.000  0.000  0.000 0.0000000000
81632  0.000  0.000  0.000 0.0000000000
81633  0.000  0.000  0.000 0.0000000000
81634  0.000  0.000  0.000 0.0000000000
81635  0.000  0.000  0.000 0.0000000000
81636  0.000  0.000  0.000 0.0000000000
81637  0.000  0.000  0.000 0.0000000000
81638  0.000  0.000  0.000 0.0000000000
81639  0.000  0.000  0.000 0.0000000000
81640  0.000  0.000  0.000 0.0000000000
81645  0.000  0.000  0.000 0.0000000000
81652  0.000  0.000  0.000 0.0000000000
81658  0.000  0.000  0.000 0.0000000000
82126  0.000  0.000  0.000 0.0000000000
82127  0.000  0.000  0.000 0.0000000000
82128  0.000  0.000  0.000 0.0000000000
82129  0.000  0.000  0.000 0.0000000000
82130  0.000  0.000  0.000 0.0000000000
82131  0.000  0.000  0.000 0.0000000000
82132  0.000  0.000  0.000 0.0000000000
82133  0.000  0.000  0.000 0.0000000000
82134  0.000  0.000  0.000 0.0000000000
82135  0.000  0.000  0.000 0.0000000000
82136  0.000  0.000  0.000 0.0000000000
82137  0.000  0.000  0.000 0.0000000000
82138  0.000  0.000  0.000 0.0000000000
82139  0.000  0.000  0.000 0.0000000000
82140  0.000  0.000  0.000 0.0000000000
82141  0.000  0.000  0.000 0.0000000000
82142  0.000  0.000  0.000 0.0000000000
82143  0.000  0.000  0.000 0.0000000000
82144  0.000  0.000  0.000 0.0000000000
82145  0.000  0.000  0.000 0.0000000000
82146  0.000  0.000  0.000 0.0000000000
82147  0.000  0.000  0.000 0.0000000000
82148  0.000  0.000  0.000 0.0000000000
82149  0.000  0.000  0.000 0.0000000000
82154  0.000  0.000  0.000 0.0000000000
82161  0.000  0.000  0.000 0.0000000000
82662  0.000  0.000  0.000 0.0000000000
82663  0.000  0.000  0.000 0.0000000000
82664  0.000  0.000  0.000 0.0000000000
82665  0.000  0.000  0.000 0.0000000000
82666  0.000  0.000  0.000 0.0000000000
82667  0.000  0.000  0.000 0.0000000000
82668  0.000  0.000  0.000 0.0000000000
82669  0.000  0.000  0.000 0.0000000000
82670  0.000  0.000  0.000 0.0000000000
82671  0.000  0.000  0.000 0.0000000000
82672  0.000  0.000  0.000 0.0000000000
82673  0.000  0.000  0.000 0.0000000000
82674  0.000  0.000  0.000 0.0000000000
82675  0.000  0.000  0.000 0.0000000000
82676  0.000  0.000  0.000 0.0000000000
82677  0.000  0.000  0.000 0.0000000000
82678  0.000  0.000  0.000 0.0000000000
82679  0.000  0.000  0.000 0.0000000000
82680  0.000  0.000  0.000 0.0000000000
82681  0.000  0.000  0.000 0.0000000000
82682  0.000  0.000  0.000 0.0000000000
82683  0.000  0.000  0.000 0.0000000000
82684  0.000  0.000  0.000 0.0000000000
82685  0.000  0.000  0.000 0.0000000000
82686  0.000  0.000  0.000 0.0000000000
82687  0.000  0.000  0.000 0.0000000000
82688  0.000  0.000  0.000 0.0000000000
82690  0.000  0.000  0.000 0.0000000000
82694  0.000  0.000  0.000 0.0000000000
82700  0.000  0.000  0.000 0.0000000000
83309  0.000  0.000  0.000 0.0000000000
83310  0.000  0.000  0.000 0.0000000000
83311  0.000  0.000  0.000 0.0000000000
83312  0.000  0.000  0.000 0.0000000000
83313  0.000  0.000  0.000 0.0000000000
83314  0.000  0.000  0.000 0.0000000000
83315  0.000  0.000  0.000 0.0000000000
83316  0.000  0.000  0.000 0.0000000000
83317  0.000  0.000  0.000 0.0000000000
83318  0.000  0.000  0.000 0.0000000000
83319  0.000  0.000  0.000 0.0000000000
83320  0.000  0.000  0.000 0.0000000000
83321  0.000  0.000  0.000 0.0000000000
83322  0.000  0.000  0.000 0.0000000000
83323  0.000  0.000  0.000 0.0000000000
83324  0.000  0.000  0.000 0.0000000000
83325  0.000  0.000  0.000 0.0000000000
83326  0.000  0.000  0.000 0.0000000000
83327  0.000  0.000  0.000 0.0000000000
83328  0.000  0.000  0.000 0.0000000000
83329  0.000  0.000  0.000 0.0000000000
83330  0.000  0.000  0.000 0.0000000000
83331  0.000  0.000  0.000 0.0000000000
83332  0.000  0.000  0.000 0.0000000000
83333  0.000  0.000  0.000 0.0000000000
83334  0.000  0.000  0.000 0.0000000000
83335  0.000  0.000  0.000 0.0000000000
83336  0.000  0.000  0.000 0.0000000000
83339  0.000  0.000  0.000 0.0000000000
83343  0.000  0.000  0.000 0.0000000000
83346  0.000  0.000  0.000 0.0000000000
83922  0.000  0.000  0.000 0.0000000000
83923  0.000  0.000  0.000 0.0000000000
83924  0.000  0.000  0.000 0.0000000000
83925  0.000  0.000  0.000 0.0000000000
83926  0.000  0.000  0.000 0.0000000000
83927  0.000  0.000  0.000 0.0000000000
83928  0.000  0.000  0.000 0.0000000000
83929  0.000  0.000  0.000 0.0000000000
83930  0.000  0.000  0.000 0.0000000000
83931  0.000  0.000  0.000 0.0000000000
83932  0.000  0.000  0.000 0.0000000000
83933  0.000  0.000  0.000 0.0000000000
83934  0.000  0.000  0.000 0.0000000000
83935  0.000  0.000  0.000 0.0000000000
83936  0.000  0.000  0.000 0.0000000000
83937  0.000  0.000  0.000 0.0000000000
83938  0.000  0.000  0.000 0.0000000000
83939  0.000  0.000  0.000 0.0000000000
83940  0.000  0.000  0.000 0.0000000000
83941  0.000  0.000  0.000 0.0000000000
83942  0.000  0.000  0.000 0.0000000000
83943  0.000  0.000  0.000 0.0000000000
83944  0.000  0.000  0.000 0.0000000000
83945  0.000  0.000  0.000 0.0000000000
83946  0.000  0.000  0.000 0.0000000000
83947  0.000  0.000  0.000 0.0000000000
83948  0.000  0.000  0.000 0.0000000000
83949  0.000  0.000  0.000 0.0000000000
83950  0.000  0.000  0.000 0.0000000000
83952  0.000  0.000  0.000 0.0000000000
83956  0.000  0.000  0.000 0.0000000000
83960  0.000  0.000  0.000 0.0000000000
83964  0.000  0.000  0.000 0.0000000000
83968  0.000  0.000  0.000 0.0000000000
83975  0.000  0.000  0.000 0.0000000000
83983  0.000  0.000  0.000 0.0000000000
83984  0.000  0.000  0.000 0.0000000000
83990  0.000  0.000  0.000 0.0000000000
83991  0.000  0.000  0.000 0.0000000000
83998  0.000  0.000  0.000 0.0000000000
83999  0.000  0.000  0.000 0.0000000000
84006  0.000  0.000  0.000 0.0000000000
84007  0.000  0.000  0.000 0.0000000000
84016  0.000  0.000  0.000 0.0000000000
84028  0.000  0.000  0.000 0.0000000000
84042  0.000  0.000  0.000 0.0000000000
84056  0.000  0.000  0.000 0.0000000000
84591  0.000  0.000  0.000 0.0000000000
84592  0.000  0.000  0.000 0.0000000000
84593  0.000  0.000  0.000 0.0000000000
84594  0.000  0.000  0.000 0.0000000000
84595  0.000  0.000  0.000 0.0000000000
84596  0.000  0.000  0.000 0.0000000000
84597  0.000  0.000  0.000 0.0000000000
84598  0.000  0.000  0.000 0.0000000000
84599  0.000  0.000  0.000 0.0000000000
84600  0.000  0.000  0.000 0.0000000000
84601  0.000  0.000  0.000 0.0000000000
84602  0.000  0.000  0.000 0.0000000000
84603  0.000  0.000  0.000 0.0000000000
84604  0.000  0.000  0.000 0.0000000000
84605  0.000  0.000  0.000 0.0000000000
84606  0.000  0.000  0.000 0.0000000000
84607  0.000  0.000  0.000 0.0000000000
84608  0.000  0.000  0.000 0.0000000000
84609  0.000  0.000  0.000 0.0000000000
84610  0.000  0.000  0.000 0.0000000000
84611  0.000  0.000  0.000 0.0000000000
84612  0.000  0.000  0.000 0.0000000000
84613  0.000  0.000  0.000 0.0000000000
84614  0.000  0.000  0.000 0.0000000000
84615  0.000  0.000  0.000 0.0000000000
84616  0.000  0.000  0.000 0.0000000000
84617  0.000  0.000  0.000 0.0000000000
84618  0.000  0.000  0.000 0.0000000000
84619  0.000  0.000  0.000 0.0000000000
84620  0.000  0.000  0.000 0.0000000000
84621  0.000  0.000  0.000 0.0000000000
84623  0.000  0.000  0.000 0.0000000000
84624  0.000  0.000  0.000 0.0000000000
84628  0.000  0.000  0.000 0.0000000000
84629  0.000  0.000  0.000 0.0000000000
84633  0.000  0.000  0.000 0.0000000000
84634  0.000  0.000  0.000 0.0000000000
84638  0.000  0.000  0.000 0.0000000000
84639  0.000  0.000  0.000 0.0000000000
84643  0.000  0.000  0.000 0.0000000000
84644  0.000  0.000  0.000 0.0000000000
84648  0.000  0.000  0.000 0.0000000000
84649  0.000  0.000  0.000 0.0000000000
84653  0.000  0.000  0.000 0.0000000000
84654  0.000  0.000  0.000 0.0000000000
84662  0.000  0.000  0.000 0.0000000000
84663  0.000  0.000  0.000 0.0000000000
84673  0.000  0.000  0.000 0.0000000000
84684  0.000  0.000  0.000 0.0000000000
84697  0.000  0.000  0.000 0.0000000000
84710  0.000  0.000  0.000 0.0000000000
84725  0.000  0.000  0.000 0.0000000000
84739  0.000  0.000  0.000 0.0000000000
84752  0.000  0.000  0.000 0.0000000000
84753  0.000  0.000  0.000 0.0000000000
85341  0.000  0.000  0.000 0.0000000000
85342  0.000  0.000  0.000 0.0000000000
85343  0.000  0.000  0.000 0.0000000000
85344  0.000  0.000  0.000 0.0000000000
85345  0.000  0.000  0.000 0.0000000000
85346  0.000  0.000  0.000 0.0000000000
85347  0.000  0.000  0.000 0.0000000000
85348  0.000  0.000  0.000 0.0000000000
85349  0.000  0.000  0.000 0.0000000000
85350  0.000  0.000  0.000 0.0000000000
85351  0.000  0.000  0.000 0.0000000000
85352  0.000  0.000  0.000 0.0000000000
85353  0.000  0.000  0.000 0.0000000000
85354  0.000  0.000  0.000 0.0000000000
85355  0.000  0.000  0.000 0.0000000000
85356  0.000  0.000  0.000 0.0000000000
85357  0.000  0.000  0.000 0.0000000000
85358  0.000  0.000  0.000 0.0000000000
85359  0.000  0.000  0.000 0.0000000000
85360  0.000  0.000  0.000 0.0000000000
85361  0.000  0.000  0.000 0.0000000000
85362  0.000  0.000  0.000 0.0000000000
85363  0.000  0.000  0.000 0.0000000000
85364  0.000  0.000  0.000 0.0000000000
85365  0.000  0.000  0.000 0.0000000000
85366  0.000  0.000  0.000 0.0000000000
85367  0.000  0.000  0.000 0.0000000000
85369  0.000  0.000  0.000 0.0000000000
85370  0.000  0.000  0.000 0.0000000000
85371  0.000  0.000  0.000 0.0000000000
85372  0.000  0.000  0.000 0.0000000000
85374  0.000  0.000  0.000 0.0000000000
85375  0.000  0.000  0.000 0.0000000000
85376  0.000  0.000  0.000 0.0000000000
85377  0.000  0.000  0.000 0.0000000000
85380  0.000  0.000  0.000 0.0000000000
85381  0.000  0.000  0.000 0.0000000000
85385  0.000  0.000  0.000 0.0000000000
85390  0.000  0.000  0.000 0.0000000000
85394  0.000  0.000  0.000 0.0000000000
85398  0.000  0.000  0.000 0.0000000000
85405  0.000  0.000  0.000 0.0000000000
85413  0.000  0.000  0.000 0.0000000000
85426  0.000  0.000  0.000 0.0000000000
85440  0.000  0.000  0.000 0.0000000000
85455  0.000  0.000  0.000 0.0000000000
85469  0.000  0.000  0.000 0.0000000000
85481  0.000  0.000  0.000 0.0000000000
85493  0.000  0.000  0.000 0.0000000000
85505  0.000  0.000  0.000 0.0000000000
85516  0.000  0.000  0.000 0.0000000000
85517  0.000  0.000  0.000 0.0000000000
85530  0.000  0.000  0.000 0.0000000000
85531  0.000  0.000  0.000 0.0000000000
85547  0.000  0.000  0.000 0.0000000000
86032  0.000  0.000  0.000 0.0000000000
86033  0.000  0.000  0.000 0.0000000000
86034  0.000  0.000  0.000 0.0000000000
86035  0.000  0.000  0.000 0.0000000000
86036  0.000  0.000  0.000 0.0000000000
86037  0.000  0.000  0.000 0.0000000000
86038  0.000  0.000  0.000 0.0000000000
86039  0.000  0.000  0.000 0.0000000000
86040  0.000  0.000  0.000 0.0000000000
86041  0.000  0.000  0.000 0.0000000000
86042  0.000  0.000  0.000 0.0000000000
86043  0.000  0.000  0.000 0.0000000000
86044  0.000  0.000  0.000 0.0000000000
86045  0.000  0.000  0.000 0.0000000000
86046  0.000  0.000  0.000 0.0000000000
86047  0.000  0.000  0.000 0.0000000000
86048  0.000  0.000  0.000 0.0000000000
86050  0.000  0.000  0.000 0.0000000000
86051  0.000  0.000  0.000 0.0000000000
86052  0.000  0.000  0.000 0.0000000000
86054  0.000  0.000  0.000 0.0000000000
86058  0.000  0.000  0.000 0.0000000000
86059  0.000  0.000  0.000 0.0000000000
86063  0.000  0.000  0.000 0.0000000000
86064  0.000  0.000  0.000 0.0000000000
86068  0.000  0.000  0.000 0.0000000000
86072  0.000  0.000  0.000 0.0000000000
86076  0.000  0.000  0.000 0.0000000000
86083  0.000  0.000  0.000 0.0000000000
86091  0.000  0.000  0.000 0.0000000000
86101  0.000  0.000  0.000 0.0000000000
86111  0.000  0.000  0.000 0.0000000000
86121  0.000  0.000  0.000 0.0000000000
86135  0.000  0.000  0.000 0.0000000000
86149  0.000  0.000  0.000 0.0000000000
86163  0.000  0.000  0.000 0.0000000000
86176  0.000  0.000  0.000 0.0000000000
86189  0.000  0.000  0.000 0.0000000000
86203  0.000  0.000  0.000 0.0000000000
86215  0.000  0.000  0.000 0.0000000000
86230  0.000  0.000  0.000 0.0000000000
86245  0.000  0.000  0.000 0.0000000000
86256  0.000  0.000  0.000 0.0000000000
86263  0.000  0.000  0.000 0.0000000000
86271  0.000  0.000  0.000 0.0000000000
86708  0.000  0.000  0.000 0.0000000000
86709  0.000  0.000  0.000 0.0000000000
86710  0.000  0.000  0.000 0.0000000000
86711  0.000  0.000  0.000 0.0000000000
86712  0.000  0.000  0.000 0.0000000000
86713  0.000  0.000  0.000 0.0000000000
86714  0.000  0.000  0.000 0.0000000000
86715  0.000  0.000  0.000 0.0000000000
86716  0.000  0.000  0.000 0.0000000000
86717  0.000  0.000  0.000 0.0000000000
86718  0.000  0.000  0.000 0.0000000000
86719  0.000  0.000  0.000 0.0000000000
86721  0.000  0.000  0.000 0.0000000000
86722  0.000  0.000  0.000 0.0000000000
86725  0.000  0.000  0.000 0.0000000000
86729  0.000  0.000  0.000 0.0000000000
86730  0.000  0.000  0.000 0.0000000000
86735  0.000  0.000  0.000 0.0000000000
86736  0.000  0.000  0.000 0.0000000000
86740  0.000  0.000  0.000 0.0000000000
86748  0.000  0.000  0.000 0.0000000000
86757  0.000  0.000  0.000 0.0000000000
86768  0.000  0.000  0.000 0.0000000000
86778  0.000  0.000  0.000 0.0000000000
86788  0.000  0.000  0.000 0.0000000000
86798  0.000  0.000  0.000 0.0000000000
86807  0.000  0.000  0.000 0.0000000000
86817  0.000  0.000  0.000 0.0000000000
86830  0.000  0.000  0.000 0.0000000000
86845  0.000  0.000  0.000 0.0000000000
86858  0.000  0.000  0.000 0.0000000000
86872  0.000  0.000  0.000 0.0000000000
86885  0.000  0.000  0.000 0.0000000000
86898  0.000  0.000  0.000 0.0000000000
86912  0.000  0.000  0.000 0.0000000000
86925  0.000  0.000  0.000 0.0000000000
86935  0.000  0.000  0.000 0.0000000000
86942  0.000  0.000  0.000 0.0000000000
86949  0.000  0.000  0.000 0.0000000000
86956  0.000  0.000  0.000 0.0000000000
87364  0.000  0.000  0.000 0.0000000000
87365  0.000  0.000  0.000 0.0000000000
87366  0.000  0.000  0.000 0.0000000000
87367  0.000  0.000  0.000 0.0000000000
87368  0.000  0.000  0.000 0.0000000000
87369  0.000  0.000  0.000 0.0000000000
87370  0.000  0.000  0.000 0.0000000000
87371  0.000  0.000  0.000 0.0000000000
87372  0.000  0.000  0.000 0.0000000000
87373  0.000  0.000  0.000 0.0000000000
87374  0.000  0.000  0.000 0.0000000000
87375  0.000  0.000  0.000 0.0000000000
87376  0.000  0.000  0.000 0.0000000000
87378  0.000  0.000  0.000 0.0000000000
87381  0.000  0.000  0.000 0.0000000000
87382  0.000  0.000  0.000 0.0000000000
87388  0.000  0.000  0.000 0.0000000000
87389  0.000  0.000  0.000 0.0000000000
87397  0.000  0.000  0.000 0.0000000000
87406  0.000  0.000  0.000 0.0000000000
87416  0.000  0.000  0.000 0.0000000000
87427  0.000  0.000  0.000 0.0000000000
87436  0.000  0.000  0.000 0.0000000000
87444  0.000  0.000  0.000 0.0000000000
87453  0.000  0.000  0.000 0.0000000000
87462  0.000  0.000  0.000 0.0000000000
87470  0.000  0.000  0.000 0.0000000000
87478  0.000  0.000  0.000 0.0000000000
87490  0.000  0.000  0.000 0.0000000000
87505  0.000  0.000  0.000 0.0000000000
87506  0.000  0.000  0.000 0.0000000000
87519  0.000  0.000  0.000 0.0000000000
87520  0.000  0.000  0.000 0.0000000000
87534  0.000  0.000  0.000 0.0000000000
87535  0.000  0.000  0.000 0.0000000000
87551  0.000  0.000  0.000 0.0000000000
87552  0.000  0.000  0.000 0.0000000000
87566  0.000  0.000  0.000 0.0000000000
87567  0.000  0.000  0.000 0.0000000000
87580  0.000  0.000  0.000 0.0000000000
87581  0.000  0.000  0.000 0.0000000000
87587  0.000  0.000  0.000 0.0000000000
87594  0.000  0.000  0.000 0.0000000000
87600  0.000  0.000  0.000 0.0000000000
87608  0.000  0.000  0.000 0.0000000000
87615  0.000  0.000  0.000 0.0000000000
88014  0.000  0.000  0.000 0.0000000000
88015  0.000  0.000  0.000 0.0000000000
88016  0.000  0.000  0.000 0.0000000000
88017  0.000  0.000  0.000 0.0000000000
88018  0.000  0.000  0.000 0.0000000000
88019  0.000  0.000  0.000 0.0000000000
88020  0.000  0.000  0.000 0.0000000000
88021  0.000  0.000  0.000 0.0000000000
88022  0.000  0.000  0.000 0.0000000000
88023  0.000  0.000  0.000 0.0000000000
88024  0.000  0.000  0.000 0.0000000000
88025  0.000  0.000  0.000 0.0000000000
88026  0.000  0.000  0.000 0.0000000000
88028  0.000  0.000  0.000 0.0000000000
88029  0.000  0.000  0.000 0.0000000000
88030  0.000  0.000  0.000 0.0000000000
88031  0.000  0.000  0.000 0.0000000000
88032  0.000  0.000  0.000 0.0000000000
88033  0.000  0.000  0.000 0.0000000000
88037  0.000  0.000  0.000 0.0000000000
88038  0.000  0.000  0.000 0.0000000000
88039  0.000  0.000  0.000 0.0000000000
88040  0.000  0.000  0.000 0.0000000000
88041  0.000  0.000  0.000 0.0000000000
88049  0.000  0.000  0.000 0.0000000000
88050  0.000  0.000  0.000 0.0000000000
88051  0.000  0.000  0.000 0.0000000000
88059  0.000  0.000  0.000 0.0000000000
88060  0.000  0.000  0.000 0.0000000000
88061  0.000  0.000  0.000 0.0000000000
88069  0.000  0.000  0.000 0.0000000000
88070  0.000  0.000  0.000 0.0000000000
88078  0.000  0.000  0.000 0.0000000000
88087  0.000  0.000  0.000 0.0000000000
88094  0.000  0.000  0.000 0.0000000000
88103  0.000  0.000  0.000 0.0000000000
88112  0.000  0.000  0.000 0.0000000000
88121  0.000  0.000  0.000 0.0000000000
88122  0.000  0.000  0.000 0.0000000000
88131  0.000  0.000  0.000 0.0000000000
88132  0.000  0.000  0.000 0.0000000000
88144  0.000  0.000  0.000 0.0000000000
88145  0.000  0.000  0.000 0.0000000000
88161  0.000  0.000  0.000 0.0000000000
88162  0.000  0.000  0.000 0.0000000000
88178  0.000  0.000  0.000 0.0000000000
88179  0.000  0.000  0.000 0.0000000000
88194  0.000  0.000  0.000 0.0000000000
88207  0.000  0.000  0.000 0.0000000000
88219  0.000  0.000  0.000 0.0000000000
88225  0.000  0.000  0.000 0.0000000000
88232  0.000  0.000  0.000 0.0000000000
88233  0.000  0.000  0.000 0.0000000000
88240  0.000  0.000  0.000 0.0000000000
88241  0.000  0.000  0.000 0.0000000000
88247  0.000  0.000  0.000 0.0000000000
88248  0.000  0.000  0.000 0.0000000000
88254  0.000  0.000  0.000 0.0000000000
88255  0.000  0.000  0.000 0.0000000000
88261  0.000  0.000  0.000 0.0000000000
88268  0.000  0.000  0.000 0.0000000000
88658  0.000  0.000  0.000 0.0000000000
88659  0.000  0.000  0.000 0.0000000000
88660  0.000  0.000  0.000 0.0000000000
88661  0.000  0.000  0.000 0.0000000000
88662  0.000  0.000  0.000 0.0000000000
88663  0.000  0.000  0.000 0.0000000000
88664  0.000  0.000  0.000 0.0000000000
88665  0.000  0.000  0.000 0.0000000000
88666  0.000  0.000  0.000 0.0000000000
88667  0.000  0.000  0.000 0.0000000000
88668  0.000  0.000  0.000 0.0000000000
88669  0.000  0.000  0.000 0.0000000000
88670  0.000  0.000  0.000 0.0000000000
88671  0.000  0.000  0.000 0.0000000000
88676  0.000  0.000  0.000 0.0000000000
88677  0.000  0.000  0.000 0.0000000000
88678  0.000  0.000  0.000 0.0000000000
88684  0.000  0.000  0.000 0.0000000000
88685  0.000  0.000  0.000 0.0000000000
88686  0.000  0.000  0.000 0.0000000000
88692  0.000  0.000  0.000 0.0000000000
88693  0.000  0.000  0.000 0.0000000000
88699  0.000  0.000  0.000 0.0000000000
88700  0.000  0.000  0.000 0.0000000000
88701  0.000  0.000  0.000 0.0000000000
88707  0.000  0.000  0.000 0.0000000000
88708  0.000  0.000  0.000 0.0000000000
88716  0.000  0.000  0.000 0.0000000000
88725  0.000  0.000  0.000 0.0000000000
88726  0.000  0.000  0.000 0.0000000000
88734  0.000  0.000  0.000 0.0000000000
88735  0.000  0.000  0.000 0.0000000000
88744  0.000  0.000  0.000 0.0000000000
88745  0.000  0.000  0.000 0.0000000000
88757  0.000  0.000  0.000 0.0000000000
88771  0.000  0.000  0.000 0.0000000000
88787  0.000  0.000  0.000 0.0000000000
88799  0.000  0.000  0.000 0.0000000000
88807  0.000  0.000  0.000 0.0000000000
88814  0.000  0.000  0.000 0.0000000000
88820  0.000  0.000  0.000 0.0000000000
88826  0.000  0.000  0.000 0.0000000000
88832  0.000  0.000  0.000 0.0000000000
88839  0.000  0.000  0.000 0.0000000000
88846  0.000  0.000  0.000 0.0000000000
88852  0.000  0.000  0.000 0.0000000000
88853  0.000  0.000  0.000 0.0000000000
88859  0.000  0.000  0.000 0.0000000000
88865  0.000  0.000  0.000 0.0000000000
88872  0.000  0.000  0.000 0.0000000000
89259  0.000  0.000  0.000 0.0000000000
89260  0.000  0.000  0.000 0.0000000000
89261  0.000  0.000  0.000 0.0000000000
89262  0.000  0.000  0.000 0.0000000000
89263  0.000  0.000  0.000 0.0000000000
89264  0.000  0.000  0.000 0.0000000000
89265  0.000  0.000  0.000 0.0000000000
89266  0.000  0.000  0.000 0.0000000000
89267  0.000  0.000  0.000 0.0000000000
89268  0.000  0.000  0.000 0.0000000000
89269  0.000  0.000  0.000 0.0000000000
89273  0.000  0.000  0.000 0.0000000000
89274  0.000  0.000  0.000 0.0000000000
89275  0.000  0.000  0.000 0.0000000000
89280  0.000  0.000  0.000 0.0000000000
89281  0.000  0.000  0.000 0.0000000000
89282  0.000  0.000  0.000 0.0000000000
89289  0.000  0.000  0.000 0.0000000000
89290  0.000  0.000  0.000 0.0000000000
89291  0.000  0.000  0.000 0.0000000000
89298  0.000  0.000  0.000 0.0000000000
89299  0.000  0.000  0.000 0.0000000000
89305  0.000  0.000  0.000 0.0000000000
89306  0.000  0.000  0.000 0.0000000000
89307  0.000  0.000  0.000 0.0000000000
89313  0.000  0.000  0.000 0.0000000000
89314  0.000  0.000  0.000 0.0000000000
89321  0.000  0.000  0.000 0.0000000000
89331  0.000  0.000  0.000 0.0000000000
89341  0.000  0.000  0.000 0.0000000000
89349  0.000  0.000  0.000 0.0000000000
89357  0.000  0.000  0.000 0.0000000000
89364  0.000  0.000  0.000 0.0000000000
89371  0.000  0.000  0.000 0.0000000000
89379  0.000  0.000  0.000 0.0000000000
89387  0.000  0.000  0.000 0.0000000000
89394  0.000  0.000  0.000 0.0000000000
89401  0.000  0.000  0.000 0.0000000000
89407  0.000  0.000  0.000 0.0000000000
89415  0.000  0.000  0.000 0.0000000000
89422  0.000  0.000  0.000 0.0000000000
89423  0.000  0.000  0.000 0.0000000000
89430  0.000  0.000  0.000 0.0000000000
89431  0.000  0.000  0.000 0.0000000000
89437  0.000  0.000  0.000 0.0000000000
89444  0.000  0.000  0.000 0.0000000000
89449  0.000  0.000  0.000 0.0000000000
89823  0.000  0.000  0.000 0.0000000000
89824  0.000  0.000  0.000 0.0000000000
89825  0.000  0.000  0.000 0.0000000000
89826  0.000  0.000  0.000 0.0000000000
89827  0.000  0.000  0.000 0.0000000000
89828  0.000  0.000  0.000 0.0000000000
89829  0.000  0.000  0.000 0.0000000000
89830  0.000  0.000  0.000 0.0000000000
89831  0.000  0.000  0.000 0.0000000000
89832  0.000  0.000  0.000 0.0000000000
89833  0.000  0.000  0.000 0.0000000000
89834  0.000  0.000  0.000 0.0000000000
89835  0.000  0.000  0.000 0.0000000000
89836  0.000  0.000  0.000 0.0000000000
89837  0.000  0.000  0.000 0.0000000000
89838  0.000  0.000  0.000 0.0000000000
89839  0.000  0.000  0.000 0.0000000000
89843  0.000  0.000  0.000 0.0000000000
89844  0.000  0.000  0.000 0.0000000000
89850  0.000  0.000  0.000 0.0000000000
89851  0.000  0.000  0.000 0.0000000000
89852  0.000  0.000  0.000 0.0000000000
89859  0.000  0.000  0.000 0.0000000000
89860  0.000  0.000  0.000 0.0000000000
89861  0.000  0.000  0.000 0.0000000000
89869  0.000  0.000  0.000 0.0000000000
89870  0.000  0.000  0.000 0.0000000000
89877  0.000  0.000  0.000 0.0000000000
89878  0.000  0.000  0.000 0.0000000000
89886  0.000  0.000  0.000 0.0000000000
89894  0.000  0.000  0.000 0.0000000000
89903  0.000  0.000  0.000 0.0000000000
89910  0.000  0.000  0.000 0.0000000000
89916  0.000  0.000  0.000 0.0000000000
89923  0.000  0.000  0.000 0.0000000000
89931  0.000  0.000  0.000 0.0000000000
89939  0.000  0.000  0.000 0.0000000000
89948  0.000  0.000  0.000 0.0000000000
89957  0.000  0.000  0.000 0.0000000000
89966  0.000  0.000  0.000 0.0000000000
89974  0.000  0.000  0.000 0.0000000000
89982  0.000  0.000  0.000 0.0000000000
89990  0.000  0.000  0.000 0.0000000000
89991  0.000  0.000  0.000 0.0000000000
89996  0.000  0.000  0.000 0.0000000000
89997  0.000  0.000  0.000 0.0000000000
90004  0.000  0.000  0.000 0.0000000000
90011  0.000  0.000  0.000 0.0000000000
90477  0.000  0.000  0.000 0.0000000000
90478  0.000  0.000  0.000 0.0000000000
90479  0.000  0.000  0.000 0.0000000000
90480  0.000  0.000  0.000 0.0000000000
90481  0.000  0.000  0.000 0.0000000000
90482  0.000  0.000  0.000 0.0000000000
90483  0.000  0.000  0.000 0.0000000000
90484  0.000  0.000  0.000 0.0000000000
90485  0.000  0.000  0.000 0.0000000000
90486  0.000  0.000  0.000 0.0000000000
90487  0.000  0.000  0.000 0.0000000000
90488  0.000  0.000  0.000 0.0000000000
90489  0.000  0.000  0.000 0.0000000000
90490  0.000  0.000  0.000 0.0000000000
90491  0.000  0.000  0.000 0.0000000000
90492  0.000  0.000  0.000 0.0000000000
90496  0.000  0.000  0.000 0.0000000000
90497  0.000  0.000  0.000 0.0000000000
90503  0.000  0.000  0.000 0.0000000000
90504  0.000  0.000  0.000 0.0000000000
90512  0.000  0.000  0.000 0.0000000000
90513  0.000  0.000  0.000 0.0000000000
90523  0.000  0.000  0.000 0.0000000000
90535  0.000  0.000  0.000 0.0000000000
90549  0.000  0.000  0.000 0.0000000000
90562  0.000  0.000  0.000 0.0000000000
90575  0.000  0.000  0.000 0.0000000000
90588  0.000  0.000  0.000 0.0000000000
90600  0.000  0.000  0.000 0.0000000000
90611  0.000  0.000  0.000 0.0000000000
90623  0.000  0.000  0.000 0.0000000000
90633  0.000  0.000  0.000 0.0000000000
90644  0.000  0.000  0.000 0.0000000000
90655  0.000  0.000  0.000 0.0000000000
90667  0.000  0.000  0.000 0.0000000000
90679  0.000  0.000  0.000 0.0000000000
90688  0.000  0.000  0.000 0.0000000000
90689  0.000  0.000  0.000 0.0000000000
90697  0.000  0.000  0.000 0.0000000000
90704  0.000  0.000  0.000 0.0000000000
90710  0.000  0.000  0.000 0.0000000000
91005  0.000  0.000  0.000 0.0000000000
91006  0.000  0.000  0.000 0.0000000000
91007  0.000  0.000  0.000 0.0000000000
91008  0.000  0.000  0.000 0.0000000000
91009  0.000  0.000  0.000 0.0000000000
91010  0.000  0.000  0.000 0.0000000000
91011  0.000  0.000  0.000 0.0000000000
91012  0.000  0.000  0.000 0.0000000000
91013  0.000  0.000  0.000 0.0000000000
91014  0.000  0.000  0.000 0.0000000000
91015  0.000  0.000  0.000 0.0000000000
91016  0.000  0.000  0.000 0.0000000000
91017  0.000  0.000  0.000 0.0000000000
91018  0.000  0.000  0.000 0.0000000000
91019  0.000  0.000  0.000 0.0000000000
91020  0.000  0.000  0.000 0.0000000000
91021  0.000  0.000  0.000 0.0000000000
91022  0.000  0.000  0.000 0.0000000000
91023  0.000  0.000  0.000 0.0000000000
91024  0.000  0.000  0.000 0.0000000000
91025  0.000  0.000  0.000 0.0000000000
91026  0.000  0.000  0.000 0.0000000000
91027  0.000  0.000  0.000 0.0000000000
91028  0.000  0.000  0.000 0.0000000000
91030  0.000  0.000  0.000 0.0000000000
91034  0.000  0.000  0.000 0.0000000000
91038  0.000  0.000  0.000 0.0000000000
91040  0.000  0.000  0.000 0.0000000000
91042  0.000  0.000  0.000 0.0000000000
91044  0.000  0.000  0.000 0.0000000000
91047  0.000  0.000  0.000 0.0000000000
91049  0.000  0.000  0.000 0.0000000000
91051  0.000  0.000  0.000 0.0000000000
91053  0.000  0.000  0.000 0.0000000000
91056  0.000  0.000  0.000 0.0000000000
91062  0.000  0.000  0.000 0.0000000000
91069  0.000  0.000  0.000 0.0000000000
91070  0.000  0.000  0.000 0.0000000000
91078  0.000  0.000  0.000 0.0000000000
91079  0.000  0.000  0.000 0.0000000000
91089  0.000  0.000  0.000 0.0000000000
91098  0.000  0.000  0.000 0.0000000000
91106  0.000  0.000  0.000 0.0000000000
91388  0.000  0.000  0.000 0.0000000000
91389  0.000  0.000  0.000 0.0000000000
91390  0.000  0.000  0.000 0.0000000000
91391  0.000  0.000  0.000 0.0000000000
91392  0.000  0.000  0.000 0.0000000000
91393  0.000  0.000  0.000 0.0000000000
91394  0.000  0.000  0.000 0.0000000000
91395  0.000  0.000  0.000 0.0000000000
91396  0.000  0.000  0.000 0.0000000000
91397  0.000  0.000  0.000 0.0000000000
91398  0.000  0.000  0.000 0.0000000000
91399  0.000  0.000  0.000 0.0000000000
91400  0.000  0.000  0.000 0.0000000000
91401  0.000  0.000  0.000 0.0000000000
91402  0.000  0.000  0.000 0.0000000000
91403  0.000  0.000  0.000 0.0000000000
91404  0.000  0.000  0.000 0.0000000000
91405  0.000  0.000  0.000 0.0000000000
91406  0.000  0.000  0.000 0.0000000000
91407  0.000  0.000  0.000 0.0000000000
91408  0.000  0.000  0.000 0.0000000000
91409  0.000  0.000  0.000 0.0000000000
91410  0.000  0.000  0.000 0.0000000000
91411  0.000  0.000  0.000 0.0000000000
91412  0.000  0.000  0.000 0.0000000000
91413  0.000  0.000  0.000 0.0000000000
91414  0.000  0.000  0.000 0.0000000000
91415  0.000  0.000  0.000 0.0000000000
91416  0.000  0.000  0.000 0.0000000000
91418  0.000  0.000  0.000 0.0000000000
91420  0.000  0.000  0.000 0.0000000000
91422  0.000  0.000  0.000 0.0000000000
91425  0.000  0.000  0.000 0.0000000000
91427  0.000  0.000  0.000 0.0000000000
91429  0.000  0.000  0.000 0.0000000000
91431  0.000  0.000  0.000 0.0000000000
91434  0.000  0.000  0.000 0.0000000000
91436  0.000  0.000  0.000 0.0000000000
91438  0.000  0.000  0.000 0.0000000000
91440  0.000  0.000  0.000 0.0000000000
91441  0.000  0.000  0.000 0.0000000000
91444  0.000  0.000  0.000 0.0000000000
91449  0.000  0.000  0.000 0.0000000000
91455  0.000  0.000  0.000 0.0000000000
91729  0.000  0.000  0.000 0.0000000000
91730  0.000  0.000  0.000 0.0000000000
91731  0.000  0.000  0.000 0.0000000000
91732  0.000  0.000  0.000 0.0000000000
91733  0.000  0.000  0.000 0.0000000000
91734  0.000  0.000  0.000 0.0000000000
91735  0.000  0.000  0.000 0.0000000000
91736  0.000  0.000  0.000 0.0000000000
91737  0.000  0.000  0.000 0.0000000000
91738  0.000  0.000  0.000 0.0000000000
91739  0.000  0.000  0.000 0.0000000000
91740  0.000  0.000  0.000 0.0000000000
91741  0.000  0.000  0.000 0.0000000000
91742  0.000  0.000  0.000 0.0000000000
91743  0.000  0.000  0.000 0.0000000000
91744  0.000  0.000  0.000 0.0000000000
91745  0.000  0.000  0.000 0.0000000000
91746  0.000  0.000  0.000 0.0000000000
91747  0.000  0.000  0.000 0.0000000000
91748  0.000  0.000  0.000 0.0000000000
91749  0.000  0.000  0.000 0.0000000000
91750  0.000  0.000  0.000 0.0000000000
91751  0.000  0.000  0.000 0.0000000000
91752  0.000  0.000  0.000 0.0000000000
91753  0.000  0.000  0.000 0.0000000000
91754  0.000  0.000  0.000 0.0000000000
91755  0.000  0.000  0.000 0.0000000000
91756  0.000  0.000  0.000 0.0000000000
91758  0.000  0.000  0.000 0.0000000000
91760  0.000  0.000  0.000 0.0000000000
91763  0.000  0.000  0.000 0.0000000000
91765  0.000  0.000  0.000 0.0000000000
91767  0.000  0.000  0.000 0.0000000000
91769  0.000  0.000  0.000 0.0000000000
91772  0.000  0.000  0.000 0.0000000000
91775  0.000  0.000  0.000 0.0000000000
91777  0.000  0.000  0.000 0.0000000000
91779  0.000  0.000  0.000 0.0000000000
91780  0.000  0.000  0.000 0.0000000000
91783  0.000  0.000  0.000 0.0000000000
91785  0.000  0.000  0.000 0.0000000000
91788  0.000  0.000  0.000 0.0000000000
92026  0.000  0.000  0.000 0.0000000000
92027  0.000  0.000  0.000 0.0000000000
92028  0.000  0.000  0.000 0.0000000000
92029  0.000  0.000  0.000 0.0000000000
92030  0.000  0.000  0.000 0.0000000000
92031  0.000  0.000  0.000 0.0000000000
92032  0.000  0.000  0.000 0.0000000000
92033  0.000  0.000  0.000 0.0000000000
92034  0.000  0.000  0.000 0.0000000000
92035  0.000  0.000  0.000 0.0000000000
92036  0.000  0.000  0.000 0.0000000000
92037  0.000  0.000  0.000 0.0000000000
92038  0.000  0.000  0.000 0.0000000000
92039  0.000  0.000  0.000 0.0000000000
92040  0.000  0.000  0.000 0.0000000000
92041  0.000  0.000  0.000 0.0000000000
92042  0.000  0.000  0.000 0.0000000000
92043  0.000  0.000  0.000 0.0000000000
92044  0.000  0.000  0.000 0.0000000000
92045  0.000  0.000  0.000 0.0000000000
92046  0.000  0.000  0.000 0.0000000000
92047  0.000  0.000  0.000 0.0000000000
92048  0.000  0.000  0.000 0.0000000000
92049  0.000  0.000  0.000 0.0000000000
92050  0.000  0.000  0.000 0.0000000000
92051  0.000  0.000  0.000 0.0000000000
92052  0.000  0.000  0.000 0.0000000000
92053  0.000  0.000  0.000 0.0000000000
92056  0.000  0.000  0.000 0.0000000000
92059  0.000  0.000  0.000 0.0000000000
92061  0.000  0.000  0.000 0.0000000000
92063  0.000  0.000  0.000 0.0000000000
92065  0.000  0.000  0.000 0.0000000000
92067  0.000  0.000  0.000 0.0000000000
92070  0.000  0.000  0.000 0.0000000000
92072  0.000  0.000  0.000 0.0000000000
92074  0.000  0.000  0.000 0.0000000000
92075  0.000  0.000  0.000 0.0000000000
92078  0.000  0.000  0.000 0.0000000000
92079  0.000  0.000  0.000 0.0000000000
92081  0.000  0.000  0.000 0.0000000000
92084  0.000  0.000  0.000 0.0000000000
92283  0.000  0.000  0.000 0.0000000000
92284  0.000  0.000  0.000 0.0000000000
92285  0.000  0.000  0.000 0.0000000000
92286  0.000  0.000  0.000 0.0000000000
92287  0.000  0.000  0.000 0.0000000000
92288  0.000  0.000  0.000 0.0000000000
92289  0.000  0.000  0.000 0.0000000000
92290  0.000  0.000  0.000 0.0000000000
92291  0.000  0.000  0.000 0.0000000000
92292  0.000  0.000  0.000 0.0000000000
92293  0.000  0.000  0.000 0.0000000000
92294  0.000  0.000  0.000 0.0000000000
92295  0.000  0.000  0.000 0.0000000000
92296  0.000  0.000  0.000 0.0000000000
92297  0.000  0.000  0.000 0.0000000000
92298  0.000  0.000  0.000 0.0000000000
92299  0.000  0.000  0.000 0.0000000000
92300  0.000  0.000  0.000 0.0000000000
92301  0.000  0.000  0.000 0.0000000000
92302  0.000  0.000  0.000 0.0000000000
92303  0.000  0.000  0.000 0.0000000000
92304  0.000  0.000  0.000 0.0000000000
92305  0.000  0.000  0.000 0.0000000000
92306  0.000  0.000  0.000 0.0000000000
92307  0.000  0.000  0.000 0.0000000000
92308  0.000  0.000  0.000 0.0000000000
92309  0.000  0.000  0.000 0.0000000000
92310  0.000  0.000  0.000 0.0000000000
92313  0.000  0.000  0.000 0.0000000000
92315  0.000  0.000  0.000 0.0000000000
92317  0.000  0.000  0.000 0.0000000000
92319  0.000  0.000  0.000 0.0000000000
92321  0.000  0.000  0.000 0.0000000000
92323  0.000  0.000  0.000 0.0000000000
92326  0.000  0.000  0.000 0.0000000000
92328  0.000  0.000  0.000 0.0000000000
92330  0.000  0.000  0.000 0.0000000000
92335  0.000  0.000  0.000 0.0000000000
92336  0.000  0.000  0.000 0.0000000000
92340  0.000  0.000  0.000 0.0000000000
92345  0.000  0.000  0.000 0.0000000000
92556  0.000  0.000  0.000 0.0000000000
92557  0.000  0.000  0.000 0.0000000000
92558  0.000  0.000  0.000 0.0000000000
92559  0.000  0.000  0.000 0.0000000000
92560  0.000  0.000  0.000 0.0000000000
92561  0.000  0.000  0.000 0.0000000000
92562  0.000  0.000  0.000 0.0000000000
92563  0.000  0.000  0.000 0.0000000000
92564  0.000  0.000  0.000 0.0000000000
92565  0.000  0.000  0.000 0.0000000000
92566  0.000  0.000  0.000 0.0000000000
92567  0.000  0.000  0.000 0.0000000000
92568  0.000  0.000  0.000 0.0000000000
92569  0.000  0.000  0.000 0.0000000000
92570  0.000  0.000  0.000 0.0000000000
92571  0.000  0.000  0.000 0.0000000000
92572  0.000  0.000  0.000 0.0000000000
92573  0.000  0.000  0.000 0.0000000000
92574  0.000  0.000  0.000 0.0000000000
92575  0.000  0.000  0.000 0.0000000000
92576  0.000  0.000  0.000 0.0000000000
92577  0.000  0.000  0.000 0.0000000000
92578  0.000  0.000  0.000 0.0000000000
92579  0.000  0.000  0.000 0.0000000000
92580  0.000  0.000  0.000 0.0000000000
92581  0.000  0.000  0.000 0.0000000000
92583  0.000  0.000  0.000 0.0000000000
92585  0.000  0.000  0.000 0.0000000000
92587  0.000  0.000  0.000 0.0000000000
92589  0.000  0.000  0.000 0.0000000000
92591  0.000  0.000  0.000 0.0000000000
92594  0.000  0.000  0.000 0.0000000000
92597  0.000  0.000  0.000 0.0000000000
92599  0.000  0.000  0.000 0.0000000000
92601  0.000  0.000  0.000 0.0000000000
92606  0.000  0.000  0.000 0.0000000000
92607  0.000  0.000  0.000 0.0000000000
92611  0.000  0.000  0.000 0.0000000000
92616  0.000  0.000  0.000 0.0000000000
92808  0.000  0.000  0.000 0.0000000000
92809  0.000  0.000  0.000 0.0000000000
92810  0.000  0.000  0.000 0.0000000000
92811  0.000  0.000  0.000 0.0000000000
92812  0.000  0.000  0.000 0.0000000000
92813  0.000  0.000  0.000 0.0000000000
92814  0.000  0.000  0.000 0.0000000000
92815  0.000  0.000  0.000 0.0000000000
92816  0.000  0.000  0.000 0.0000000000
92817  0.000  0.000  0.000 0.0000000000
92818  0.000  0.000  0.000 0.0000000000
92821  0.000  0.000  0.000 0.0000000000
92822  0.000  0.000  0.000 0.0000000000
92825  0.000  0.000  0.000 0.0000000000
92826  0.000  0.000  0.000 0.0000000000
92827  0.000  0.000  0.000 0.0000000000
92828  0.000  0.000  0.000 0.0000000000
92829  0.000  0.000  0.000 0.0000000000
92830  0.000  0.000  0.000 0.0000000000
92831  0.000  0.000  0.000 0.0000000000
92832  0.000  0.000  0.000 0.0000000000
92833  0.000  0.000  0.000 0.0000000000
92834  0.000  0.000  0.000 0.0000000000
92835  0.000  0.000  0.000 0.0000000000
92836  0.000  0.000  0.000 0.0000000000
92838  0.000  0.000  0.000 0.0000000000
92840  0.000  0.000  0.000 0.0000000000
92842  0.000  0.000  0.000 0.0000000000
92844  0.000  0.000  0.000 0.0000000000
92846  0.000  0.000  0.000 0.0000000000
92849  0.000  0.000  0.000 0.0000000000
92851  0.000  0.000  0.000 0.0000000000
92853  0.000  0.000  0.000 0.0000000000
92855  0.000  0.000  0.000 0.0000000000
92858  0.000  0.000  0.000 0.0000000000
92859  0.000  0.000  0.000 0.0000000000
92861  0.000  0.000  0.000 0.0000000000
92864  0.000  0.000  0.000 0.0000000000
93057  0.000  0.000  0.000 0.0000000000
93058  0.000  0.000  0.000 0.0000000000
93059  0.000  0.000  0.000 0.0000000000
93060  0.000  0.000  0.000 0.0000000000
93061  0.000  0.000  0.000 0.0000000000
93062  0.000  0.000  0.000 0.0000000000
93063  0.000  0.000  0.000 0.0000000000
93064  0.000  0.000  0.000 0.0000000000
93065  0.000  0.000  0.000 0.0000000000
93068  0.000  0.000  0.000 0.0000000000
93069  0.000  0.000  0.000 0.0000000000
93070  0.000  0.000  0.000 0.0000000000
93073  0.000  0.000  0.000 0.0000000000
93074  0.000  0.000  0.000 0.0000000000
93075  0.000  0.000  0.000 0.0000000000
93076  0.000  0.000  0.000 0.0000000000
93077  0.000  0.000  0.000 0.0000000000
93078  0.000  0.000  0.000 0.0000000000
93079  0.000  0.000  0.000 0.0000000000
93080  0.000  0.000  0.000 0.0000000000
93081  0.000  0.000  0.000 0.0000000000
93082  0.000  0.000  0.000 0.0000000000
93083  0.000  0.000  0.000 0.0000000000
93084  0.000  0.000  0.000 0.0000000000
93086  0.000  0.000  0.000 0.0000000000
93088  0.000  0.000  0.000 0.0000000000
93090  0.000  0.000  0.000 0.0000000000
93092  0.000  0.000  0.000 0.0000000000
93094  0.000  0.000  0.000 0.0000000000
93097  0.000  0.000  0.000 0.0000000000
93099  0.000  0.000  0.000 0.0000000000
93101  0.000  0.000  0.000 0.0000000000
93103  0.000  0.000  0.000 0.0000000000
93106  0.000  0.000  0.000 0.0000000000
93107  0.000  0.000  0.000 0.0000000000
93109  0.000  0.000  0.000 0.0000000000
93302  0.000  0.000  0.000 0.0000000000
93303  0.000  0.000  0.000 0.0000000000
93304  0.000  0.000  0.000 0.0000000000
93305  0.000  0.000  0.000 0.0000000000
93306  0.000  0.000  0.000 0.0000000000
93309  0.000  0.000  0.000 0.0000000000
93310  0.000  0.000  0.000 0.0000000000
93311  0.000  0.000  0.000 0.0000000000
93312  0.000  0.000  0.000 0.0000000000
93315  0.000  0.000  0.000 0.0000000000
93316  0.000  0.000  0.000 0.0000000000
93317  0.000  0.000  0.000 0.0000000000
93318  0.000  0.000  0.000 0.0000000000
93319  0.000  0.000  0.000 0.0000000000
93320  0.000  0.000  0.000 0.0000000000
93321  0.000  0.000  0.000 0.0000000000
93322  0.000  0.000  0.000 0.0000000000
93323  0.000  0.000  0.000 0.0000000000
93324  0.000  0.000  0.000 0.0000000000
93325  0.000  0.000  0.000 0.0000000000
93326  0.000  0.000  0.000 0.0000000000
93327  0.000  0.000  0.000 0.0000000000
93328  0.000  0.000  0.000 0.0000000000
93329  0.000  0.000  0.000 0.0000000000
93330  0.000  0.000  0.000 0.0000000000
93331  0.000  0.000  0.000 0.0000000000
93333  0.000  0.000  0.000 0.0000000000
93334  0.000  0.000  0.000 0.0000000000
93336  0.000  0.000  0.000 0.0000000000
93337  0.000  0.000  0.000 0.0000000000
93339  0.000  0.000  0.000 0.0000000000
93340  0.000  0.000  0.000 0.0000000000
93342  0.000  0.000  0.000 0.0000000000
93343  0.000  0.000  0.000 0.0000000000
93345  0.000  0.000  0.000 0.0000000000
93346  0.000  0.000  0.000 0.0000000000
93349  0.000  0.000  0.000 0.0000000000
93350  0.000  0.000  0.000 0.0000000000
93352  0.000  0.000  0.000 0.0000000000
93354  0.000  0.000  0.000 0.0000000000
93356  0.000  0.000  0.000 0.0000000000
93359  0.000  0.000  0.000 0.0000000000
93360  0.000  0.000  0.000 0.0000000000
93549  0.000  0.000  0.000 0.0000000000
93550  0.000  0.000  0.000 0.0000000000
93551  0.000  0.000  0.000 0.0000000000
93552  0.000  0.000  0.000 0.0000000000
93553  0.000  0.000  0.000 0.0000000000
93554  0.000  0.000  0.000 0.0000000000
93555  0.000  0.000  0.000 0.0000000000
93556  0.000  0.000  0.000 0.0000000000
93557  0.000  0.000  0.000 0.0000000000
93558  0.000  0.000  0.000 0.0000000000
93559  0.000  0.000  0.000 0.0000000000
93560  0.000  0.000  0.000 0.0000000000
93561  0.000  0.000  0.000 0.0000000000
93562  0.000  0.000  0.000 0.0000000000
93563  0.000  0.000  0.000 0.0000000000
93564  0.000  0.000  0.000 0.0000000000
93565  0.000  0.000  0.000 0.0000000000
93566  0.000  0.000  0.000 0.0000000000
93567  0.000  0.000  0.000 0.0000000000
93568  0.000  0.000  0.000 0.0000000000
93569  0.000  0.000  0.000 0.0000000000
93571  0.000  0.000  0.000 0.0000000000
93573  0.000  0.000  0.000 0.0000000000
93575  0.000  0.000  0.000 0.0000000000
93577  0.000  0.000  0.000 0.0000000000
93579  0.000  0.000  0.000 0.0000000000
93582  0.000  0.000  0.000 0.0000000000
93583  0.000  0.000  0.000 0.0000000000
93585  0.000  0.000  0.000 0.0000000000
93586  0.000  0.000  0.000 0.0000000000
93588  0.000  0.000  0.000 0.0000000000
93589  0.000  0.000  0.000 0.0000000000
93591  0.000  0.000  0.000 0.0000000000
93592  0.000  0.000  0.000 0.0000000000
93595  0.000  0.000  0.000 0.0000000000
93596  0.000  0.000  0.000 0.0000000000
93783  0.000  0.000  0.000 0.0000000000
93784  0.000  0.000  0.000 0.0000000000
93785  0.000  0.000  0.000 0.0000000000
93786  0.000  0.000  0.000 0.0000000000
93787  0.000  0.000  0.000 0.0000000000
93788  0.000  0.000  0.000 0.0000000000
93789  0.000  0.000  0.000 0.0000000000
93790  0.000  0.000  0.000 0.0000000000
93791  0.000  0.000  0.000 0.0000000000
93792  0.000  0.000  0.000 0.0000000000
93793  0.000  0.000  0.000 0.0000000000
93794  0.000  0.000  0.000 0.0000000000
93795  0.000  0.000  0.000 0.0000000000
93796  0.000  0.000  0.000 0.0000000000
93797  0.000  0.000  0.000 0.0000000000
93798  0.000  0.000  0.000 0.0000000000
93799  0.000  0.000  0.000 0.0000000000
93800  0.000  0.000  0.000 0.0000000000
93802  0.000  0.000  0.000 0.0000000000
93804  0.000  0.000  0.000 0.0000000000
93806  0.000  0.000  0.000 0.0000000000
93808  0.000  0.000  0.000 0.0000000000
93811  0.000  0.000  0.000 0.0000000000
93813  0.000  0.000  0.000 0.0000000000
94007  0.000  0.000  0.000 0.0000000000
94008  0.000  0.000  0.000 0.0000000000
94009  0.000  0.000  0.000 0.0000000000
94010  0.000  0.000  0.000 0.0000000000
94011  0.000  0.000  0.000 0.0000000000
94012  0.000  0.000  0.000 0.0000000000
94013  0.000  0.000  0.000 0.0000000000
94014  0.000  0.000  0.000 0.0000000000
94015  0.000  0.000  0.000 0.0000000000
94016  0.000  0.000  0.000 0.0000000000
94017  0.000  0.000  0.000 0.0000000000
94018  0.000  0.000  0.000 0.0000000000
94019  0.000  0.000  0.000 0.0000000000
94020  0.000  0.000  0.000 0.0000000000
94021  0.000  0.000  0.000 0.0000000000
94022  0.000  0.000  0.000 0.0000000000
94023  0.000  0.000  0.000 0.0000000000
94024  0.000  0.000  0.000 0.0000000000
94026  0.000  0.000  0.000 0.0000000000
94028  0.000  0.000  0.000 0.0000000000
94030  0.000  0.000  0.000 0.0000000000
94032  0.000  0.000  0.000 0.0000000000
94035  0.000  0.000  0.000 0.0000000000
94037  0.000  0.000  0.000 0.0000000000
94233  0.000  0.000  0.000 0.0000000000
94234  0.000  0.000  0.000 0.0000000000
94235  0.000  0.000  0.000 0.0000000000
94236  0.000  0.000  0.000 0.0000000000
94237  0.000  0.000  0.000 0.0000000000
94238  0.000  0.000  0.000 0.0000000000
94239  0.000  0.000  0.000 0.0000000000
94240  0.000  0.000  0.000 0.0000000000
94241  0.000  0.000  0.000 0.0000000000
94242  0.000  0.000  0.000 0.0000000000
94243  0.000  0.000  0.000 0.0000000000
94244  0.000  0.000  0.000 0.0000000000
94245  0.000  0.000  0.000 0.0000000000
94246  0.000  0.000  0.000 0.0000000000
94247  0.000  0.000  0.000 0.0000000000
94248  0.000  0.000  0.000 0.0000000000
94249  0.000  0.000  0.000 0.0000000000
94251  0.000  0.000  0.000 0.0000000000
94253  0.000  0.000  0.000 0.0000000000
94255  0.000  0.000  0.000 0.0000000000
94457  0.000  0.000  0.000 0.0000000000
94458  0.000  0.000  0.000 0.0000000000
94459  0.000  0.000  0.000 0.0000000000
94460  0.000  0.000  0.000 0.0000000000
94461  0.000  0.000  0.000 0.0000000000
94462  0.000  0.000  0.000 0.0000000000
94463  0.000  0.000  0.000 0.0000000000
94464  0.000  0.000  0.000 0.0000000000
94465  0.000  0.000  0.000 0.0000000000
94466  0.000  0.000  0.000 0.0000000000
94467  0.000  0.000  0.000 0.0000000000
94468  0.000  0.000  0.000 0.0000000000
94470  0.000  0.000  0.000 0.0000000000
94473  0.000  0.000  0.000 0.0000000000
94683  0.000  0.000  0.000 0.0000000000
94684  0.000  0.000  0.000 0.0000000000
94685  0.000  0.000  0.000 0.0000000000
94686  0.000  0.000  0.000 0.0000000000
94687  0.000  0.000  0.000 0.0000000000
94688  0.000  0.000  0.000 0.0000000000
94689  0.000  0.000  0.000 0.0000000000
94690  0.000  0.000  0.000 0.0000000000
94691  0.000  0.000  0.000 0.0000000000
94692  0.000  0.000  0.000 0.0000000000
94693  0.000  0.000  0.000 0.0000000000
94696  0.000  0.000  0.000 0.0000000000
94896  0.000  0.000  0.000 0.0000000000
94897  0.000  0.000  0.000 0.0000000000
94898  0.000  0.000  0.000 0.0000000000
94899  0.000  0.000  0.000 0.0000000000
94900  0.000  0.000  0.000 0.0000000000
94901  0.000  0.000  0.000 0.0000000000
94902  0.000  0.000  0.000 0.0000000000
94903  0.000  0.000  0.000 0.0000000000
94904  0.000  0.000  0.000 0.0000000000
94905  0.000  0.000  0.000 0.0000000000
95119  0.000  0.000  0.000 0.0000000000
95120  0.000  0.000  0.000 0.0000000000
95121  0.000  0.000  0.000 0.0000000000
95122  0.000  0.000  0.000 0.0000000000
95124  0.000  0.000  0.000 0.0000000000
