#!ascii label  , from subject Woofsurfer vox2ras=TkReg coords=white
609
24284  0.000  0.000  0.000 0.0000000000
24288  0.000  0.000  0.000 0.0000000000
24289  0.000  0.000  0.000 0.0000000000
25071  0.000  0.000  0.000 0.0000000000
25072  0.000  0.000  0.000 0.0000000000
25078  0.000  0.000  0.000 0.0000000000
25079  0.000  0.000  0.000 0.0000000000
25823  0.000  0.000  0.000 0.0000000000
25824  0.000  0.000  0.000 0.0000000000
25832  0.000  0.000  0.000 0.0000000000
25833  0.000  0.000  0.000 0.0000000000
25834  0.000  0.000  0.000 0.0000000000
25840  0.000  0.000  0.000 0.0000000000
25841  0.000  0.000  0.000 0.0000000000
25847  0.000  0.000  0.000 0.0000000000
25912  0.000  0.000  0.000 0.0000000000
25913  0.000  0.000  0.000 0.0000000000
25917  0.000  0.000  0.000 0.0000000000
25918  0.000  0.000  0.000 0.0000000000
25921  0.000  0.000  0.000 0.0000000000
25925  0.000  0.000  0.000 0.0000000000
25926  0.000  0.000  0.000 0.0000000000
25935  0.000  0.000  0.000 0.0000000000
25936  0.000  0.000  0.000 0.0000000000
25947  0.000  0.000  0.000 0.0000000000
25948  0.000  0.000  0.000 0.0000000000
25959  0.000  0.000  0.000 0.0000000000
25960  0.000  0.000  0.000 0.0000000000
25970  0.000  0.000  0.000 0.0000000000
26603  0.000  0.000  0.000 0.0000000000
26604  0.000  0.000  0.000 0.0000000000
26611  0.000  0.000  0.000 0.0000000000
26612  0.000  0.000  0.000 0.0000000000
26613  0.000  0.000  0.000 0.0000000000
26618  0.000  0.000  0.000 0.0000000000
26619  0.000  0.000  0.000 0.0000000000
26624  0.000  0.000  0.000 0.0000000000
26625  0.000  0.000  0.000 0.0000000000
26631  0.000  0.000  0.000 0.0000000000
26632  0.000  0.000  0.000 0.0000000000
26662  0.000  0.000  0.000 0.0000000000
26663  0.000  0.000  0.000 0.0000000000
26672  0.000  0.000  0.000 0.0000000000
26673  0.000  0.000  0.000 0.0000000000
26674  0.000  0.000  0.000 0.0000000000
26684  0.000  0.000  0.000 0.0000000000
26685  0.000  0.000  0.000 0.0000000000
26686  0.000  0.000  0.000 0.0000000000
26695  0.000  0.000  0.000 0.0000000000
26696  0.000  0.000  0.000 0.0000000000
26697  0.000  0.000  0.000 0.0000000000
26700  0.000  0.000  0.000 0.0000000000
26701  0.000  0.000  0.000 0.0000000000
26702  0.000  0.000  0.000 0.0000000000
26705  0.000  0.000  0.000 0.0000000000
26706  0.000  0.000  0.000 0.0000000000
26707  0.000  0.000  0.000 0.0000000000
26708  0.000  0.000  0.000 0.0000000000
26711  0.000  0.000  0.000 0.0000000000
26712  0.000  0.000  0.000 0.0000000000
26713  0.000  0.000  0.000 0.0000000000
26719  0.000  0.000  0.000 0.0000000000
26720  0.000  0.000  0.000 0.0000000000
26721  0.000  0.000  0.000 0.0000000000
26729  0.000  0.000  0.000 0.0000000000
26730  0.000  0.000  0.000 0.0000000000
26740  0.000  0.000  0.000 0.0000000000
26741  0.000  0.000  0.000 0.0000000000
26751  0.000  0.000  0.000 0.0000000000
26752  0.000  0.000  0.000 0.0000000000
26762  0.000  0.000  0.000 0.0000000000
27396  0.000  0.000  0.000 0.0000000000
27397  0.000  0.000  0.000 0.0000000000
27403  0.000  0.000  0.000 0.0000000000
27404  0.000  0.000  0.000 0.0000000000
27405  0.000  0.000  0.000 0.0000000000
27406  0.000  0.000  0.000 0.0000000000
27410  0.000  0.000  0.000 0.0000000000
27411  0.000  0.000  0.000 0.0000000000
27415  0.000  0.000  0.000 0.0000000000
27416  0.000  0.000  0.000 0.0000000000
27421  0.000  0.000  0.000 0.0000000000
27422  0.000  0.000  0.000 0.0000000000
27436  0.000  0.000  0.000 0.0000000000
27437  0.000  0.000  0.000 0.0000000000
27444  0.000  0.000  0.000 0.0000000000
27445  0.000  0.000  0.000 0.0000000000
27446  0.000  0.000  0.000 0.0000000000
27447  0.000  0.000  0.000 0.0000000000
27453  0.000  0.000  0.000 0.0000000000
27454  0.000  0.000  0.000 0.0000000000
27455  0.000  0.000  0.000 0.0000000000
27456  0.000  0.000  0.000 0.0000000000
27457  0.000  0.000  0.000 0.0000000000
27463  0.000  0.000  0.000 0.0000000000
27464  0.000  0.000  0.000 0.0000000000
27465  0.000  0.000  0.000 0.0000000000
27470  0.000  0.000  0.000 0.0000000000
27471  0.000  0.000  0.000 0.0000000000
27481  0.000  0.000  0.000 0.0000000000
27482  0.000  0.000  0.000 0.0000000000
27492  0.000  0.000  0.000 0.0000000000
27493  0.000  0.000  0.000 0.0000000000
27500  0.000  0.000  0.000 0.0000000000
27501  0.000  0.000  0.000 0.0000000000
27502  0.000  0.000  0.000 0.0000000000
27505  0.000  0.000  0.000 0.0000000000
27506  0.000  0.000  0.000 0.0000000000
27508  0.000  0.000  0.000 0.0000000000
27509  0.000  0.000  0.000 0.0000000000
27511  0.000  0.000  0.000 0.0000000000
27512  0.000  0.000  0.000 0.0000000000
27518  0.000  0.000  0.000 0.0000000000
27519  0.000  0.000  0.000 0.0000000000
27520  0.000  0.000  0.000 0.0000000000
27528  0.000  0.000  0.000 0.0000000000
27529  0.000  0.000  0.000 0.0000000000
27530  0.000  0.000  0.000 0.0000000000
27540  0.000  0.000  0.000 0.0000000000
27541  0.000  0.000  0.000 0.0000000000
27552  0.000  0.000  0.000 0.0000000000
27553  0.000  0.000  0.000 0.0000000000
27562  0.000  0.000  0.000 0.0000000000
28147  0.000  0.000  0.000 0.0000000000
28148  0.000  0.000  0.000 0.0000000000
28153  0.000  0.000  0.000 0.0000000000
28154  0.000  0.000  0.000 0.0000000000
28155  0.000  0.000  0.000 0.0000000000
28156  0.000  0.000  0.000 0.0000000000
28157  0.000  0.000  0.000 0.0000000000
28162  0.000  0.000  0.000 0.0000000000
28163  0.000  0.000  0.000 0.0000000000
28167  0.000  0.000  0.000 0.0000000000
28168  0.000  0.000  0.000 0.0000000000
28172  0.000  0.000  0.000 0.0000000000
28173  0.000  0.000  0.000 0.0000000000
28177  0.000  0.000  0.000 0.0000000000
28178  0.000  0.000  0.000 0.0000000000
28179  0.000  0.000  0.000 0.0000000000
28180  0.000  0.000  0.000 0.0000000000
28181  0.000  0.000  0.000 0.0000000000
28182  0.000  0.000  0.000 0.0000000000
28183  0.000  0.000  0.000 0.0000000000
28184  0.000  0.000  0.000 0.0000000000
28189  0.000  0.000  0.000 0.0000000000
28190  0.000  0.000  0.000 0.0000000000
28191  0.000  0.000  0.000 0.0000000000
28192  0.000  0.000  0.000 0.0000000000
28193  0.000  0.000  0.000 0.0000000000
28194  0.000  0.000  0.000 0.0000000000
28195  0.000  0.000  0.000 0.0000000000
28199  0.000  0.000  0.000 0.0000000000
28200  0.000  0.000  0.000 0.0000000000
28201  0.000  0.000  0.000 0.0000000000
28202  0.000  0.000  0.000 0.0000000000
28203  0.000  0.000  0.000 0.0000000000
28204  0.000  0.000  0.000 0.0000000000
28208  0.000  0.000  0.000 0.0000000000
28209  0.000  0.000  0.000 0.0000000000
28210  0.000  0.000  0.000 0.0000000000
28211  0.000  0.000  0.000 0.0000000000
28217  0.000  0.000  0.000 0.0000000000
28218  0.000  0.000  0.000 0.0000000000
28219  0.000  0.000  0.000 0.0000000000
28220  0.000  0.000  0.000 0.0000000000
28226  0.000  0.000  0.000 0.0000000000
28227  0.000  0.000  0.000 0.0000000000
28228  0.000  0.000  0.000 0.0000000000
28234  0.000  0.000  0.000 0.0000000000
28235  0.000  0.000  0.000 0.0000000000
28236  0.000  0.000  0.000 0.0000000000
28246  0.000  0.000  0.000 0.0000000000
28247  0.000  0.000  0.000 0.0000000000
28248  0.000  0.000  0.000 0.0000000000
28259  0.000  0.000  0.000 0.0000000000
28260  0.000  0.000  0.000 0.0000000000
28261  0.000  0.000  0.000 0.0000000000
28262  0.000  0.000  0.000 0.0000000000
28267  0.000  0.000  0.000 0.0000000000
28268  0.000  0.000  0.000 0.0000000000
28269  0.000  0.000  0.000 0.0000000000
28270  0.000  0.000  0.000 0.0000000000
28273  0.000  0.000  0.000 0.0000000000
28274  0.000  0.000  0.000 0.0000000000
28275  0.000  0.000  0.000 0.0000000000
28276  0.000  0.000  0.000 0.0000000000
28278  0.000  0.000  0.000 0.0000000000
28279  0.000  0.000  0.000 0.0000000000
28280  0.000  0.000  0.000 0.0000000000
28282  0.000  0.000  0.000 0.0000000000
28283  0.000  0.000  0.000 0.0000000000
28284  0.000  0.000  0.000 0.0000000000
28286  0.000  0.000  0.000 0.0000000000
28287  0.000  0.000  0.000 0.0000000000
28294  0.000  0.000  0.000 0.0000000000
28295  0.000  0.000  0.000 0.0000000000
28305  0.000  0.000  0.000 0.0000000000
28306  0.000  0.000  0.000 0.0000000000
28307  0.000  0.000  0.000 0.0000000000
28317  0.000  0.000  0.000 0.0000000000
28318  0.000  0.000  0.000 0.0000000000
28319  0.000  0.000  0.000 0.0000000000
28328  0.000  0.000  0.000 0.0000000000
28329  0.000  0.000  0.000 0.0000000000
28330  0.000  0.000  0.000 0.0000000000
28342  0.000  0.000  0.000 0.0000000000
28924  0.000  0.000  0.000 0.0000000000
28925  0.000  0.000  0.000 0.0000000000
28928  0.000  0.000  0.000 0.0000000000
28929  0.000  0.000  0.000 0.0000000000
28930  0.000  0.000  0.000 0.0000000000
28931  0.000  0.000  0.000 0.0000000000
28932  0.000  0.000  0.000 0.0000000000
28936  0.000  0.000  0.000 0.0000000000
28937  0.000  0.000  0.000 0.0000000000
28941  0.000  0.000  0.000 0.0000000000
28942  0.000  0.000  0.000 0.0000000000
28943  0.000  0.000  0.000 0.0000000000
28947  0.000  0.000  0.000 0.0000000000
28948  0.000  0.000  0.000 0.0000000000
28949  0.000  0.000  0.000 0.0000000000
28953  0.000  0.000  0.000 0.0000000000
28954  0.000  0.000  0.000 0.0000000000
28955  0.000  0.000  0.000 0.0000000000
28956  0.000  0.000  0.000 0.0000000000
28957  0.000  0.000  0.000 0.0000000000
28958  0.000  0.000  0.000 0.0000000000
28959  0.000  0.000  0.000 0.0000000000
28960  0.000  0.000  0.000 0.0000000000
28961  0.000  0.000  0.000 0.0000000000
28965  0.000  0.000  0.000 0.0000000000
28966  0.000  0.000  0.000 0.0000000000
28967  0.000  0.000  0.000 0.0000000000
28968  0.000  0.000  0.000 0.0000000000
28969  0.000  0.000  0.000 0.0000000000
28970  0.000  0.000  0.000 0.0000000000
28971  0.000  0.000  0.000 0.0000000000
28975  0.000  0.000  0.000 0.0000000000
28976  0.000  0.000  0.000 0.0000000000
28977  0.000  0.000  0.000 0.0000000000
28978  0.000  0.000  0.000 0.0000000000
28979  0.000  0.000  0.000 0.0000000000
28980  0.000  0.000  0.000 0.0000000000
28983  0.000  0.000  0.000 0.0000000000
28984  0.000  0.000  0.000 0.0000000000
28985  0.000  0.000  0.000 0.0000000000
28986  0.000  0.000  0.000 0.0000000000
28987  0.000  0.000  0.000 0.0000000000
28991  0.000  0.000  0.000 0.0000000000
28992  0.000  0.000  0.000 0.0000000000
28993  0.000  0.000  0.000 0.0000000000
28994  0.000  0.000  0.000 0.0000000000
28995  0.000  0.000  0.000 0.0000000000
28999  0.000  0.000  0.000 0.0000000000
29000  0.000  0.000  0.000 0.0000000000
29005  0.000  0.000  0.000 0.0000000000
29006  0.000  0.000  0.000 0.0000000000
29007  0.000  0.000  0.000 0.0000000000
29013  0.000  0.000  0.000 0.0000000000
29014  0.000  0.000  0.000 0.0000000000
29015  0.000  0.000  0.000 0.0000000000
29026  0.000  0.000  0.000 0.0000000000
29027  0.000  0.000  0.000 0.0000000000
29038  0.000  0.000  0.000 0.0000000000
29039  0.000  0.000  0.000 0.0000000000
29048  0.000  0.000  0.000 0.0000000000
29049  0.000  0.000  0.000 0.0000000000
29052  0.000  0.000  0.000 0.0000000000
29053  0.000  0.000  0.000 0.0000000000
29055  0.000  0.000  0.000 0.0000000000
29056  0.000  0.000  0.000 0.0000000000
29058  0.000  0.000  0.000 0.0000000000
29059  0.000  0.000  0.000 0.0000000000
29061  0.000  0.000  0.000 0.0000000000
29062  0.000  0.000  0.000 0.0000000000
29067  0.000  0.000  0.000 0.0000000000
29068  0.000  0.000  0.000 0.0000000000
29077  0.000  0.000  0.000 0.0000000000
29078  0.000  0.000  0.000 0.0000000000
29079  0.000  0.000  0.000 0.0000000000
29089  0.000  0.000  0.000 0.0000000000
29090  0.000  0.000  0.000 0.0000000000
29102  0.000  0.000  0.000 0.0000000000
29103  0.000  0.000  0.000 0.0000000000
29113  0.000  0.000  0.000 0.0000000000
29114  0.000  0.000  0.000 0.0000000000
29122  0.000  0.000  0.000 0.0000000000
29123  0.000  0.000  0.000 0.0000000000
29131  0.000  0.000  0.000 0.0000000000
29698  0.000  0.000  0.000 0.0000000000
29699  0.000  0.000  0.000 0.0000000000
29702  0.000  0.000  0.000 0.0000000000
29703  0.000  0.000  0.000 0.0000000000
29704  0.000  0.000  0.000 0.0000000000
29705  0.000  0.000  0.000 0.0000000000
29706  0.000  0.000  0.000 0.0000000000
29710  0.000  0.000  0.000 0.0000000000
29713  0.000  0.000  0.000 0.0000000000
29714  0.000  0.000  0.000 0.0000000000
29715  0.000  0.000  0.000 0.0000000000
29718  0.000  0.000  0.000 0.0000000000
29719  0.000  0.000  0.000 0.0000000000
29720  0.000  0.000  0.000 0.0000000000
29721  0.000  0.000  0.000 0.0000000000
29722  0.000  0.000  0.000 0.0000000000
29723  0.000  0.000  0.000 0.0000000000
29726  0.000  0.000  0.000 0.0000000000
29727  0.000  0.000  0.000 0.0000000000
29728  0.000  0.000  0.000 0.0000000000
29729  0.000  0.000  0.000 0.0000000000
29730  0.000  0.000  0.000 0.0000000000
29733  0.000  0.000  0.000 0.0000000000
29734  0.000  0.000  0.000 0.0000000000
29735  0.000  0.000  0.000 0.0000000000
29739  0.000  0.000  0.000 0.0000000000
29740  0.000  0.000  0.000 0.0000000000
29741  0.000  0.000  0.000 0.0000000000
29742  0.000  0.000  0.000 0.0000000000
29745  0.000  0.000  0.000 0.0000000000
29746  0.000  0.000  0.000 0.0000000000
29747  0.000  0.000  0.000 0.0000000000
29751  0.000  0.000  0.000 0.0000000000
29752  0.000  0.000  0.000 0.0000000000
29753  0.000  0.000  0.000 0.0000000000
29754  0.000  0.000  0.000 0.0000000000
29758  0.000  0.000  0.000 0.0000000000
29759  0.000  0.000  0.000 0.0000000000
29763  0.000  0.000  0.000 0.0000000000
29764  0.000  0.000  0.000 0.0000000000
29765  0.000  0.000  0.000 0.0000000000
29770  0.000  0.000  0.000 0.0000000000
29771  0.000  0.000  0.000 0.0000000000
29772  0.000  0.000  0.000 0.0000000000
29779  0.000  0.000  0.000 0.0000000000
29780  0.000  0.000  0.000 0.0000000000
29781  0.000  0.000  0.000 0.0000000000
29790  0.000  0.000  0.000 0.0000000000
29791  0.000  0.000  0.000 0.0000000000
29792  0.000  0.000  0.000 0.0000000000
29803  0.000  0.000  0.000 0.0000000000
29804  0.000  0.000  0.000 0.0000000000
29814  0.000  0.000  0.000 0.0000000000
29815  0.000  0.000  0.000 0.0000000000
29816  0.000  0.000  0.000 0.0000000000
29819  0.000  0.000  0.000 0.0000000000
29820  0.000  0.000  0.000 0.0000000000
29821  0.000  0.000  0.000 0.0000000000
29823  0.000  0.000  0.000 0.0000000000
29824  0.000  0.000  0.000 0.0000000000
29825  0.000  0.000  0.000 0.0000000000
29827  0.000  0.000  0.000 0.0000000000
29828  0.000  0.000  0.000 0.0000000000
29829  0.000  0.000  0.000 0.0000000000
29831  0.000  0.000  0.000 0.0000000000
29832  0.000  0.000  0.000 0.0000000000
29834  0.000  0.000  0.000 0.0000000000
29835  0.000  0.000  0.000 0.0000000000
29836  0.000  0.000  0.000 0.0000000000
29843  0.000  0.000  0.000 0.0000000000
29844  0.000  0.000  0.000 0.0000000000
29845  0.000  0.000  0.000 0.0000000000
29855  0.000  0.000  0.000 0.0000000000
29856  0.000  0.000  0.000 0.0000000000
29857  0.000  0.000  0.000 0.0000000000
29858  0.000  0.000  0.000 0.0000000000
29869  0.000  0.000  0.000 0.0000000000
29870  0.000  0.000  0.000 0.0000000000
29871  0.000  0.000  0.000 0.0000000000
29872  0.000  0.000  0.000 0.0000000000
29882  0.000  0.000  0.000 0.0000000000
29883  0.000  0.000  0.000 0.0000000000
29884  0.000  0.000  0.000 0.0000000000
29891  0.000  0.000  0.000 0.0000000000
29892  0.000  0.000  0.000 0.0000000000
29893  0.000  0.000  0.000 0.0000000000
29899  0.000  0.000  0.000 0.0000000000
29900  0.000  0.000  0.000 0.0000000000
29901  0.000  0.000  0.000 0.0000000000
29903  0.000  0.000  0.000 0.0000000000
29904  0.000  0.000  0.000 0.0000000000
29906  0.000  0.000  0.000 0.0000000000
29907  0.000  0.000  0.000 0.0000000000
29909  0.000  0.000  0.000 0.0000000000
29910  0.000  0.000  0.000 0.0000000000
29913  0.000  0.000  0.000 0.0000000000
29914  0.000  0.000  0.000 0.0000000000
29917  0.000  0.000  0.000 0.0000000000
29918  0.000  0.000  0.000 0.0000000000
29920  0.000  0.000  0.000 0.0000000000
29921  0.000  0.000  0.000 0.0000000000
29930  0.000  0.000  0.000 0.0000000000
29931  0.000  0.000  0.000 0.0000000000
30433  0.000  0.000  0.000 0.0000000000
30434  0.000  0.000  0.000 0.0000000000
30437  0.000  0.000  0.000 0.0000000000
30438  0.000  0.000  0.000 0.0000000000
30439  0.000  0.000  0.000 0.0000000000
30440  0.000  0.000  0.000 0.0000000000
30441  0.000  0.000  0.000 0.0000000000
30444  0.000  0.000  0.000 0.0000000000
30445  0.000  0.000  0.000 0.0000000000
30446  0.000  0.000  0.000 0.0000000000
30447  0.000  0.000  0.000 0.0000000000
30448  0.000  0.000  0.000 0.0000000000
30453  0.000  0.000  0.000 0.0000000000
30454  0.000  0.000  0.000 0.0000000000
30455  0.000  0.000  0.000 0.0000000000
30456  0.000  0.000  0.000 0.0000000000
30457  0.000  0.000  0.000 0.0000000000
30458  0.000  0.000  0.000 0.0000000000
30462  0.000  0.000  0.000 0.0000000000
30463  0.000  0.000  0.000 0.0000000000
30464  0.000  0.000  0.000 0.0000000000
30465  0.000  0.000  0.000 0.0000000000
30466  0.000  0.000  0.000 0.0000000000
30467  0.000  0.000  0.000 0.0000000000
30468  0.000  0.000  0.000 0.0000000000
30469  0.000  0.000  0.000 0.0000000000
30470  0.000  0.000  0.000 0.0000000000
30471  0.000  0.000  0.000 0.0000000000
30475  0.000  0.000  0.000 0.0000000000
30476  0.000  0.000  0.000 0.0000000000
30477  0.000  0.000  0.000 0.0000000000
30478  0.000  0.000  0.000 0.0000000000
30479  0.000  0.000  0.000 0.0000000000
30480  0.000  0.000  0.000 0.0000000000
30481  0.000  0.000  0.000 0.0000000000
30482  0.000  0.000  0.000 0.0000000000
30483  0.000  0.000  0.000 0.0000000000
30484  0.000  0.000  0.000 0.0000000000
30489  0.000  0.000  0.000 0.0000000000
30490  0.000  0.000  0.000 0.0000000000
30491  0.000  0.000  0.000 0.0000000000
30492  0.000  0.000  0.000 0.0000000000
30493  0.000  0.000  0.000 0.0000000000
30494  0.000  0.000  0.000 0.0000000000
30495  0.000  0.000  0.000 0.0000000000
30496  0.000  0.000  0.000 0.0000000000
30497  0.000  0.000  0.000 0.0000000000
30498  0.000  0.000  0.000 0.0000000000
30504  0.000  0.000  0.000 0.0000000000
30505  0.000  0.000  0.000 0.0000000000
30506  0.000  0.000  0.000 0.0000000000
30507  0.000  0.000  0.000 0.0000000000
30508  0.000  0.000  0.000 0.0000000000
30509  0.000  0.000  0.000 0.0000000000
30510  0.000  0.000  0.000 0.0000000000
30511  0.000  0.000  0.000 0.0000000000
30512  0.000  0.000  0.000 0.0000000000
30513  0.000  0.000  0.000 0.0000000000
30514  0.000  0.000  0.000 0.0000000000
30519  0.000  0.000  0.000 0.0000000000
30520  0.000  0.000  0.000 0.0000000000
30521  0.000  0.000  0.000 0.0000000000
30522  0.000  0.000  0.000 0.0000000000
30523  0.000  0.000  0.000 0.0000000000
30524  0.000  0.000  0.000 0.0000000000
30525  0.000  0.000  0.000 0.0000000000
30526  0.000  0.000  0.000 0.0000000000
30527  0.000  0.000  0.000 0.0000000000
30528  0.000  0.000  0.000 0.0000000000
30529  0.000  0.000  0.000 0.0000000000
30534  0.000  0.000  0.000 0.0000000000
30535  0.000  0.000  0.000 0.0000000000
30536  0.000  0.000  0.000 0.0000000000
30537  0.000  0.000  0.000 0.0000000000
30538  0.000  0.000  0.000 0.0000000000
30539  0.000  0.000  0.000 0.0000000000
30540  0.000  0.000  0.000 0.0000000000
30541  0.000  0.000  0.000 0.0000000000
30542  0.000  0.000  0.000 0.0000000000
30543  0.000  0.000  0.000 0.0000000000
30544  0.000  0.000  0.000 0.0000000000
30545  0.000  0.000  0.000 0.0000000000
30554  0.000  0.000  0.000 0.0000000000
30555  0.000  0.000  0.000 0.0000000000
30556  0.000  0.000  0.000 0.0000000000
30557  0.000  0.000  0.000 0.0000000000
30558  0.000  0.000  0.000 0.0000000000
30559  0.000  0.000  0.000 0.0000000000
30560  0.000  0.000  0.000 0.0000000000
30561  0.000  0.000  0.000 0.0000000000
30568  0.000  0.000  0.000 0.0000000000
30569  0.000  0.000  0.000 0.0000000000
30570  0.000  0.000  0.000 0.0000000000
30571  0.000  0.000  0.000 0.0000000000
30572  0.000  0.000  0.000 0.0000000000
30573  0.000  0.000  0.000 0.0000000000
30574  0.000  0.000  0.000 0.0000000000
30575  0.000  0.000  0.000 0.0000000000
30576  0.000  0.000  0.000 0.0000000000
30579  0.000  0.000  0.000 0.0000000000
30580  0.000  0.000  0.000 0.0000000000
30581  0.000  0.000  0.000 0.0000000000
30582  0.000  0.000  0.000 0.0000000000
30583  0.000  0.000  0.000 0.0000000000
30584  0.000  0.000  0.000 0.0000000000
30585  0.000  0.000  0.000 0.0000000000
30586  0.000  0.000  0.000 0.0000000000
30590  0.000  0.000  0.000 0.0000000000
30591  0.000  0.000  0.000 0.0000000000
30592  0.000  0.000  0.000 0.0000000000
30593  0.000  0.000  0.000 0.0000000000
30594  0.000  0.000  0.000 0.0000000000
30595  0.000  0.000  0.000 0.0000000000
30596  0.000  0.000  0.000 0.0000000000
30603  0.000  0.000  0.000 0.0000000000
30604  0.000  0.000  0.000 0.0000000000
30605  0.000  0.000  0.000 0.0000000000
30606  0.000  0.000  0.000 0.0000000000
30607  0.000  0.000  0.000 0.0000000000
30608  0.000  0.000  0.000 0.0000000000
30616  0.000  0.000  0.000 0.0000000000
30617  0.000  0.000  0.000 0.0000000000
30618  0.000  0.000  0.000 0.0000000000
30619  0.000  0.000  0.000 0.0000000000
30631  0.000  0.000  0.000 0.0000000000
30632  0.000  0.000  0.000 0.0000000000
30642  0.000  0.000  0.000 0.0000000000
30643  0.000  0.000  0.000 0.0000000000
30647  0.000  0.000  0.000 0.0000000000
30648  0.000  0.000  0.000 0.0000000000
30651  0.000  0.000  0.000 0.0000000000
30652  0.000  0.000  0.000 0.0000000000
30654  0.000  0.000  0.000 0.0000000000
30655  0.000  0.000  0.000 0.0000000000
30656  0.000  0.000  0.000 0.0000000000
30658  0.000  0.000  0.000 0.0000000000
30659  0.000  0.000  0.000 0.0000000000
30660  0.000  0.000  0.000 0.0000000000
30661  0.000  0.000  0.000 0.0000000000
30663  0.000  0.000  0.000 0.0000000000
30664  0.000  0.000  0.000 0.0000000000
30665  0.000  0.000  0.000 0.0000000000
30666  0.000  0.000  0.000 0.0000000000
30673  0.000  0.000  0.000 0.0000000000
30674  0.000  0.000  0.000 0.0000000000
30675  0.000  0.000  0.000 0.0000000000
30684  0.000  0.000  0.000 0.0000000000
30685  0.000  0.000  0.000 0.0000000000
30699  0.000  0.000  0.000 0.0000000000
30707  0.000  0.000  0.000 0.0000000000
30708  0.000  0.000  0.000 0.0000000000
30717  0.000  0.000  0.000 0.0000000000
30718  0.000  0.000  0.000 0.0000000000
30725  0.000  0.000  0.000 0.0000000000
30726  0.000  0.000  0.000 0.0000000000
30727  0.000  0.000  0.000 0.0000000000
30732  0.000  0.000  0.000 0.0000000000
30733  0.000  0.000  0.000 0.0000000000
30734  0.000  0.000  0.000 0.0000000000
30737  0.000  0.000  0.000 0.0000000000
30738  0.000  0.000  0.000 0.0000000000
30739  0.000  0.000  0.000 0.0000000000
30742  0.000  0.000  0.000 0.0000000000
30743  0.000  0.000  0.000 0.0000000000
30744  0.000  0.000  0.000 0.0000000000
30746  0.000  0.000  0.000 0.0000000000
30747  0.000  0.000  0.000 0.0000000000
30749  0.000  0.000  0.000 0.0000000000
30750  0.000  0.000  0.000 0.0000000000
30754  0.000  0.000  0.000 0.0000000000
31350  0.000  0.000  0.000 0.0000000000
31351  0.000  0.000  0.000 0.0000000000
31361  0.000  0.000  0.000 0.0000000000
31362  0.000  0.000  0.000 0.0000000000
31363  0.000  0.000  0.000 0.0000000000
31376  0.000  0.000  0.000 0.0000000000
31377  0.000  0.000  0.000 0.0000000000
31378  0.000  0.000  0.000 0.0000000000
31379  0.000  0.000  0.000 0.0000000000
31395  0.000  0.000  0.000 0.0000000000
31396  0.000  0.000  0.000 0.0000000000
31397  0.000  0.000  0.000 0.0000000000
31414  0.000  0.000  0.000 0.0000000000
31415  0.000  0.000  0.000 0.0000000000
31416  0.000  0.000  0.000 0.0000000000
31432  0.000  0.000  0.000 0.0000000000
31433  0.000  0.000  0.000 0.0000000000
31443  0.000  0.000  0.000 0.0000000000
31444  0.000  0.000  0.000 0.0000000000
31451  0.000  0.000  0.000 0.0000000000
31452  0.000  0.000  0.000 0.0000000000
31453  0.000  0.000  0.000 0.0000000000
31454  0.000  0.000  0.000 0.0000000000
31462  0.000  0.000  0.000 0.0000000000
31463  0.000  0.000  0.000 0.0000000000
31470  0.000  0.000  0.000 0.0000000000
31471  0.000  0.000  0.000 0.0000000000
31472  0.000  0.000  0.000 0.0000000000
31478  0.000  0.000  0.000 0.0000000000
31479  0.000  0.000  0.000 0.0000000000
31480  0.000  0.000  0.000 0.0000000000
31488  0.000  0.000  0.000 0.0000000000
31489  0.000  0.000  0.000 0.0000000000
31490  0.000  0.000  0.000 0.0000000000
31504  0.000  0.000  0.000 0.0000000000
31505  0.000  0.000  0.000 0.0000000000
31518  0.000  0.000  0.000 0.0000000000
31519  0.000  0.000  0.000 0.0000000000
31520  0.000  0.000  0.000 0.0000000000
31532  0.000  0.000  0.000 0.0000000000
31533  0.000  0.000  0.000 0.0000000000
31543  0.000  0.000  0.000 0.0000000000
31544  0.000  0.000  0.000 0.0000000000
31545  0.000  0.000  0.000 0.0000000000
31554  0.000  0.000  0.000 0.0000000000
31555  0.000  0.000  0.000 0.0000000000
31564  0.000  0.000  0.000 0.0000000000
