#!ascii label  , from subject Woofsurfer vox2ras=TkReg coords=white
1557
8  0.000  0.000  0.000 0.0000000000
9  0.000  0.000  0.000 0.0000000000
10  0.000  0.000  0.000 0.0000000000
11  0.000  0.000  0.000 0.0000000000
12  0.000  0.000  0.000 0.0000000000
13  0.000  0.000  0.000 0.0000000000
14  0.000  0.000  0.000 0.0000000000
15  0.000  0.000  0.000 0.0000000000
16  0.000  0.000  0.000 0.0000000000
17  0.000  0.000  0.000 0.0000000000
18  0.000  0.000  0.000 0.0000000000
19  0.000  0.000  0.000 0.0000000000
20  0.000  0.000  0.000 0.0000000000
21  0.000  0.000  0.000 0.0000000000
22  0.000  0.000  0.000 0.0000000000
23  0.000  0.000  0.000 0.0000000000
24  0.000  0.000  0.000 0.0000000000
25  0.000  0.000  0.000 0.0000000000
26  0.000  0.000  0.000 0.0000000000
27  0.000  0.000  0.000 0.0000000000
28  0.000  0.000  0.000 0.0000000000
29  0.000  0.000  0.000 0.0000000000
30  0.000  0.000  0.000 0.0000000000
31  0.000  0.000  0.000 0.0000000000
32  0.000  0.000  0.000 0.0000000000
33  0.000  0.000  0.000 0.0000000000
34  0.000  0.000  0.000 0.0000000000
35  0.000  0.000  0.000 0.0000000000
36  0.000  0.000  0.000 0.0000000000
37  0.000  0.000  0.000 0.0000000000
38  0.000  0.000  0.000 0.0000000000
39  0.000  0.000  0.000 0.0000000000
40  0.000  0.000  0.000 0.0000000000
41  0.000  0.000  0.000 0.0000000000
42  0.000  0.000  0.000 0.0000000000
43  0.000  0.000  0.000 0.0000000000
44  0.000  0.000  0.000 0.0000000000
45  0.000  0.000  0.000 0.0000000000
46  0.000  0.000  0.000 0.0000000000
47  0.000  0.000  0.000 0.0000000000
48  0.000  0.000  0.000 0.0000000000
49  0.000  0.000  0.000 0.0000000000
50  0.000  0.000  0.000 0.0000000000
51  0.000  0.000  0.000 0.0000000000
52  0.000  0.000  0.000 0.0000000000
53  0.000  0.000  0.000 0.0000000000
54  0.000  0.000  0.000 0.0000000000
55  0.000  0.000  0.000 0.0000000000
56  0.000  0.000  0.000 0.0000000000
57  0.000  0.000  0.000 0.0000000000
58  0.000  0.000  0.000 0.0000000000
59  0.000  0.000  0.000 0.0000000000
60  0.000  0.000  0.000 0.0000000000
61  0.000  0.000  0.000 0.0000000000
62  0.000  0.000  0.000 0.0000000000
63  0.000  0.000  0.000 0.0000000000
64  0.000  0.000  0.000 0.0000000000
65  0.000  0.000  0.000 0.0000000000
66  0.000  0.000  0.000 0.0000000000
67  0.000  0.000  0.000 0.0000000000
68  0.000  0.000  0.000 0.0000000000
69  0.000  0.000  0.000 0.0000000000
70  0.000  0.000  0.000 0.0000000000
71  0.000  0.000  0.000 0.0000000000
72  0.000  0.000  0.000 0.0000000000
73  0.000  0.000  0.000 0.0000000000
74  0.000  0.000  0.000 0.0000000000
75  0.000  0.000  0.000 0.0000000000
76  0.000  0.000  0.000 0.0000000000
77  0.000  0.000  0.000 0.0000000000
78  0.000  0.000  0.000 0.0000000000
79  0.000  0.000  0.000 0.0000000000
80  0.000  0.000  0.000 0.0000000000
81  0.000  0.000  0.000 0.0000000000
82  0.000  0.000  0.000 0.0000000000
83  0.000  0.000  0.000 0.0000000000
84  0.000  0.000  0.000 0.0000000000
85  0.000  0.000  0.000 0.0000000000
86  0.000  0.000  0.000 0.0000000000
87  0.000  0.000  0.000 0.0000000000
88  0.000  0.000  0.000 0.0000000000
89  0.000  0.000  0.000 0.0000000000
90  0.000  0.000  0.000 0.0000000000
91  0.000  0.000  0.000 0.0000000000
92  0.000  0.000  0.000 0.0000000000
93  0.000  0.000  0.000 0.0000000000
94  0.000  0.000  0.000 0.0000000000
95  0.000  0.000  0.000 0.0000000000
96  0.000  0.000  0.000 0.0000000000
97  0.000  0.000  0.000 0.0000000000
98  0.000  0.000  0.000 0.0000000000
99  0.000  0.000  0.000 0.0000000000
100  0.000  0.000  0.000 0.0000000000
101  0.000  0.000  0.000 0.0000000000
102  0.000  0.000  0.000 0.0000000000
103  0.000  0.000  0.000 0.0000000000
104  0.000  0.000  0.000 0.0000000000
105  0.000  0.000  0.000 0.0000000000
106  0.000  0.000  0.000 0.0000000000
107  0.000  0.000  0.000 0.0000000000
108  0.000  0.000  0.000 0.0000000000
109  0.000  0.000  0.000 0.0000000000
110  0.000  0.000  0.000 0.0000000000
111  0.000  0.000  0.000 0.0000000000
112  0.000  0.000  0.000 0.0000000000
113  0.000  0.000  0.000 0.0000000000
114  0.000  0.000  0.000 0.0000000000
115  0.000  0.000  0.000 0.0000000000
116  0.000  0.000  0.000 0.0000000000
117  0.000  0.000  0.000 0.0000000000
118  0.000  0.000  0.000 0.0000000000
119  0.000  0.000  0.000 0.0000000000
120  0.000  0.000  0.000 0.0000000000
121  0.000  0.000  0.000 0.0000000000
122  0.000  0.000  0.000 0.0000000000
123  0.000  0.000  0.000 0.0000000000
124  0.000  0.000  0.000 0.0000000000
125  0.000  0.000  0.000 0.0000000000
126  0.000  0.000  0.000 0.0000000000
127  0.000  0.000  0.000 0.0000000000
128  0.000  0.000  0.000 0.0000000000
130  0.000  0.000  0.000 0.0000000000
131  0.000  0.000  0.000 0.0000000000
132  0.000  0.000  0.000 0.0000000000
133  0.000  0.000  0.000 0.0000000000
137  0.000  0.000  0.000 0.0000000000
138  0.000  0.000  0.000 0.0000000000
139  0.000  0.000  0.000 0.0000000000
140  0.000  0.000  0.000 0.0000000000
144  0.000  0.000  0.000 0.0000000000
145  0.000  0.000  0.000 0.0000000000
146  0.000  0.000  0.000 0.0000000000
150  0.000  0.000  0.000 0.0000000000
151  0.000  0.000  0.000 0.0000000000
152  0.000  0.000  0.000 0.0000000000
156  0.000  0.000  0.000 0.0000000000
157  0.000  0.000  0.000 0.0000000000
158  0.000  0.000  0.000 0.0000000000
159  0.000  0.000  0.000 0.0000000000
160  0.000  0.000  0.000 0.0000000000
162  0.000  0.000  0.000 0.0000000000
163  0.000  0.000  0.000 0.0000000000
164  0.000  0.000  0.000 0.0000000000
165  0.000  0.000  0.000 0.0000000000
166  0.000  0.000  0.000 0.0000000000
167  0.000  0.000  0.000 0.0000000000
168  0.000  0.000  0.000 0.0000000000
169  0.000  0.000  0.000 0.0000000000
170  0.000  0.000  0.000 0.0000000000
171  0.000  0.000  0.000 0.0000000000
172  0.000  0.000  0.000 0.0000000000
173  0.000  0.000  0.000 0.0000000000
174  0.000  0.000  0.000 0.0000000000
175  0.000  0.000  0.000 0.0000000000
176  0.000  0.000  0.000 0.0000000000
177  0.000  0.000  0.000 0.0000000000
178  0.000  0.000  0.000 0.0000000000
179  0.000  0.000  0.000 0.0000000000
180  0.000  0.000  0.000 0.0000000000
181  0.000  0.000  0.000 0.0000000000
182  0.000  0.000  0.000 0.0000000000
183  0.000  0.000  0.000 0.0000000000
184  0.000  0.000  0.000 0.0000000000
185  0.000  0.000  0.000 0.0000000000
186  0.000  0.000  0.000 0.0000000000
187  0.000  0.000  0.000 0.0000000000
188  0.000  0.000  0.000 0.0000000000
189  0.000  0.000  0.000 0.0000000000
190  0.000  0.000  0.000 0.0000000000
191  0.000  0.000  0.000 0.0000000000
192  0.000  0.000  0.000 0.0000000000
193  0.000  0.000  0.000 0.0000000000
194  0.000  0.000  0.000 0.0000000000
195  0.000  0.000  0.000 0.0000000000
196  0.000  0.000  0.000 0.0000000000
197  0.000  0.000  0.000 0.0000000000
198  0.000  0.000  0.000 0.0000000000
199  0.000  0.000  0.000 0.0000000000
200  0.000  0.000  0.000 0.0000000000
201  0.000  0.000  0.000 0.0000000000
202  0.000  0.000  0.000 0.0000000000
203  0.000  0.000  0.000 0.0000000000
205  0.000  0.000  0.000 0.0000000000
206  0.000  0.000  0.000 0.0000000000
207  0.000  0.000  0.000 0.0000000000
208  0.000  0.000  0.000 0.0000000000
209  0.000  0.000  0.000 0.0000000000
211  0.000  0.000  0.000 0.0000000000
212  0.000  0.000  0.000 0.0000000000
213  0.000  0.000  0.000 0.0000000000
214  0.000  0.000  0.000 0.0000000000
217  0.000  0.000  0.000 0.0000000000
218  0.000  0.000  0.000 0.0000000000
219  0.000  0.000  0.000 0.0000000000
220  0.000  0.000  0.000 0.0000000000
221  0.000  0.000  0.000 0.0000000000
226  0.000  0.000  0.000 0.0000000000
227  0.000  0.000  0.000 0.0000000000
228  0.000  0.000  0.000 0.0000000000
229  0.000  0.000  0.000 0.0000000000
235  0.000  0.000  0.000 0.0000000000
236  0.000  0.000  0.000 0.0000000000
237  0.000  0.000  0.000 0.0000000000
238  0.000  0.000  0.000 0.0000000000
244  0.000  0.000  0.000 0.0000000000
245  0.000  0.000  0.000 0.0000000000
246  0.000  0.000  0.000 0.0000000000
263  0.000  0.000  0.000 0.0000000000
264  0.000  0.000  0.000 0.0000000000
266  0.000  0.000  0.000 0.0000000000
267  0.000  0.000  0.000 0.0000000000
270  0.000  0.000  0.000 0.0000000000
271  0.000  0.000  0.000 0.0000000000
272  0.000  0.000  0.000 0.0000000000
276  0.000  0.000  0.000 0.0000000000
277  0.000  0.000  0.000 0.0000000000
282  0.000  0.000  0.000 0.0000000000
283  0.000  0.000  0.000 0.0000000000
289  0.000  0.000  0.000 0.0000000000
290  0.000  0.000  0.000 0.0000000000
296  0.000  0.000  0.000 0.0000000000
297  0.000  0.000  0.000 0.0000000000
305  0.000  0.000  0.000 0.0000000000
314  0.000  0.000  0.000 0.0000000000
315  0.000  0.000  0.000 0.0000000000
325  0.000  0.000  0.000 0.0000000000
326  0.000  0.000  0.000 0.0000000000
327  0.000  0.000  0.000 0.0000000000
338  0.000  0.000  0.000 0.0000000000
339  0.000  0.000  0.000 0.0000000000
340  0.000  0.000  0.000 0.0000000000
351  0.000  0.000  0.000 0.0000000000
352  0.000  0.000  0.000 0.0000000000
353  0.000  0.000  0.000 0.0000000000
355  0.000  0.000  0.000 0.0000000000
362  0.000  0.000  0.000 0.0000000000
363  0.000  0.000  0.000 0.0000000000
364  0.000  0.000  0.000 0.0000000000
365  0.000  0.000  0.000 0.0000000000
366  0.000  0.000  0.000 0.0000000000
370  0.000  0.000  0.000 0.0000000000
371  0.000  0.000  0.000 0.0000000000
372  0.000  0.000  0.000 0.0000000000
373  0.000  0.000  0.000 0.0000000000
377  0.000  0.000  0.000 0.0000000000
378  0.000  0.000  0.000 0.0000000000
379  0.000  0.000  0.000 0.0000000000
380  0.000  0.000  0.000 0.0000000000
383  0.000  0.000  0.000 0.0000000000
384  0.000  0.000  0.000 0.0000000000
385  0.000  0.000  0.000 0.0000000000
388  0.000  0.000  0.000 0.0000000000
389  0.000  0.000  0.000 0.0000000000
393  0.000  0.000  0.000 0.0000000000
394  0.000  0.000  0.000 0.0000000000
399  0.000  0.000  0.000 0.0000000000
400  0.000  0.000  0.000 0.0000000000
406  0.000  0.000  0.000 0.0000000000
407  0.000  0.000  0.000 0.0000000000
414  0.000  0.000  0.000 0.0000000000
415  0.000  0.000  0.000 0.0000000000
416  0.000  0.000  0.000 0.0000000000
422  0.000  0.000  0.000 0.0000000000
423  0.000  0.000  0.000 0.0000000000
424  0.000  0.000  0.000 0.0000000000
430  0.000  0.000  0.000 0.0000000000
431  0.000  0.000  0.000 0.0000000000
432  0.000  0.000  0.000 0.0000000000
433  0.000  0.000  0.000 0.0000000000
434  0.000  0.000  0.000 0.0000000000
439  0.000  0.000  0.000 0.0000000000
440  0.000  0.000  0.000 0.0000000000
441  0.000  0.000  0.000 0.0000000000
442  0.000  0.000  0.000 0.0000000000
449  0.000  0.000  0.000 0.0000000000
450  0.000  0.000  0.000 0.0000000000
471  0.000  0.000  0.000 0.0000000000
472  0.000  0.000  0.000 0.0000000000
473  0.000  0.000  0.000 0.0000000000
474  0.000  0.000  0.000 0.0000000000
476  0.000  0.000  0.000 0.0000000000
477  0.000  0.000  0.000 0.0000000000
481  0.000  0.000  0.000 0.0000000000
486  0.000  0.000  0.000 0.0000000000
491  0.000  0.000  0.000 0.0000000000
492  0.000  0.000  0.000 0.0000000000
498  0.000  0.000  0.000 0.0000000000
499  0.000  0.000  0.000 0.0000000000
507  0.000  0.000  0.000 0.0000000000
508  0.000  0.000  0.000 0.0000000000
516  0.000  0.000  0.000 0.0000000000
517  0.000  0.000  0.000 0.0000000000
526  0.000  0.000  0.000 0.0000000000
527  0.000  0.000  0.000 0.0000000000
537  0.000  0.000  0.000 0.0000000000
538  0.000  0.000  0.000 0.0000000000
539  0.000  0.000  0.000 0.0000000000
547  0.000  0.000  0.000 0.0000000000
548  0.000  0.000  0.000 0.0000000000
549  0.000  0.000  0.000 0.0000000000
555  0.000  0.000  0.000 0.0000000000
556  0.000  0.000  0.000 0.0000000000
557  0.000  0.000  0.000 0.0000000000
562  0.000  0.000  0.000 0.0000000000
563  0.000  0.000  0.000 0.0000000000
564  0.000  0.000  0.000 0.0000000000
570  0.000  0.000  0.000 0.0000000000
571  0.000  0.000  0.000 0.0000000000
572  0.000  0.000  0.000 0.0000000000
573  0.000  0.000  0.000 0.0000000000
579  0.000  0.000  0.000 0.0000000000
580  0.000  0.000  0.000 0.0000000000
581  0.000  0.000  0.000 0.0000000000
588  0.000  0.000  0.000 0.0000000000
589  0.000  0.000  0.000 0.0000000000
597  0.000  0.000  0.000 0.0000000000
605  0.000  0.000  0.000 0.0000000000
606  0.000  0.000  0.000 0.0000000000
614  0.000  0.000  0.000 0.0000000000
615  0.000  0.000  0.000 0.0000000000
623  0.000  0.000  0.000 0.0000000000
624  0.000  0.000  0.000 0.0000000000
630  0.000  0.000  0.000 0.0000000000
631  0.000  0.000  0.000 0.0000000000
637  0.000  0.000  0.000 0.0000000000
638  0.000  0.000  0.000 0.0000000000
643  0.000  0.000  0.000 0.0000000000
644  0.000  0.000  0.000 0.0000000000
648  0.000  0.000  0.000 0.0000000000
649  0.000  0.000  0.000 0.0000000000
653  0.000  0.000  0.000 0.0000000000
654  0.000  0.000  0.000 0.0000000000
655  0.000  0.000  0.000 0.0000000000
656  0.000  0.000  0.000 0.0000000000
660  0.000  0.000  0.000 0.0000000000
661  0.000  0.000  0.000 0.0000000000
662  0.000  0.000  0.000 0.0000000000
663  0.000  0.000  0.000 0.0000000000
667  0.000  0.000  0.000 0.0000000000
668  0.000  0.000  0.000 0.0000000000
669  0.000  0.000  0.000 0.0000000000
700  0.000  0.000  0.000 0.0000000000
701  0.000  0.000  0.000 0.0000000000
702  0.000  0.000  0.000 0.0000000000
704  0.000  0.000  0.000 0.0000000000
705  0.000  0.000  0.000 0.0000000000
706  0.000  0.000  0.000 0.0000000000
709  0.000  0.000  0.000 0.0000000000
710  0.000  0.000  0.000 0.0000000000
715  0.000  0.000  0.000 0.0000000000
720  0.000  0.000  0.000 0.0000000000
724  0.000  0.000  0.000 0.0000000000
725  0.000  0.000  0.000 0.0000000000
732  0.000  0.000  0.000 0.0000000000
733  0.000  0.000  0.000 0.0000000000
740  0.000  0.000  0.000 0.0000000000
749  0.000  0.000  0.000 0.0000000000
750  0.000  0.000  0.000 0.0000000000
777  0.000  0.000  0.000 0.0000000000
782  0.000  0.000  0.000 0.0000000000
783  0.000  0.000  0.000 0.0000000000
786  0.000  0.000  0.000 0.0000000000
787  0.000  0.000  0.000 0.0000000000
790  0.000  0.000  0.000 0.0000000000
791  0.000  0.000  0.000 0.0000000000
795  0.000  0.000  0.000 0.0000000000
843  0.000  0.000  0.000 0.0000000000
844  0.000  0.000  0.000 0.0000000000
848  0.000  0.000  0.000 0.0000000000
849  0.000  0.000  0.000 0.0000000000
854  0.000  0.000  0.000 0.0000000000
858  0.000  0.000  0.000 0.0000000000
859  0.000  0.000  0.000 0.0000000000
862  0.000  0.000  0.000 0.0000000000
865  0.000  0.000  0.000 0.0000000000
866  0.000  0.000  0.000 0.0000000000
867  0.000  0.000  0.000 0.0000000000
869  0.000  0.000  0.000 0.0000000000
870  0.000  0.000  0.000 0.0000000000
871  0.000  0.000  0.000 0.0000000000
873  0.000  0.000  0.000 0.0000000000
874  0.000  0.000  0.000 0.0000000000
875  0.000  0.000  0.000 0.0000000000
876  0.000  0.000  0.000 0.0000000000
880  0.000  0.000  0.000 0.0000000000
881  0.000  0.000  0.000 0.0000000000
913  0.000  0.000  0.000 0.0000000000
914  0.000  0.000  0.000 0.0000000000
915  0.000  0.000  0.000 0.0000000000
916  0.000  0.000  0.000 0.0000000000
917  0.000  0.000  0.000 0.0000000000
918  0.000  0.000  0.000 0.0000000000
919  0.000  0.000  0.000 0.0000000000
920  0.000  0.000  0.000 0.0000000000
921  0.000  0.000  0.000 0.0000000000
922  0.000  0.000  0.000 0.0000000000
925  0.000  0.000  0.000 0.0000000000
926  0.000  0.000  0.000 0.0000000000
930  0.000  0.000  0.000 0.0000000000
931  0.000  0.000  0.000 0.0000000000
935  0.000  0.000  0.000 0.0000000000
939  0.000  0.000  0.000 0.0000000000
940  0.000  0.000  0.000 0.0000000000
947  0.000  0.000  0.000 0.0000000000
948  0.000  0.000  0.000 0.0000000000
949  0.000  0.000  0.000 0.0000000000
957  0.000  0.000  0.000 0.0000000000
1091  0.000  0.000  0.000 0.0000000000
1097  0.000  0.000  0.000 0.0000000000
1098  0.000  0.000  0.000 0.0000000000
1099  0.000  0.000  0.000 0.0000000000
1101  0.000  0.000  0.000 0.0000000000
1102  0.000  0.000  0.000 0.0000000000
1103  0.000  0.000  0.000 0.0000000000
1105  0.000  0.000  0.000 0.0000000000
1106  0.000  0.000  0.000 0.0000000000
1108  0.000  0.000  0.000 0.0000000000
1109  0.000  0.000  0.000 0.0000000000
1111  0.000  0.000  0.000 0.0000000000
1112  0.000  0.000  0.000 0.0000000000
1114  0.000  0.000  0.000 0.0000000000
1115  0.000  0.000  0.000 0.0000000000
1116  0.000  0.000  0.000 0.0000000000
1117  0.000  0.000  0.000 0.0000000000
1120  0.000  0.000  0.000 0.0000000000
1121  0.000  0.000  0.000 0.0000000000
1122  0.000  0.000  0.000 0.0000000000
1123  0.000  0.000  0.000 0.0000000000
1126  0.000  0.000  0.000 0.0000000000
1127  0.000  0.000  0.000 0.0000000000
1128  0.000  0.000  0.000 0.0000000000
1132  0.000  0.000  0.000 0.0000000000
1163  0.000  0.000  0.000 0.0000000000
1164  0.000  0.000  0.000 0.0000000000
1165  0.000  0.000  0.000 0.0000000000
1166  0.000  0.000  0.000 0.0000000000
1167  0.000  0.000  0.000 0.0000000000
1168  0.000  0.000  0.000 0.0000000000
1169  0.000  0.000  0.000 0.0000000000
1170  0.000  0.000  0.000 0.0000000000
1171  0.000  0.000  0.000 0.0000000000
1172  0.000  0.000  0.000 0.0000000000
1174  0.000  0.000  0.000 0.0000000000
1178  0.000  0.000  0.000 0.0000000000
1179  0.000  0.000  0.000 0.0000000000
1183  0.000  0.000  0.000 0.0000000000
1187  0.000  0.000  0.000 0.0000000000
1188  0.000  0.000  0.000 0.0000000000
1195  0.000  0.000  0.000 0.0000000000
1196  0.000  0.000  0.000 0.0000000000
1204  0.000  0.000  0.000 0.0000000000
1358  0.000  0.000  0.000 0.0000000000
1362  0.000  0.000  0.000 0.0000000000
1363  0.000  0.000  0.000 0.0000000000
1366  0.000  0.000  0.000 0.0000000000
1367  0.000  0.000  0.000 0.0000000000
1370  0.000  0.000  0.000 0.0000000000
1371  0.000  0.000  0.000 0.0000000000
1373  0.000  0.000  0.000 0.0000000000
1374  0.000  0.000  0.000 0.0000000000
1376  0.000  0.000  0.000 0.0000000000
1377  0.000  0.000  0.000 0.0000000000
1380  0.000  0.000  0.000 0.0000000000
1381  0.000  0.000  0.000 0.0000000000
1382  0.000  0.000  0.000 0.0000000000
1384  0.000  0.000  0.000 0.0000000000
1385  0.000  0.000  0.000 0.0000000000
1386  0.000  0.000  0.000 0.0000000000
1387  0.000  0.000  0.000 0.0000000000
1389  0.000  0.000  0.000 0.0000000000
1390  0.000  0.000  0.000 0.0000000000
1391  0.000  0.000  0.000 0.0000000000
1395  0.000  0.000  0.000 0.0000000000
1426  0.000  0.000  0.000 0.0000000000
1427  0.000  0.000  0.000 0.0000000000
1428  0.000  0.000  0.000 0.0000000000
1429  0.000  0.000  0.000 0.0000000000
1430  0.000  0.000  0.000 0.0000000000
1431  0.000  0.000  0.000 0.0000000000
1432  0.000  0.000  0.000 0.0000000000
1433  0.000  0.000  0.000 0.0000000000
1434  0.000  0.000  0.000 0.0000000000
1435  0.000  0.000  0.000 0.0000000000
1437  0.000  0.000  0.000 0.0000000000
1438  0.000  0.000  0.000 0.0000000000
1442  0.000  0.000  0.000 0.0000000000
1443  0.000  0.000  0.000 0.0000000000
1447  0.000  0.000  0.000 0.0000000000
1448  0.000  0.000  0.000 0.0000000000
1454  0.000  0.000  0.000 0.0000000000
1461  0.000  0.000  0.000 0.0000000000
1690  0.000  0.000  0.000 0.0000000000
1695  0.000  0.000  0.000 0.0000000000
1700  0.000  0.000  0.000 0.0000000000
1701  0.000  0.000  0.000 0.0000000000
1705  0.000  0.000  0.000 0.0000000000
1706  0.000  0.000  0.000 0.0000000000
1708  0.000  0.000  0.000 0.0000000000
1709  0.000  0.000  0.000 0.0000000000
1710  0.000  0.000  0.000 0.0000000000
1712  0.000  0.000  0.000 0.0000000000
1713  0.000  0.000  0.000 0.0000000000
1714  0.000  0.000  0.000 0.0000000000
1715  0.000  0.000  0.000 0.0000000000
1718  0.000  0.000  0.000 0.0000000000
1719  0.000  0.000  0.000 0.0000000000
1720  0.000  0.000  0.000 0.0000000000
1721  0.000  0.000  0.000 0.0000000000
1723  0.000  0.000  0.000 0.0000000000
1724  0.000  0.000  0.000 0.0000000000
1728  0.000  0.000  0.000 0.0000000000
1752  0.000  0.000  0.000 0.0000000000
1753  0.000  0.000  0.000 0.0000000000
1754  0.000  0.000  0.000 0.0000000000
1755  0.000  0.000  0.000 0.0000000000
1756  0.000  0.000  0.000 0.0000000000
1757  0.000  0.000  0.000 0.0000000000
1758  0.000  0.000  0.000 0.0000000000
1759  0.000  0.000  0.000 0.0000000000
1760  0.000  0.000  0.000 0.0000000000
1761  0.000  0.000  0.000 0.0000000000
1763  0.000  0.000  0.000 0.0000000000
1764  0.000  0.000  0.000 0.0000000000
1768  0.000  0.000  0.000 0.0000000000
1769  0.000  0.000  0.000 0.0000000000
1773  0.000  0.000  0.000 0.0000000000
1779  0.000  0.000  0.000 0.0000000000
2016  0.000  0.000  0.000 0.0000000000
2021  0.000  0.000  0.000 0.0000000000
2025  0.000  0.000  0.000 0.0000000000
2026  0.000  0.000  0.000 0.0000000000
2029  0.000  0.000  0.000 0.0000000000
2030  0.000  0.000  0.000 0.0000000000
2033  0.000  0.000  0.000 0.0000000000
2034  0.000  0.000  0.000 0.0000000000
2035  0.000  0.000  0.000 0.0000000000
2037  0.000  0.000  0.000 0.0000000000
2038  0.000  0.000  0.000 0.0000000000
2039  0.000  0.000  0.000 0.0000000000
2042  0.000  0.000  0.000 0.0000000000
2043  0.000  0.000  0.000 0.0000000000
2044  0.000  0.000  0.000 0.0000000000
2047  0.000  0.000  0.000 0.0000000000
2048  0.000  0.000  0.000 0.0000000000
2070  0.000  0.000  0.000 0.0000000000
2071  0.000  0.000  0.000 0.0000000000
2072  0.000  0.000  0.000 0.0000000000
2073  0.000  0.000  0.000 0.0000000000
2074  0.000  0.000  0.000 0.0000000000
2075  0.000  0.000  0.000 0.0000000000
2076  0.000  0.000  0.000 0.0000000000
2077  0.000  0.000  0.000 0.0000000000
2079  0.000  0.000  0.000 0.0000000000
2080  0.000  0.000  0.000 0.0000000000
2081  0.000  0.000  0.000 0.0000000000
2084  0.000  0.000  0.000 0.0000000000
2085  0.000  0.000  0.000 0.0000000000
2089  0.000  0.000  0.000 0.0000000000
2090  0.000  0.000  0.000 0.0000000000
2094  0.000  0.000  0.000 0.0000000000
2101  0.000  0.000  0.000 0.0000000000
2109  0.000  0.000  0.000 0.0000000000
2310  0.000  0.000  0.000 0.0000000000
2314  0.000  0.000  0.000 0.0000000000
2315  0.000  0.000  0.000 0.0000000000
2319  0.000  0.000  0.000 0.0000000000
2320  0.000  0.000  0.000 0.0000000000
2322  0.000  0.000  0.000 0.0000000000
2323  0.000  0.000  0.000 0.0000000000
2324  0.000  0.000  0.000 0.0000000000
2326  0.000  0.000  0.000 0.0000000000
2327  0.000  0.000  0.000 0.0000000000
2328  0.000  0.000  0.000 0.0000000000
2331  0.000  0.000  0.000 0.0000000000
2332  0.000  0.000  0.000 0.0000000000
2333  0.000  0.000  0.000 0.0000000000
2336  0.000  0.000  0.000 0.0000000000
2337  0.000  0.000  0.000 0.0000000000
2358  0.000  0.000  0.000 0.0000000000
2359  0.000  0.000  0.000 0.0000000000
2360  0.000  0.000  0.000 0.0000000000
2361  0.000  0.000  0.000 0.0000000000
2362  0.000  0.000  0.000 0.0000000000
2363  0.000  0.000  0.000 0.0000000000
2364  0.000  0.000  0.000 0.0000000000
2365  0.000  0.000  0.000 0.0000000000
2366  0.000  0.000  0.000 0.0000000000
2367  0.000  0.000  0.000 0.0000000000
2368  0.000  0.000  0.000 0.0000000000
2369  0.000  0.000  0.000 0.0000000000
2370  0.000  0.000  0.000 0.0000000000
2373  0.000  0.000  0.000 0.0000000000
2374  0.000  0.000  0.000 0.0000000000
2378  0.000  0.000  0.000 0.0000000000
2379  0.000  0.000  0.000 0.0000000000
2382  0.000  0.000  0.000 0.0000000000
2391  0.000  0.000  0.000 0.0000000000
2399  0.000  0.000  0.000 0.0000000000
2667  0.000  0.000  0.000 0.0000000000
2668  0.000  0.000  0.000 0.0000000000
2672  0.000  0.000  0.000 0.0000000000
2673  0.000  0.000  0.000 0.0000000000
2675  0.000  0.000  0.000 0.0000000000
2676  0.000  0.000  0.000 0.0000000000
2678  0.000  0.000  0.000 0.0000000000
2679  0.000  0.000  0.000 0.0000000000
2681  0.000  0.000  0.000 0.0000000000
2682  0.000  0.000  0.000 0.0000000000
2683  0.000  0.000  0.000 0.0000000000
2686  0.000  0.000  0.000 0.0000000000
2687  0.000  0.000  0.000 0.0000000000
2688  0.000  0.000  0.000 0.0000000000
2690  0.000  0.000  0.000 0.0000000000
2691  0.000  0.000  0.000 0.0000000000
2709  0.000  0.000  0.000 0.0000000000
2710  0.000  0.000  0.000 0.0000000000
2711  0.000  0.000  0.000 0.0000000000
2712  0.000  0.000  0.000 0.0000000000
2713  0.000  0.000  0.000 0.0000000000
2714  0.000  0.000  0.000 0.0000000000
2715  0.000  0.000  0.000 0.0000000000
2716  0.000  0.000  0.000 0.0000000000
2717  0.000  0.000  0.000 0.0000000000
2718  0.000  0.000  0.000 0.0000000000
2719  0.000  0.000  0.000 0.0000000000
2720  0.000  0.000  0.000 0.0000000000
2721  0.000  0.000  0.000 0.0000000000
2722  0.000  0.000  0.000 0.0000000000
2724  0.000  0.000  0.000 0.0000000000
2725  0.000  0.000  0.000 0.0000000000
2729  0.000  0.000  0.000 0.0000000000
2730  0.000  0.000  0.000 0.0000000000
2733  0.000  0.000  0.000 0.0000000000
2740  0.000  0.000  0.000 0.0000000000
3044  0.000  0.000  0.000 0.0000000000
3045  0.000  0.000  0.000 0.0000000000
3048  0.000  0.000  0.000 0.0000000000
3049  0.000  0.000  0.000 0.0000000000
3051  0.000  0.000  0.000 0.0000000000
3053  0.000  0.000  0.000 0.0000000000
3054  0.000  0.000  0.000 0.0000000000
3057  0.000  0.000  0.000 0.0000000000
3058  0.000  0.000  0.000 0.0000000000
3059  0.000  0.000  0.000 0.0000000000
3061  0.000  0.000  0.000 0.0000000000
3062  0.000  0.000  0.000 0.0000000000
3063  0.000  0.000  0.000 0.0000000000
3065  0.000  0.000  0.000 0.0000000000
3066  0.000  0.000  0.000 0.0000000000
3070  0.000  0.000  0.000 0.0000000000
3085  0.000  0.000  0.000 0.0000000000
3086  0.000  0.000  0.000 0.0000000000
3087  0.000  0.000  0.000 0.0000000000
3088  0.000  0.000  0.000 0.0000000000
3089  0.000  0.000  0.000 0.0000000000
3090  0.000  0.000  0.000 0.0000000000
3091  0.000  0.000  0.000 0.0000000000
3092  0.000  0.000  0.000 0.0000000000
3093  0.000  0.000  0.000 0.0000000000
3094  0.000  0.000  0.000 0.0000000000
3095  0.000  0.000  0.000 0.0000000000
3096  0.000  0.000  0.000 0.0000000000
3097  0.000  0.000  0.000 0.0000000000
3099  0.000  0.000  0.000 0.0000000000
3103  0.000  0.000  0.000 0.0000000000
3104  0.000  0.000  0.000 0.0000000000
3107  0.000  0.000  0.000 0.0000000000
3405  0.000  0.000  0.000 0.0000000000
3408  0.000  0.000  0.000 0.0000000000
3410  0.000  0.000  0.000 0.0000000000
3413  0.000  0.000  0.000 0.0000000000
3414  0.000  0.000  0.000 0.0000000000
3416  0.000  0.000  0.000 0.0000000000
3417  0.000  0.000  0.000 0.0000000000
3419  0.000  0.000  0.000 0.0000000000
3420  0.000  0.000  0.000 0.0000000000
3422  0.000  0.000  0.000 0.0000000000
3438  0.000  0.000  0.000 0.0000000000
3439  0.000  0.000  0.000 0.0000000000
3440  0.000  0.000  0.000 0.0000000000
3441  0.000  0.000  0.000 0.0000000000
3442  0.000  0.000  0.000 0.0000000000
3443  0.000  0.000  0.000 0.0000000000
3444  0.000  0.000  0.000 0.0000000000
3445  0.000  0.000  0.000 0.0000000000
3446  0.000  0.000  0.000 0.0000000000
3447  0.000  0.000  0.000 0.0000000000
3448  0.000  0.000  0.000 0.0000000000
3449  0.000  0.000  0.000 0.0000000000
3450  0.000  0.000  0.000 0.0000000000
3451  0.000  0.000  0.000 0.0000000000
3452  0.000  0.000  0.000 0.0000000000
3453  0.000  0.000  0.000 0.0000000000
3454  0.000  0.000  0.000 0.0000000000
3455  0.000  0.000  0.000 0.0000000000
3456  0.000  0.000  0.000 0.0000000000
3458  0.000  0.000  0.000 0.0000000000
3459  0.000  0.000  0.000 0.0000000000
3463  0.000  0.000  0.000 0.0000000000
3464  0.000  0.000  0.000 0.0000000000
3469  0.000  0.000  0.000 0.0000000000
3871  0.000  0.000  0.000 0.0000000000
3875  0.000  0.000  0.000 0.0000000000
3879  0.000  0.000  0.000 0.0000000000
3882  0.000  0.000  0.000 0.0000000000
3883  0.000  0.000  0.000 0.0000000000
3885  0.000  0.000  0.000 0.0000000000
3886  0.000  0.000  0.000 0.0000000000
3887  0.000  0.000  0.000 0.0000000000
3889  0.000  0.000  0.000 0.0000000000
3890  0.000  0.000  0.000 0.0000000000
3891  0.000  0.000  0.000 0.0000000000
3893  0.000  0.000  0.000 0.0000000000
3894  0.000  0.000  0.000 0.0000000000
3912  0.000  0.000  0.000 0.0000000000
3913  0.000  0.000  0.000 0.0000000000
3914  0.000  0.000  0.000 0.0000000000
3915  0.000  0.000  0.000 0.0000000000
3916  0.000  0.000  0.000 0.0000000000
3917  0.000  0.000  0.000 0.0000000000
3918  0.000  0.000  0.000 0.0000000000
3919  0.000  0.000  0.000 0.0000000000
3920  0.000  0.000  0.000 0.0000000000
3921  0.000  0.000  0.000 0.0000000000
3922  0.000  0.000  0.000 0.0000000000
3923  0.000  0.000  0.000 0.0000000000
3924  0.000  0.000  0.000 0.0000000000
3925  0.000  0.000  0.000 0.0000000000
3926  0.000  0.000  0.000 0.0000000000
3927  0.000  0.000  0.000 0.0000000000
3928  0.000  0.000  0.000 0.0000000000
3929  0.000  0.000  0.000 0.0000000000
3931  0.000  0.000  0.000 0.0000000000
3935  0.000  0.000  0.000 0.0000000000
3936  0.000  0.000  0.000 0.0000000000
3941  0.000  0.000  0.000 0.0000000000
3946  0.000  0.000  0.000 0.0000000000
4324  0.000  0.000  0.000 0.0000000000
4327  0.000  0.000  0.000 0.0000000000
4329  0.000  0.000  0.000 0.0000000000
4330  0.000  0.000  0.000 0.0000000000
4332  0.000  0.000  0.000 0.0000000000
4333  0.000  0.000  0.000 0.0000000000
4334  0.000  0.000  0.000 0.0000000000
4336  0.000  0.000  0.000 0.0000000000
4337  0.000  0.000  0.000 0.0000000000
4338  0.000  0.000  0.000 0.0000000000
4341  0.000  0.000  0.000 0.0000000000
4342  0.000  0.000  0.000 0.0000000000
4358  0.000  0.000  0.000 0.0000000000
4359  0.000  0.000  0.000 0.0000000000
4360  0.000  0.000  0.000 0.0000000000
4361  0.000  0.000  0.000 0.0000000000
4362  0.000  0.000  0.000 0.0000000000
4363  0.000  0.000  0.000 0.0000000000
4364  0.000  0.000  0.000 0.0000000000
4365  0.000  0.000  0.000 0.0000000000
4366  0.000  0.000  0.000 0.0000000000
4367  0.000  0.000  0.000 0.0000000000
4368  0.000  0.000  0.000 0.0000000000
4369  0.000  0.000  0.000 0.0000000000
4372  0.000  0.000  0.000 0.0000000000
4373  0.000  0.000  0.000 0.0000000000
4374  0.000  0.000  0.000 0.0000000000
4377  0.000  0.000  0.000 0.0000000000
4378  0.000  0.000  0.000 0.0000000000
4382  0.000  0.000  0.000 0.0000000000
4383  0.000  0.000  0.000 0.0000000000
4386  0.000  0.000  0.000 0.0000000000
4387  0.000  0.000  0.000 0.0000000000
4392  0.000  0.000  0.000 0.0000000000
4718  0.000  0.000  0.000 0.0000000000
4721  0.000  0.000  0.000 0.0000000000
4724  0.000  0.000  0.000 0.0000000000
4726  0.000  0.000  0.000 0.0000000000
4727  0.000  0.000  0.000 0.0000000000
4729  0.000  0.000  0.000 0.0000000000
4730  0.000  0.000  0.000 0.0000000000
4731  0.000  0.000  0.000 0.0000000000
4734  0.000  0.000  0.000 0.0000000000
4735  0.000  0.000  0.000 0.0000000000
4736  0.000  0.000  0.000 0.0000000000
4740  0.000  0.000  0.000 0.0000000000
4741  0.000  0.000  0.000 0.0000000000
4756  0.000  0.000  0.000 0.0000000000
4757  0.000  0.000  0.000 0.0000000000
4758  0.000  0.000  0.000 0.0000000000
4759  0.000  0.000  0.000 0.0000000000
4760  0.000  0.000  0.000 0.0000000000
4761  0.000  0.000  0.000 0.0000000000
4762  0.000  0.000  0.000 0.0000000000
4763  0.000  0.000  0.000 0.0000000000
4764  0.000  0.000  0.000 0.0000000000
4765  0.000  0.000  0.000 0.0000000000
4766  0.000  0.000  0.000 0.0000000000
4769  0.000  0.000  0.000 0.0000000000
4774  0.000  0.000  0.000 0.0000000000
4775  0.000  0.000  0.000 0.0000000000
4778  0.000  0.000  0.000 0.0000000000
4779  0.000  0.000  0.000 0.0000000000
4782  0.000  0.000  0.000 0.0000000000
4783  0.000  0.000  0.000 0.0000000000
4788  0.000  0.000  0.000 0.0000000000
4794  0.000  0.000  0.000 0.0000000000
5135  0.000  0.000  0.000 0.0000000000
5137  0.000  0.000  0.000 0.0000000000
5139  0.000  0.000  0.000 0.0000000000
5140  0.000  0.000  0.000 0.0000000000
5142  0.000  0.000  0.000 0.0000000000
5143  0.000  0.000  0.000 0.0000000000
5144  0.000  0.000  0.000 0.0000000000
5146  0.000  0.000  0.000 0.0000000000
5147  0.000  0.000  0.000 0.0000000000
5148  0.000  0.000  0.000 0.0000000000
5164  0.000  0.000  0.000 0.0000000000
5165  0.000  0.000  0.000 0.0000000000
5166  0.000  0.000  0.000 0.0000000000
5167  0.000  0.000  0.000 0.0000000000
5168  0.000  0.000  0.000 0.0000000000
5169  0.000  0.000  0.000 0.0000000000
5170  0.000  0.000  0.000 0.0000000000
5171  0.000  0.000  0.000 0.0000000000
5172  0.000  0.000  0.000 0.0000000000
5173  0.000  0.000  0.000 0.0000000000
5174  0.000  0.000  0.000 0.0000000000
5175  0.000  0.000  0.000 0.0000000000
5177  0.000  0.000  0.000 0.0000000000
5181  0.000  0.000  0.000 0.0000000000
5184  0.000  0.000  0.000 0.0000000000
5185  0.000  0.000  0.000 0.0000000000
5188  0.000  0.000  0.000 0.0000000000
5189  0.000  0.000  0.000 0.0000000000
5195  0.000  0.000  0.000 0.0000000000
5196  0.000  0.000  0.000 0.0000000000
5202  0.000  0.000  0.000 0.0000000000
5548  0.000  0.000  0.000 0.0000000000
5550  0.000  0.000  0.000 0.0000000000
5552  0.000  0.000  0.000 0.0000000000
5553  0.000  0.000  0.000 0.0000000000
5556  0.000  0.000  0.000 0.0000000000
5557  0.000  0.000  0.000 0.0000000000
5558  0.000  0.000  0.000 0.0000000000
5559  0.000  0.000  0.000 0.0000000000
5562  0.000  0.000  0.000 0.0000000000
5563  0.000  0.000  0.000 0.0000000000
5578  0.000  0.000  0.000 0.0000000000
5579  0.000  0.000  0.000 0.0000000000
5580  0.000  0.000  0.000 0.0000000000
5581  0.000  0.000  0.000 0.0000000000
5582  0.000  0.000  0.000 0.0000000000
5583  0.000  0.000  0.000 0.0000000000
5584  0.000  0.000  0.000 0.0000000000
5585  0.000  0.000  0.000 0.0000000000
5586  0.000  0.000  0.000 0.0000000000
5587  0.000  0.000  0.000 0.0000000000
5588  0.000  0.000  0.000 0.0000000000
5589  0.000  0.000  0.000 0.0000000000
5590  0.000  0.000  0.000 0.0000000000
5592  0.000  0.000  0.000 0.0000000000
5593  0.000  0.000  0.000 0.0000000000
5597  0.000  0.000  0.000 0.0000000000
5601  0.000  0.000  0.000 0.0000000000
5602  0.000  0.000  0.000 0.0000000000
5605  0.000  0.000  0.000 0.0000000000
5606  0.000  0.000  0.000 0.0000000000
5609  0.000  0.000  0.000 0.0000000000
5610  0.000  0.000  0.000 0.0000000000
5615  0.000  0.000  0.000 0.0000000000
5620  0.000  0.000  0.000 0.0000000000
5963  0.000  0.000  0.000 0.0000000000
5969  0.000  0.000  0.000 0.0000000000
5970  0.000  0.000  0.000 0.0000000000
5974  0.000  0.000  0.000 0.0000000000
5975  0.000  0.000  0.000 0.0000000000
5978  0.000  0.000  0.000 0.0000000000
5979  0.000  0.000  0.000 0.0000000000
5980  0.000  0.000  0.000 0.0000000000
5982  0.000  0.000  0.000 0.0000000000
5983  0.000  0.000  0.000 0.0000000000
5984  0.000  0.000  0.000 0.0000000000
5985  0.000  0.000  0.000 0.0000000000
6000  0.000  0.000  0.000 0.0000000000
6001  0.000  0.000  0.000 0.0000000000
6002  0.000  0.000  0.000 0.0000000000
6003  0.000  0.000  0.000 0.0000000000
6004  0.000  0.000  0.000 0.0000000000
6005  0.000  0.000  0.000 0.0000000000
6006  0.000  0.000  0.000 0.0000000000
6007  0.000  0.000  0.000 0.0000000000
6008  0.000  0.000  0.000 0.0000000000
6009  0.000  0.000  0.000 0.0000000000
6010  0.000  0.000  0.000 0.0000000000
6012  0.000  0.000  0.000 0.0000000000
6013  0.000  0.000  0.000 0.0000000000
6016  0.000  0.000  0.000 0.0000000000
6017  0.000  0.000  0.000 0.0000000000
6020  0.000  0.000  0.000 0.0000000000
6023  0.000  0.000  0.000 0.0000000000
6024  0.000  0.000  0.000 0.0000000000
6026  0.000  0.000  0.000 0.0000000000
6027  0.000  0.000  0.000 0.0000000000
6033  0.000  0.000  0.000 0.0000000000
6034  0.000  0.000  0.000 0.0000000000
6041  0.000  0.000  0.000 0.0000000000
6394  0.000  0.000  0.000 0.0000000000
6395  0.000  0.000  0.000 0.0000000000
6404  0.000  0.000  0.000 0.0000000000
6405  0.000  0.000  0.000 0.0000000000
6413  0.000  0.000  0.000 0.0000000000
6414  0.000  0.000  0.000 0.0000000000
6422  0.000  0.000  0.000 0.0000000000
6423  0.000  0.000  0.000 0.0000000000
6430  0.000  0.000  0.000 0.0000000000
6431  0.000  0.000  0.000 0.0000000000
6432  0.000  0.000  0.000 0.0000000000
6433  0.000  0.000  0.000 0.0000000000
6438  0.000  0.000  0.000 0.0000000000
6439  0.000  0.000  0.000 0.0000000000
6440  0.000  0.000  0.000 0.0000000000
6461  0.000  0.000  0.000 0.0000000000
6462  0.000  0.000  0.000 0.0000000000
6463  0.000  0.000  0.000 0.0000000000
6464  0.000  0.000  0.000 0.0000000000
6465  0.000  0.000  0.000 0.0000000000
6466  0.000  0.000  0.000 0.0000000000
6467  0.000  0.000  0.000 0.0000000000
6468  0.000  0.000  0.000 0.0000000000
6469  0.000  0.000  0.000 0.0000000000
6470  0.000  0.000  0.000 0.0000000000
6471  0.000  0.000  0.000 0.0000000000
6472  0.000  0.000  0.000 0.0000000000
6474  0.000  0.000  0.000 0.0000000000
6478  0.000  0.000  0.000 0.0000000000
6479  0.000  0.000  0.000 0.0000000000
6483  0.000  0.000  0.000 0.0000000000
6484  0.000  0.000  0.000 0.0000000000
6487  0.000  0.000  0.000 0.0000000000
6488  0.000  0.000  0.000 0.0000000000
6491  0.000  0.000  0.000 0.0000000000
6492  0.000  0.000  0.000 0.0000000000
6497  0.000  0.000  0.000 0.0000000000
6498  0.000  0.000  0.000 0.0000000000
6504  0.000  0.000  0.000 0.0000000000
6913  0.000  0.000  0.000 0.0000000000
6921  0.000  0.000  0.000 0.0000000000
6930  0.000  0.000  0.000 0.0000000000
6938  0.000  0.000  0.000 0.0000000000
6939  0.000  0.000  0.000 0.0000000000
6947  0.000  0.000  0.000 0.0000000000
6948  0.000  0.000  0.000 0.0000000000
6949  0.000  0.000  0.000 0.0000000000
6957  0.000  0.000  0.000 0.0000000000
6958  0.000  0.000  0.000 0.0000000000
6959  0.000  0.000  0.000 0.0000000000
6960  0.000  0.000  0.000 0.0000000000
6961  0.000  0.000  0.000 0.0000000000
6970  0.000  0.000  0.000 0.0000000000
6971  0.000  0.000  0.000 0.0000000000
6972  0.000  0.000  0.000 0.0000000000
7021  0.000  0.000  0.000 0.0000000000
7022  0.000  0.000  0.000 0.0000000000
7023  0.000  0.000  0.000 0.0000000000
7024  0.000  0.000  0.000 0.0000000000
7025  0.000  0.000  0.000 0.0000000000
7026  0.000  0.000  0.000 0.0000000000
7027  0.000  0.000  0.000 0.0000000000
7028  0.000  0.000  0.000 0.0000000000
7030  0.000  0.000  0.000 0.0000000000
7033  0.000  0.000  0.000 0.0000000000
7036  0.000  0.000  0.000 0.0000000000
7037  0.000  0.000  0.000 0.0000000000
7040  0.000  0.000  0.000 0.0000000000
7041  0.000  0.000  0.000 0.0000000000
7043  0.000  0.000  0.000 0.0000000000
7044  0.000  0.000  0.000 0.0000000000
7047  0.000  0.000  0.000 0.0000000000
7048  0.000  0.000  0.000 0.0000000000
7053  0.000  0.000  0.000 0.0000000000
7054  0.000  0.000  0.000 0.0000000000
7450  0.000  0.000  0.000 0.0000000000
7459  0.000  0.000  0.000 0.0000000000
7466  0.000  0.000  0.000 0.0000000000
7472  0.000  0.000  0.000 0.0000000000
7473  0.000  0.000  0.000 0.0000000000
7479  0.000  0.000  0.000 0.0000000000
7480  0.000  0.000  0.000 0.0000000000
7481  0.000  0.000  0.000 0.0000000000
7482  0.000  0.000  0.000 0.0000000000
7490  0.000  0.000  0.000 0.0000000000
7491  0.000  0.000  0.000 0.0000000000
7492  0.000  0.000  0.000 0.0000000000
7493  0.000  0.000  0.000 0.0000000000
7494  0.000  0.000  0.000 0.0000000000
7591  0.000  0.000  0.000 0.0000000000
7592  0.000  0.000  0.000 0.0000000000
7593  0.000  0.000  0.000 0.0000000000
7594  0.000  0.000  0.000 0.0000000000
7595  0.000  0.000  0.000 0.0000000000
7596  0.000  0.000  0.000 0.0000000000
7597  0.000  0.000  0.000 0.0000000000
7598  0.000  0.000  0.000 0.0000000000
7600  0.000  0.000  0.000 0.0000000000
7604  0.000  0.000  0.000 0.0000000000
7608  0.000  0.000  0.000 0.0000000000
7609  0.000  0.000  0.000 0.0000000000
7613  0.000  0.000  0.000 0.0000000000
7614  0.000  0.000  0.000 0.0000000000
7617  0.000  0.000  0.000 0.0000000000
7618  0.000  0.000  0.000 0.0000000000
7620  0.000  0.000  0.000 0.0000000000
7623  0.000  0.000  0.000 0.0000000000
7624  0.000  0.000  0.000 0.0000000000
8032  0.000  0.000  0.000 0.0000000000
8042  0.000  0.000  0.000 0.0000000000
8051  0.000  0.000  0.000 0.0000000000
8059  0.000  0.000  0.000 0.0000000000
8060  0.000  0.000  0.000 0.0000000000
8068  0.000  0.000  0.000 0.0000000000
8069  0.000  0.000  0.000 0.0000000000
8070  0.000  0.000  0.000 0.0000000000
8071  0.000  0.000  0.000 0.0000000000
8072  0.000  0.000  0.000 0.0000000000
8073  0.000  0.000  0.000 0.0000000000
8081  0.000  0.000  0.000 0.0000000000
8082  0.000  0.000  0.000 0.0000000000
8083  0.000  0.000  0.000 0.0000000000
8161  0.000  0.000  0.000 0.0000000000
8162  0.000  0.000  0.000 0.0000000000
8163  0.000  0.000  0.000 0.0000000000
8164  0.000  0.000  0.000 0.0000000000
8165  0.000  0.000  0.000 0.0000000000
8169  0.000  0.000  0.000 0.0000000000
8172  0.000  0.000  0.000 0.0000000000
8175  0.000  0.000  0.000 0.0000000000
8176  0.000  0.000  0.000 0.0000000000
8179  0.000  0.000  0.000 0.0000000000
8181  0.000  0.000  0.000 0.0000000000
8182  0.000  0.000  0.000 0.0000000000
8603  0.000  0.000  0.000 0.0000000000
8604  0.000  0.000  0.000 0.0000000000
8613  0.000  0.000  0.000 0.0000000000
8614  0.000  0.000  0.000 0.0000000000
8622  0.000  0.000  0.000 0.0000000000
8623  0.000  0.000  0.000 0.0000000000
8632  0.000  0.000  0.000 0.0000000000
8633  0.000  0.000  0.000 0.0000000000
8634  0.000  0.000  0.000 0.0000000000
8643  0.000  0.000  0.000 0.0000000000
8644  0.000  0.000  0.000 0.0000000000
8645  0.000  0.000  0.000 0.0000000000
8646  0.000  0.000  0.000 0.0000000000
8647  0.000  0.000  0.000 0.0000000000
8738  0.000  0.000  0.000 0.0000000000
8739  0.000  0.000  0.000 0.0000000000
8740  0.000  0.000  0.000 0.0000000000
8741  0.000  0.000  0.000 0.0000000000
8742  0.000  0.000  0.000 0.0000000000
8743  0.000  0.000  0.000 0.0000000000
8744  0.000  0.000  0.000 0.0000000000
8745  0.000  0.000  0.000 0.0000000000
8747  0.000  0.000  0.000 0.0000000000
8751  0.000  0.000  0.000 0.0000000000
8754  0.000  0.000  0.000 0.0000000000
8755  0.000  0.000  0.000 0.0000000000
8758  0.000  0.000  0.000 0.0000000000
8759  0.000  0.000  0.000 0.0000000000
8762  0.000  0.000  0.000 0.0000000000
8765  0.000  0.000  0.000 0.0000000000
9171  0.000  0.000  0.000 0.0000000000
9184  0.000  0.000  0.000 0.0000000000
9185  0.000  0.000  0.000 0.0000000000
9198  0.000  0.000  0.000 0.0000000000
9199  0.000  0.000  0.000 0.0000000000
9211  0.000  0.000  0.000 0.0000000000
9212  0.000  0.000  0.000 0.0000000000
9213  0.000  0.000  0.000 0.0000000000
9214  0.000  0.000  0.000 0.0000000000
9215  0.000  0.000  0.000 0.0000000000
9226  0.000  0.000  0.000 0.0000000000
9227  0.000  0.000  0.000 0.0000000000
9228  0.000  0.000  0.000 0.0000000000
9229  0.000  0.000  0.000 0.0000000000
9316  0.000  0.000  0.000 0.0000000000
9317  0.000  0.000  0.000 0.0000000000
9318  0.000  0.000  0.000 0.0000000000
9319  0.000  0.000  0.000 0.0000000000
9320  0.000  0.000  0.000 0.0000000000
9321  0.000  0.000  0.000 0.0000000000
9323  0.000  0.000  0.000 0.0000000000
9327  0.000  0.000  0.000 0.0000000000
9330  0.000  0.000  0.000 0.0000000000
9333  0.000  0.000  0.000 0.0000000000
9334  0.000  0.000  0.000 0.0000000000
9337  0.000  0.000  0.000 0.0000000000
9743  0.000  0.000  0.000 0.0000000000
9754  0.000  0.000  0.000 0.0000000000
9755  0.000  0.000  0.000 0.0000000000
9768  0.000  0.000  0.000 0.0000000000
9769  0.000  0.000  0.000 0.0000000000
9779  0.000  0.000  0.000 0.0000000000
9780  0.000  0.000  0.000 0.0000000000
9781  0.000  0.000  0.000 0.0000000000
9782  0.000  0.000  0.000 0.0000000000
9796  0.000  0.000  0.000 0.0000000000
9797  0.000  0.000  0.000 0.0000000000
9896  0.000  0.000  0.000 0.0000000000
9897  0.000  0.000  0.000 0.0000000000
9898  0.000  0.000  0.000 0.0000000000
9899  0.000  0.000  0.000 0.0000000000
9900  0.000  0.000  0.000 0.0000000000
9901  0.000  0.000  0.000 0.0000000000
9902  0.000  0.000  0.000 0.0000000000
9903  0.000  0.000  0.000 0.0000000000
9905  0.000  0.000  0.000 0.0000000000
9908  0.000  0.000  0.000 0.0000000000
9911  0.000  0.000  0.000 0.0000000000
9914  0.000  0.000  0.000 0.0000000000
9915  0.000  0.000  0.000 0.0000000000
10351  0.000  0.000  0.000 0.0000000000
10352  0.000  0.000  0.000 0.0000000000
10360  0.000  0.000  0.000 0.0000000000
10456  0.000  0.000  0.000 0.0000000000
10457  0.000  0.000  0.000 0.0000000000
10458  0.000  0.000  0.000 0.0000000000
10459  0.000  0.000  0.000 0.0000000000
10460  0.000  0.000  0.000 0.0000000000
10461  0.000  0.000  0.000 0.0000000000
10462  0.000  0.000  0.000 0.0000000000
10463  0.000  0.000  0.000 0.0000000000
10464  0.000  0.000  0.000 0.0000000000
10465  0.000  0.000  0.000 0.0000000000
10466  0.000  0.000  0.000 0.0000000000
10469  0.000  0.000  0.000 0.0000000000
10470  0.000  0.000  0.000 0.0000000000
10474  0.000  0.000  0.000 0.0000000000
10477  0.000  0.000  0.000 0.0000000000
10481  0.000  0.000  0.000 0.0000000000
11018  0.000  0.000  0.000 0.0000000000
11019  0.000  0.000  0.000 0.0000000000
11020  0.000  0.000  0.000 0.0000000000
11021  0.000  0.000  0.000 0.0000000000
11022  0.000  0.000  0.000 0.0000000000
11023  0.000  0.000  0.000 0.0000000000
11024  0.000  0.000  0.000 0.0000000000
11025  0.000  0.000  0.000 0.0000000000
11026  0.000  0.000  0.000 0.0000000000
11027  0.000  0.000  0.000 0.0000000000
11028  0.000  0.000  0.000 0.0000000000
11031  0.000  0.000  0.000 0.0000000000
11032  0.000  0.000  0.000 0.0000000000
11035  0.000  0.000  0.000 0.0000000000
11037  0.000  0.000  0.000 0.0000000000
11595  0.000  0.000  0.000 0.0000000000
11596  0.000  0.000  0.000 0.0000000000
11597  0.000  0.000  0.000 0.0000000000
11598  0.000  0.000  0.000 0.0000000000
11599  0.000  0.000  0.000 0.0000000000
11600  0.000  0.000  0.000 0.0000000000
11601  0.000  0.000  0.000 0.0000000000
11602  0.000  0.000  0.000 0.0000000000
11603  0.000  0.000  0.000 0.0000000000
11604  0.000  0.000  0.000 0.0000000000
11605  0.000  0.000  0.000 0.0000000000
11606  0.000  0.000  0.000 0.0000000000
11607  0.000  0.000  0.000 0.0000000000
11608  0.000  0.000  0.000 0.0000000000
11610  0.000  0.000  0.000 0.0000000000
11614  0.000  0.000  0.000 0.0000000000
11615  0.000  0.000  0.000 0.0000000000
11618  0.000  0.000  0.000 0.0000000000
11621  0.000  0.000  0.000 0.0000000000
12188  0.000  0.000  0.000 0.0000000000
12189  0.000  0.000  0.000 0.0000000000
12190  0.000  0.000  0.000 0.0000000000
12191  0.000  0.000  0.000 0.0000000000
12192  0.000  0.000  0.000 0.0000000000
12193  0.000  0.000  0.000 0.0000000000
12194  0.000  0.000  0.000 0.0000000000
12195  0.000  0.000  0.000 0.0000000000
12196  0.000  0.000  0.000 0.0000000000
12197  0.000  0.000  0.000 0.0000000000
12198  0.000  0.000  0.000 0.0000000000
12199  0.000  0.000  0.000 0.0000000000
12200  0.000  0.000  0.000 0.0000000000
12203  0.000  0.000  0.000 0.0000000000
12204  0.000  0.000  0.000 0.0000000000
12808  0.000  0.000  0.000 0.0000000000
12809  0.000  0.000  0.000 0.0000000000
12810  0.000  0.000  0.000 0.0000000000
12811  0.000  0.000  0.000 0.0000000000
12812  0.000  0.000  0.000 0.0000000000
12813  0.000  0.000  0.000 0.0000000000
12814  0.000  0.000  0.000 0.0000000000
12815  0.000  0.000  0.000 0.0000000000
12816  0.000  0.000  0.000 0.0000000000
12817  0.000  0.000  0.000 0.0000000000
12818  0.000  0.000  0.000 0.0000000000
12819  0.000  0.000  0.000 0.0000000000
12820  0.000  0.000  0.000 0.0000000000
12821  0.000  0.000  0.000 0.0000000000
12822  0.000  0.000  0.000 0.0000000000
12823  0.000  0.000  0.000 0.0000000000
12826  0.000  0.000  0.000 0.0000000000
12829  0.000  0.000  0.000 0.0000000000
12830  0.000  0.000  0.000 0.0000000000
13456  0.000  0.000  0.000 0.0000000000
13457  0.000  0.000  0.000 0.0000000000
13458  0.000  0.000  0.000 0.0000000000
13459  0.000  0.000  0.000 0.0000000000
13460  0.000  0.000  0.000 0.0000000000
13461  0.000  0.000  0.000 0.0000000000
13462  0.000  0.000  0.000 0.0000000000
13463  0.000  0.000  0.000 0.0000000000
13464  0.000  0.000  0.000 0.0000000000
13465  0.000  0.000  0.000 0.0000000000
13466  0.000  0.000  0.000 0.0000000000
13467  0.000  0.000  0.000 0.0000000000
13468  0.000  0.000  0.000 0.0000000000
13471  0.000  0.000  0.000 0.0000000000
13473  0.000  0.000  0.000 0.0000000000
14114  0.000  0.000  0.000 0.0000000000
14115  0.000  0.000  0.000 0.0000000000
14116  0.000  0.000  0.000 0.0000000000
14117  0.000  0.000  0.000 0.0000000000
14118  0.000  0.000  0.000 0.0000000000
14119  0.000  0.000  0.000 0.0000000000
14120  0.000  0.000  0.000 0.0000000000
14121  0.000  0.000  0.000 0.0000000000
14122  0.000  0.000  0.000 0.0000000000
14123  0.000  0.000  0.000 0.0000000000
14124  0.000  0.000  0.000 0.0000000000
14126  0.000  0.000  0.000 0.0000000000
14129  0.000  0.000  0.000 0.0000000000
14132  0.000  0.000  0.000 0.0000000000
14764  0.000  0.000  0.000 0.0000000000
14765  0.000  0.000  0.000 0.0000000000
14766  0.000  0.000  0.000 0.0000000000
14767  0.000  0.000  0.000 0.0000000000
14768  0.000  0.000  0.000 0.0000000000
14769  0.000  0.000  0.000 0.0000000000
14770  0.000  0.000  0.000 0.0000000000
14771  0.000  0.000  0.000 0.0000000000
14772  0.000  0.000  0.000 0.0000000000
14773  0.000  0.000  0.000 0.0000000000
14774  0.000  0.000  0.000 0.0000000000
14776  0.000  0.000  0.000 0.0000000000
14777  0.000  0.000  0.000 0.0000000000
14779  0.000  0.000  0.000 0.0000000000
14782  0.000  0.000  0.000 0.0000000000
14785  0.000  0.000  0.000 0.0000000000
15413  0.000  0.000  0.000 0.0000000000
15414  0.000  0.000  0.000 0.0000000000
15415  0.000  0.000  0.000 0.0000000000
15416  0.000  0.000  0.000 0.0000000000
15417  0.000  0.000  0.000 0.0000000000
15418  0.000  0.000  0.000 0.0000000000
15419  0.000  0.000  0.000 0.0000000000
15420  0.000  0.000  0.000 0.0000000000
15421  0.000  0.000  0.000 0.0000000000
15422  0.000  0.000  0.000 0.0000000000
15423  0.000  0.000  0.000 0.0000000000
15424  0.000  0.000  0.000 0.0000000000
15427  0.000  0.000  0.000 0.0000000000
15428  0.000  0.000  0.000 0.0000000000
15431  0.000  0.000  0.000 0.0000000000
15434  0.000  0.000  0.000 0.0000000000
15435  0.000  0.000  0.000 0.0000000000
15438  0.000  0.000  0.000 0.0000000000
16091  0.000  0.000  0.000 0.0000000000
16092  0.000  0.000  0.000 0.0000000000
16093  0.000  0.000  0.000 0.0000000000
16094  0.000  0.000  0.000 0.0000000000
16095  0.000  0.000  0.000 0.0000000000
16096  0.000  0.000  0.000 0.0000000000
16097  0.000  0.000  0.000 0.0000000000
16098  0.000  0.000  0.000 0.0000000000
16099  0.000  0.000  0.000 0.0000000000
16100  0.000  0.000  0.000 0.0000000000
16101  0.000  0.000  0.000 0.0000000000
16104  0.000  0.000  0.000 0.0000000000
16105  0.000  0.000  0.000 0.0000000000
16108  0.000  0.000  0.000 0.0000000000
16110  0.000  0.000  0.000 0.0000000000
16111  0.000  0.000  0.000 0.0000000000
16789  0.000  0.000  0.000 0.0000000000
16790  0.000  0.000  0.000 0.0000000000
16791  0.000  0.000  0.000 0.0000000000
16792  0.000  0.000  0.000 0.0000000000
16793  0.000  0.000  0.000 0.0000000000
16794  0.000  0.000  0.000 0.0000000000
16795  0.000  0.000  0.000 0.0000000000
16796  0.000  0.000  0.000 0.0000000000
16797  0.000  0.000  0.000 0.0000000000
16798  0.000  0.000  0.000 0.0000000000
16799  0.000  0.000  0.000 0.0000000000
16802  0.000  0.000  0.000 0.0000000000
16805  0.000  0.000  0.000 0.0000000000
16806  0.000  0.000  0.000 0.0000000000
16809  0.000  0.000  0.000 0.0000000000
16811  0.000  0.000  0.000 0.0000000000
16812  0.000  0.000  0.000 0.0000000000
17515  0.000  0.000  0.000 0.0000000000
17516  0.000  0.000  0.000 0.0000000000
17517  0.000  0.000  0.000 0.0000000000
17519  0.000  0.000  0.000 0.0000000000
17520  0.000  0.000  0.000 0.0000000000
17524  0.000  0.000  0.000 0.0000000000
17525  0.000  0.000  0.000 0.0000000000
17529  0.000  0.000  0.000 0.0000000000
17532  0.000  0.000  0.000 0.0000000000
17533  0.000  0.000  0.000 0.0000000000
17536  0.000  0.000  0.000 0.0000000000
17538  0.000  0.000  0.000 0.0000000000
17539  0.000  0.000  0.000 0.0000000000
18258  0.000  0.000  0.000 0.0000000000
18259  0.000  0.000  0.000 0.0000000000
18260  0.000  0.000  0.000 0.0000000000
18261  0.000  0.000  0.000 0.0000000000
18262  0.000  0.000  0.000 0.0000000000
18263  0.000  0.000  0.000 0.0000000000
18264  0.000  0.000  0.000 0.0000000000
18265  0.000  0.000  0.000 0.0000000000
18266  0.000  0.000  0.000 0.0000000000
18267  0.000  0.000  0.000 0.0000000000
18269  0.000  0.000  0.000 0.0000000000
18270  0.000  0.000  0.000 0.0000000000
18274  0.000  0.000  0.000 0.0000000000
18277  0.000  0.000  0.000 0.0000000000
18278  0.000  0.000  0.000 0.0000000000
18280  0.000  0.000  0.000 0.0000000000
18281  0.000  0.000  0.000 0.0000000000
18284  0.000  0.000  0.000 0.0000000000
18286  0.000  0.000  0.000 0.0000000000
18287  0.000  0.000  0.000 0.0000000000
19007  0.000  0.000  0.000 0.0000000000
19008  0.000  0.000  0.000 0.0000000000
19009  0.000  0.000  0.000 0.0000000000
19010  0.000  0.000  0.000 0.0000000000
19011  0.000  0.000  0.000 0.0000000000
19012  0.000  0.000  0.000 0.0000000000
19013  0.000  0.000  0.000 0.0000000000
19015  0.000  0.000  0.000 0.0000000000
19016  0.000  0.000  0.000 0.0000000000
19019  0.000  0.000  0.000 0.0000000000
19020  0.000  0.000  0.000 0.0000000000
19023  0.000  0.000  0.000 0.0000000000
19026  0.000  0.000  0.000 0.0000000000
19027  0.000  0.000  0.000 0.0000000000
19029  0.000  0.000  0.000 0.0000000000
19032  0.000  0.000  0.000 0.0000000000
19034  0.000  0.000  0.000 0.0000000000
19035  0.000  0.000  0.000 0.0000000000
19768  0.000  0.000  0.000 0.0000000000
19769  0.000  0.000  0.000 0.0000000000
19770  0.000  0.000  0.000 0.0000000000
19771  0.000  0.000  0.000 0.0000000000
19772  0.000  0.000  0.000 0.0000000000
19773  0.000  0.000  0.000 0.0000000000
19776  0.000  0.000  0.000 0.0000000000
19777  0.000  0.000  0.000 0.0000000000
19779  0.000  0.000  0.000 0.0000000000
19780  0.000  0.000  0.000 0.0000000000
19783  0.000  0.000  0.000 0.0000000000
19786  0.000  0.000  0.000 0.0000000000
19787  0.000  0.000  0.000 0.0000000000
19789  0.000  0.000  0.000 0.0000000000
19792  0.000  0.000  0.000 0.0000000000
19794  0.000  0.000  0.000 0.0000000000
19795  0.000  0.000  0.000 0.0000000000
20562  0.000  0.000  0.000 0.0000000000
20563  0.000  0.000  0.000 0.0000000000
20564  0.000  0.000  0.000 0.0000000000
20565  0.000  0.000  0.000 0.0000000000
20566  0.000  0.000  0.000 0.0000000000
20569  0.000  0.000  0.000 0.0000000000
20570  0.000  0.000  0.000 0.0000000000
20572  0.000  0.000  0.000 0.0000000000
20573  0.000  0.000  0.000 0.0000000000
20576  0.000  0.000  0.000 0.0000000000
20579  0.000  0.000  0.000 0.0000000000
20580  0.000  0.000  0.000 0.0000000000
20582  0.000  0.000  0.000 0.0000000000
20585  0.000  0.000  0.000 0.0000000000
20586  0.000  0.000  0.000 0.0000000000
20588  0.000  0.000  0.000 0.0000000000
20589  0.000  0.000  0.000 0.0000000000
20592  0.000  0.000  0.000 0.0000000000
21392  0.000  0.000  0.000 0.0000000000
21393  0.000  0.000  0.000 0.0000000000
21394  0.000  0.000  0.000 0.0000000000
21395  0.000  0.000  0.000 0.0000000000
21396  0.000  0.000  0.000 0.0000000000
21397  0.000  0.000  0.000 0.0000000000
21398  0.000  0.000  0.000 0.0000000000
21399  0.000  0.000  0.000 0.0000000000
21402  0.000  0.000  0.000 0.0000000000
21403  0.000  0.000  0.000 0.0000000000
21406  0.000  0.000  0.000 0.0000000000
21409  0.000  0.000  0.000 0.0000000000
21412  0.000  0.000  0.000 0.0000000000
21413  0.000  0.000  0.000 0.0000000000
21415  0.000  0.000  0.000 0.0000000000
21416  0.000  0.000  0.000 0.0000000000
21419  0.000  0.000  0.000 0.0000000000
21420  0.000  0.000  0.000 0.0000000000
21422  0.000  0.000  0.000 0.0000000000
21423  0.000  0.000  0.000 0.0000000000
21426  0.000  0.000  0.000 0.0000000000
22257  0.000  0.000  0.000 0.0000000000
22258  0.000  0.000  0.000 0.0000000000
22259  0.000  0.000  0.000 0.0000000000
22260  0.000  0.000  0.000 0.0000000000
22261  0.000  0.000  0.000 0.0000000000
22262  0.000  0.000  0.000 0.0000000000
22263  0.000  0.000  0.000 0.0000000000
22265  0.000  0.000  0.000 0.0000000000
22266  0.000  0.000  0.000 0.0000000000
22269  0.000  0.000  0.000 0.0000000000
22272  0.000  0.000  0.000 0.0000000000
22275  0.000  0.000  0.000 0.0000000000
22277  0.000  0.000  0.000 0.0000000000
22278  0.000  0.000  0.000 0.0000000000
22281  0.000  0.000  0.000 0.0000000000
22283  0.000  0.000  0.000 0.0000000000
22284  0.000  0.000  0.000 0.0000000000
23084  0.000  0.000  0.000 0.0000000000
23085  0.000  0.000  0.000 0.0000000000
23086  0.000  0.000  0.000 0.0000000000
23087  0.000  0.000  0.000 0.0000000000
23088  0.000  0.000  0.000 0.0000000000
23089  0.000  0.000  0.000 0.0000000000
23090  0.000  0.000  0.000 0.0000000000
23092  0.000  0.000  0.000 0.0000000000
23093  0.000  0.000  0.000 0.0000000000
23096  0.000  0.000  0.000 0.0000000000
23099  0.000  0.000  0.000 0.0000000000
23102  0.000  0.000  0.000 0.0000000000
23104  0.000  0.000  0.000 0.0000000000
23105  0.000  0.000  0.000 0.0000000000
23108  0.000  0.000  0.000 0.0000000000
23110  0.000  0.000  0.000 0.0000000000
23856  0.000  0.000  0.000 0.0000000000
23857  0.000  0.000  0.000 0.0000000000
23858  0.000  0.000  0.000 0.0000000000
23859  0.000  0.000  0.000 0.0000000000
23860  0.000  0.000  0.000 0.0000000000
23861  0.000  0.000  0.000 0.0000000000
23862  0.000  0.000  0.000 0.0000000000
23863  0.000  0.000  0.000 0.0000000000
23864  0.000  0.000  0.000 0.0000000000
23865  0.000  0.000  0.000 0.0000000000
23867  0.000  0.000  0.000 0.0000000000
23868  0.000  0.000  0.000 0.0000000000
23871  0.000  0.000  0.000 0.0000000000
23874  0.000  0.000  0.000 0.0000000000
23877  0.000  0.000  0.000 0.0000000000
23880  0.000  0.000  0.000 0.0000000000
23881  0.000  0.000  0.000 0.0000000000
23884  0.000  0.000  0.000 0.0000000000
24606  0.000  0.000  0.000 0.0000000000
24607  0.000  0.000  0.000 0.0000000000
24608  0.000  0.000  0.000 0.0000000000
24609  0.000  0.000  0.000 0.0000000000
24610  0.000  0.000  0.000 0.0000000000
24611  0.000  0.000  0.000 0.0000000000
24612  0.000  0.000  0.000 0.0000000000
24613  0.000  0.000  0.000 0.0000000000
24614  0.000  0.000  0.000 0.0000000000
24615  0.000  0.000  0.000 0.0000000000
24617  0.000  0.000  0.000 0.0000000000
24620  0.000  0.000  0.000 0.0000000000
24623  0.000  0.000  0.000 0.0000000000
24626  0.000  0.000  0.000 0.0000000000
24629  0.000  0.000  0.000 0.0000000000
24630  0.000  0.000  0.000 0.0000000000
25397  0.000  0.000  0.000 0.0000000000
25398  0.000  0.000  0.000 0.0000000000
25399  0.000  0.000  0.000 0.0000000000
25400  0.000  0.000  0.000 0.0000000000
25401  0.000  0.000  0.000 0.0000000000
25402  0.000  0.000  0.000 0.0000000000
25403  0.000  0.000  0.000 0.0000000000
25404  0.000  0.000  0.000 0.0000000000
25406  0.000  0.000  0.000 0.0000000000
25409  0.000  0.000  0.000 0.0000000000
25412  0.000  0.000  0.000 0.0000000000
25415  0.000  0.000  0.000 0.0000000000
25418  0.000  0.000  0.000 0.0000000000
25419  0.000  0.000  0.000 0.0000000000
26190  0.000  0.000  0.000 0.0000000000
26191  0.000  0.000  0.000 0.0000000000
26192  0.000  0.000  0.000 0.0000000000
26193  0.000  0.000  0.000 0.0000000000
26194  0.000  0.000  0.000 0.0000000000
26195  0.000  0.000  0.000 0.0000000000
26196  0.000  0.000  0.000 0.0000000000
26199  0.000  0.000  0.000 0.0000000000
26202  0.000  0.000  0.000 0.0000000000
26205  0.000  0.000  0.000 0.0000000000
26208  0.000  0.000  0.000 0.0000000000
26211  0.000  0.000  0.000 0.0000000000
26212  0.000  0.000  0.000 0.0000000000
26979  0.000  0.000  0.000 0.0000000000
26980  0.000  0.000  0.000 0.0000000000
26981  0.000  0.000  0.000 0.0000000000
26982  0.000  0.000  0.000 0.0000000000
26983  0.000  0.000  0.000 0.0000000000
26985  0.000  0.000  0.000 0.0000000000
26988  0.000  0.000  0.000 0.0000000000
26991  0.000  0.000  0.000 0.0000000000
26994  0.000  0.000  0.000 0.0000000000
26997  0.000  0.000  0.000 0.0000000000
27000  0.000  0.000  0.000 0.0000000000
27755  0.000  0.000  0.000 0.0000000000
27756  0.000  0.000  0.000 0.0000000000
27757  0.000  0.000  0.000 0.0000000000
27758  0.000  0.000  0.000 0.0000000000
27759  0.000  0.000  0.000 0.0000000000
27761  0.000  0.000  0.000 0.0000000000
27764  0.000  0.000  0.000 0.0000000000
27767  0.000  0.000  0.000 0.0000000000
27770  0.000  0.000  0.000 0.0000000000
27773  0.000  0.000  0.000 0.0000000000
27776  0.000  0.000  0.000 0.0000000000
28524  0.000  0.000  0.000 0.0000000000
28525  0.000  0.000  0.000 0.0000000000
28526  0.000  0.000  0.000 0.0000000000
28527  0.000  0.000  0.000 0.0000000000
28530  0.000  0.000  0.000 0.0000000000
28533  0.000  0.000  0.000 0.0000000000
28536  0.000  0.000  0.000 0.0000000000
28539  0.000  0.000  0.000 0.0000000000
28542  0.000  0.000  0.000 0.0000000000
28545  0.000  0.000  0.000 0.0000000000
29303  0.000  0.000  0.000 0.0000000000
29304  0.000  0.000  0.000 0.0000000000
29305  0.000  0.000  0.000 0.0000000000
29306  0.000  0.000  0.000 0.0000000000
29309  0.000  0.000  0.000 0.0000000000
29312  0.000  0.000  0.000 0.0000000000
29315  0.000  0.000  0.000 0.0000000000
29318  0.000  0.000  0.000 0.0000000000
29321  0.000  0.000  0.000 0.0000000000
29324  0.000  0.000  0.000 0.0000000000
30037  0.000  0.000  0.000 0.0000000000
30039  0.000  0.000  0.000 0.0000000000
30040  0.000  0.000  0.000 0.0000000000
30043  0.000  0.000  0.000 0.0000000000
30046  0.000  0.000  0.000 0.0000000000
30049  0.000  0.000  0.000 0.0000000000
30052  0.000  0.000  0.000 0.0000000000
30055  0.000  0.000  0.000 0.0000000000
30880  0.000  0.000  0.000 0.0000000000
30881  0.000  0.000  0.000 0.0000000000
30885  0.000  0.000  0.000 0.0000000000
30888  0.000  0.000  0.000 0.0000000000
30891  0.000  0.000  0.000 0.0000000000
