#!ascii label  , from subject Woofsurfer vox2ras=TkReg coords=white
2074
60678  0.000  0.000  0.000 0.0000000000
60679  0.000  0.000  0.000 0.0000000000
60688  0.000  0.000  0.000 0.0000000000
60689  0.000  0.000  0.000 0.0000000000
60699  0.000  0.000  0.000 0.0000000000
60700  0.000  0.000  0.000 0.0000000000
60709  0.000  0.000  0.000 0.0000000000
60710  0.000  0.000  0.000 0.0000000000
61348  0.000  0.000  0.000 0.0000000000
61349  0.000  0.000  0.000 0.0000000000
61350  0.000  0.000  0.000 0.0000000000
61355  0.000  0.000  0.000 0.0000000000
61356  0.000  0.000  0.000 0.0000000000
61357  0.000  0.000  0.000 0.0000000000
61358  0.000  0.000  0.000 0.0000000000
61359  0.000  0.000  0.000 0.0000000000
61364  0.000  0.000  0.000 0.0000000000
61365  0.000  0.000  0.000 0.0000000000
61366  0.000  0.000  0.000 0.0000000000
61367  0.000  0.000  0.000 0.0000000000
61368  0.000  0.000  0.000 0.0000000000
61374  0.000  0.000  0.000 0.0000000000
61375  0.000  0.000  0.000 0.0000000000
61376  0.000  0.000  0.000 0.0000000000
61377  0.000  0.000  0.000 0.0000000000
61385  0.000  0.000  0.000 0.0000000000
61386  0.000  0.000  0.000 0.0000000000
61387  0.000  0.000  0.000 0.0000000000
61388  0.000  0.000  0.000 0.0000000000
61397  0.000  0.000  0.000 0.0000000000
61398  0.000  0.000  0.000 0.0000000000
61399  0.000  0.000  0.000 0.0000000000
61400  0.000  0.000  0.000 0.0000000000
61414  0.000  0.000  0.000 0.0000000000
61415  0.000  0.000  0.000 0.0000000000
61416  0.000  0.000  0.000 0.0000000000
61417  0.000  0.000  0.000 0.0000000000
62008  0.000  0.000  0.000 0.0000000000
62009  0.000  0.000  0.000 0.0000000000
62010  0.000  0.000  0.000 0.0000000000
62011  0.000  0.000  0.000 0.0000000000
62012  0.000  0.000  0.000 0.0000000000
62016  0.000  0.000  0.000 0.0000000000
62017  0.000  0.000  0.000 0.0000000000
62018  0.000  0.000  0.000 0.0000000000
62019  0.000  0.000  0.000 0.0000000000
62020  0.000  0.000  0.000 0.0000000000
62025  0.000  0.000  0.000 0.0000000000
62026  0.000  0.000  0.000 0.0000000000
62027  0.000  0.000  0.000 0.0000000000
62033  0.000  0.000  0.000 0.0000000000
62034  0.000  0.000  0.000 0.0000000000
62035  0.000  0.000  0.000 0.0000000000
62036  0.000  0.000  0.000 0.0000000000
62042  0.000  0.000  0.000 0.0000000000
62043  0.000  0.000  0.000 0.0000000000
62044  0.000  0.000  0.000 0.0000000000
62045  0.000  0.000  0.000 0.0000000000
62053  0.000  0.000  0.000 0.0000000000
62054  0.000  0.000  0.000 0.0000000000
62055  0.000  0.000  0.000 0.0000000000
62056  0.000  0.000  0.000 0.0000000000
62069  0.000  0.000  0.000 0.0000000000
62070  0.000  0.000  0.000 0.0000000000
62071  0.000  0.000  0.000 0.0000000000
62660  0.000  0.000  0.000 0.0000000000
62661  0.000  0.000  0.000 0.0000000000
62662  0.000  0.000  0.000 0.0000000000
62663  0.000  0.000  0.000 0.0000000000
62667  0.000  0.000  0.000 0.0000000000
62668  0.000  0.000  0.000 0.0000000000
62669  0.000  0.000  0.000 0.0000000000
62670  0.000  0.000  0.000 0.0000000000
62671  0.000  0.000  0.000 0.0000000000
62672  0.000  0.000  0.000 0.0000000000
62676  0.000  0.000  0.000 0.0000000000
62677  0.000  0.000  0.000 0.0000000000
62678  0.000  0.000  0.000 0.0000000000
62679  0.000  0.000  0.000 0.0000000000
62680  0.000  0.000  0.000 0.0000000000
62685  0.000  0.000  0.000 0.0000000000
62686  0.000  0.000  0.000 0.0000000000
62687  0.000  0.000  0.000 0.0000000000
62688  0.000  0.000  0.000 0.0000000000
62689  0.000  0.000  0.000 0.0000000000
62694  0.000  0.000  0.000 0.0000000000
62695  0.000  0.000  0.000 0.0000000000
62696  0.000  0.000  0.000 0.0000000000
62697  0.000  0.000  0.000 0.0000000000
62698  0.000  0.000  0.000 0.0000000000
62704  0.000  0.000  0.000 0.0000000000
62705  0.000  0.000  0.000 0.0000000000
62711  0.000  0.000  0.000 0.0000000000
62712  0.000  0.000  0.000 0.0000000000
62713  0.000  0.000  0.000 0.0000000000
62721  0.000  0.000  0.000 0.0000000000
62722  0.000  0.000  0.000 0.0000000000
62723  0.000  0.000  0.000 0.0000000000
63310  0.000  0.000  0.000 0.0000000000
63311  0.000  0.000  0.000 0.0000000000
63314  0.000  0.000  0.000 0.0000000000
63315  0.000  0.000  0.000 0.0000000000
63316  0.000  0.000  0.000 0.0000000000
63317  0.000  0.000  0.000 0.0000000000
63318  0.000  0.000  0.000 0.0000000000
63322  0.000  0.000  0.000 0.0000000000
63323  0.000  0.000  0.000 0.0000000000
63324  0.000  0.000  0.000 0.0000000000
63325  0.000  0.000  0.000 0.0000000000
63326  0.000  0.000  0.000 0.0000000000
63329  0.000  0.000  0.000 0.0000000000
63330  0.000  0.000  0.000 0.0000000000
63331  0.000  0.000  0.000 0.0000000000
63332  0.000  0.000  0.000 0.0000000000
63336  0.000  0.000  0.000 0.0000000000
63337  0.000  0.000  0.000 0.0000000000
63338  0.000  0.000  0.000 0.0000000000
63339  0.000  0.000  0.000 0.0000000000
63343  0.000  0.000  0.000 0.0000000000
63344  0.000  0.000  0.000 0.0000000000
63345  0.000  0.000  0.000 0.0000000000
63346  0.000  0.000  0.000 0.0000000000
63352  0.000  0.000  0.000 0.0000000000
63353  0.000  0.000  0.000 0.0000000000
63360  0.000  0.000  0.000 0.0000000000
63361  0.000  0.000  0.000 0.0000000000
63972  0.000  0.000  0.000 0.0000000000
63973  0.000  0.000  0.000 0.0000000000
63974  0.000  0.000  0.000 0.0000000000
63975  0.000  0.000  0.000 0.0000000000
63978  0.000  0.000  0.000 0.0000000000
63979  0.000  0.000  0.000 0.0000000000
63980  0.000  0.000  0.000 0.0000000000
63981  0.000  0.000  0.000 0.0000000000
63982  0.000  0.000  0.000 0.0000000000
63986  0.000  0.000  0.000 0.0000000000
63987  0.000  0.000  0.000 0.0000000000
63988  0.000  0.000  0.000 0.0000000000
63989  0.000  0.000  0.000 0.0000000000
63990  0.000  0.000  0.000 0.0000000000
63994  0.000  0.000  0.000 0.0000000000
63995  0.000  0.000  0.000 0.0000000000
63996  0.000  0.000  0.000 0.0000000000
64001  0.000  0.000  0.000 0.0000000000
64002  0.000  0.000  0.000 0.0000000000
64003  0.000  0.000  0.000 0.0000000000
64008  0.000  0.000  0.000 0.0000000000
64009  0.000  0.000  0.000 0.0000000000
64010  0.000  0.000  0.000 0.0000000000
64015  0.000  0.000  0.000 0.0000000000
64611  0.000  0.000  0.000 0.0000000000
64612  0.000  0.000  0.000 0.0000000000
64613  0.000  0.000  0.000 0.0000000000
64616  0.000  0.000  0.000 0.0000000000
64617  0.000  0.000  0.000 0.0000000000
64618  0.000  0.000  0.000 0.0000000000
64619  0.000  0.000  0.000 0.0000000000
64620  0.000  0.000  0.000 0.0000000000
64624  0.000  0.000  0.000 0.0000000000
64625  0.000  0.000  0.000 0.0000000000
64626  0.000  0.000  0.000 0.0000000000
64627  0.000  0.000  0.000 0.0000000000
64628  0.000  0.000  0.000 0.0000000000
64633  0.000  0.000  0.000 0.0000000000
64634  0.000  0.000  0.000 0.0000000000
64635  0.000  0.000  0.000 0.0000000000
64636  0.000  0.000  0.000 0.0000000000
64637  0.000  0.000  0.000 0.0000000000
64641  0.000  0.000  0.000 0.0000000000
64642  0.000  0.000  0.000 0.0000000000
64643  0.000  0.000  0.000 0.0000000000
64647  0.000  0.000  0.000 0.0000000000
64648  0.000  0.000  0.000 0.0000000000
64649  0.000  0.000  0.000 0.0000000000
64654  0.000  0.000  0.000 0.0000000000
64655  0.000  0.000  0.000 0.0000000000
65284  0.000  0.000  0.000 0.0000000000
65285  0.000  0.000  0.000 0.0000000000
65286  0.000  0.000  0.000 0.0000000000
65287  0.000  0.000  0.000 0.0000000000
65288  0.000  0.000  0.000 0.0000000000
65292  0.000  0.000  0.000 0.0000000000
65293  0.000  0.000  0.000 0.0000000000
65294  0.000  0.000  0.000 0.0000000000
65295  0.000  0.000  0.000 0.0000000000
65296  0.000  0.000  0.000 0.0000000000
65297  0.000  0.000  0.000 0.0000000000
65301  0.000  0.000  0.000 0.0000000000
65302  0.000  0.000  0.000 0.0000000000
65303  0.000  0.000  0.000 0.0000000000
65304  0.000  0.000  0.000 0.0000000000
65305  0.000  0.000  0.000 0.0000000000
65306  0.000  0.000  0.000 0.0000000000
65310  0.000  0.000  0.000 0.0000000000
65311  0.000  0.000  0.000 0.0000000000
65312  0.000  0.000  0.000 0.0000000000
65313  0.000  0.000  0.000 0.0000000000
65317  0.000  0.000  0.000 0.0000000000
65318  0.000  0.000  0.000 0.0000000000
65319  0.000  0.000  0.000 0.0000000000
65324  0.000  0.000  0.000 0.0000000000
65325  0.000  0.000  0.000 0.0000000000
65326  0.000  0.000  0.000 0.0000000000
65335  0.000  0.000  0.000 0.0000000000
65967  0.000  0.000  0.000 0.0000000000
65968  0.000  0.000  0.000 0.0000000000
65969  0.000  0.000  0.000 0.0000000000
65970  0.000  0.000  0.000 0.0000000000
65971  0.000  0.000  0.000 0.0000000000
65972  0.000  0.000  0.000 0.0000000000
65976  0.000  0.000  0.000 0.0000000000
65977  0.000  0.000  0.000 0.0000000000
65978  0.000  0.000  0.000 0.0000000000
65979  0.000  0.000  0.000 0.0000000000
65980  0.000  0.000  0.000 0.0000000000
65981  0.000  0.000  0.000 0.0000000000
65985  0.000  0.000  0.000 0.0000000000
65986  0.000  0.000  0.000 0.0000000000
65987  0.000  0.000  0.000 0.0000000000
65988  0.000  0.000  0.000 0.0000000000
65989  0.000  0.000  0.000 0.0000000000
65994  0.000  0.000  0.000 0.0000000000
65995  0.000  0.000  0.000 0.0000000000
65996  0.000  0.000  0.000 0.0000000000
66001  0.000  0.000  0.000 0.0000000000
66002  0.000  0.000  0.000 0.0000000000
66003  0.000  0.000  0.000 0.0000000000
66010  0.000  0.000  0.000 0.0000000000
66011  0.000  0.000  0.000 0.0000000000
66021  0.000  0.000  0.000 0.0000000000
66637  0.000  0.000  0.000 0.0000000000
66638  0.000  0.000  0.000 0.0000000000
66639  0.000  0.000  0.000 0.0000000000
66640  0.000  0.000  0.000 0.0000000000
66641  0.000  0.000  0.000 0.0000000000
66642  0.000  0.000  0.000 0.0000000000
66646  0.000  0.000  0.000 0.0000000000
66647  0.000  0.000  0.000 0.0000000000
66648  0.000  0.000  0.000 0.0000000000
66649  0.000  0.000  0.000 0.0000000000
66650  0.000  0.000  0.000 0.0000000000
66651  0.000  0.000  0.000 0.0000000000
66652  0.000  0.000  0.000 0.0000000000
66653  0.000  0.000  0.000 0.0000000000
66654  0.000  0.000  0.000 0.0000000000
66659  0.000  0.000  0.000 0.0000000000
66660  0.000  0.000  0.000 0.0000000000
66661  0.000  0.000  0.000 0.0000000000
66662  0.000  0.000  0.000 0.0000000000
66663  0.000  0.000  0.000 0.0000000000
66669  0.000  0.000  0.000 0.0000000000
66670  0.000  0.000  0.000 0.0000000000
66671  0.000  0.000  0.000 0.0000000000
66672  0.000  0.000  0.000 0.0000000000
66681  0.000  0.000  0.000 0.0000000000
66682  0.000  0.000  0.000 0.0000000000
66692  0.000  0.000  0.000 0.0000000000
66700  0.000  0.000  0.000 0.0000000000
67310  0.000  0.000  0.000 0.0000000000
67311  0.000  0.000  0.000 0.0000000000
67312  0.000  0.000  0.000 0.0000000000
67313  0.000  0.000  0.000 0.0000000000
67314  0.000  0.000  0.000 0.0000000000
67315  0.000  0.000  0.000 0.0000000000
67316  0.000  0.000  0.000 0.0000000000
67317  0.000  0.000  0.000 0.0000000000
67323  0.000  0.000  0.000 0.0000000000
67324  0.000  0.000  0.000 0.0000000000
67325  0.000  0.000  0.000 0.0000000000
67326  0.000  0.000  0.000 0.0000000000
67327  0.000  0.000  0.000 0.0000000000
67328  0.000  0.000  0.000 0.0000000000
67329  0.000  0.000  0.000 0.0000000000
67330  0.000  0.000  0.000 0.0000000000
67331  0.000  0.000  0.000 0.0000000000
67332  0.000  0.000  0.000 0.0000000000
67333  0.000  0.000  0.000 0.0000000000
67340  0.000  0.000  0.000 0.0000000000
67341  0.000  0.000  0.000 0.0000000000
67342  0.000  0.000  0.000 0.0000000000
67343  0.000  0.000  0.000 0.0000000000
67351  0.000  0.000  0.000 0.0000000000
67352  0.000  0.000  0.000 0.0000000000
67353  0.000  0.000  0.000 0.0000000000
67354  0.000  0.000  0.000 0.0000000000
67362  0.000  0.000  0.000 0.0000000000
67363  0.000  0.000  0.000 0.0000000000
67369  0.000  0.000  0.000 0.0000000000
67370  0.000  0.000  0.000 0.0000000000
67985  0.000  0.000  0.000 0.0000000000
67986  0.000  0.000  0.000 0.0000000000
67987  0.000  0.000  0.000 0.0000000000
67988  0.000  0.000  0.000 0.0000000000
67989  0.000  0.000  0.000 0.0000000000
67990  0.000  0.000  0.000 0.0000000000
67991  0.000  0.000  0.000 0.0000000000
67992  0.000  0.000  0.000 0.0000000000
67993  0.000  0.000  0.000 0.0000000000
67994  0.000  0.000  0.000 0.0000000000
67995  0.000  0.000  0.000 0.0000000000
68002  0.000  0.000  0.000 0.0000000000
68003  0.000  0.000  0.000 0.0000000000
68004  0.000  0.000  0.000 0.0000000000
68005  0.000  0.000  0.000 0.0000000000
68006  0.000  0.000  0.000 0.0000000000
68007  0.000  0.000  0.000 0.0000000000
68008  0.000  0.000  0.000 0.0000000000
68009  0.000  0.000  0.000 0.0000000000
68010  0.000  0.000  0.000 0.0000000000
68011  0.000  0.000  0.000 0.0000000000
68012  0.000  0.000  0.000 0.0000000000
68013  0.000  0.000  0.000 0.0000000000
68019  0.000  0.000  0.000 0.0000000000
68020  0.000  0.000  0.000 0.0000000000
68021  0.000  0.000  0.000 0.0000000000
68026  0.000  0.000  0.000 0.0000000000
68027  0.000  0.000  0.000 0.0000000000
68030  0.000  0.000  0.000 0.0000000000
68031  0.000  0.000  0.000 0.0000000000
68039  0.000  0.000  0.000 0.0000000000
68040  0.000  0.000  0.000 0.0000000000
68049  0.000  0.000  0.000 0.0000000000
68058  0.000  0.000  0.000 0.0000000000
68660  0.000  0.000  0.000 0.0000000000
68661  0.000  0.000  0.000 0.0000000000
68662  0.000  0.000  0.000 0.0000000000
68663  0.000  0.000  0.000 0.0000000000
68664  0.000  0.000  0.000 0.0000000000
68665  0.000  0.000  0.000 0.0000000000
68670  0.000  0.000  0.000 0.0000000000
68671  0.000  0.000  0.000 0.0000000000
68672  0.000  0.000  0.000 0.0000000000
68673  0.000  0.000  0.000 0.0000000000
68674  0.000  0.000  0.000 0.0000000000
68675  0.000  0.000  0.000 0.0000000000
68676  0.000  0.000  0.000 0.0000000000
68677  0.000  0.000  0.000 0.0000000000
68678  0.000  0.000  0.000 0.0000000000
68679  0.000  0.000  0.000 0.0000000000
68680  0.000  0.000  0.000 0.0000000000
68681  0.000  0.000  0.000 0.0000000000
68682  0.000  0.000  0.000 0.0000000000
68687  0.000  0.000  0.000 0.0000000000
68688  0.000  0.000  0.000 0.0000000000
68689  0.000  0.000  0.000 0.0000000000
68690  0.000  0.000  0.000 0.0000000000
68691  0.000  0.000  0.000 0.0000000000
68692  0.000  0.000  0.000 0.0000000000
68693  0.000  0.000  0.000 0.0000000000
68694  0.000  0.000  0.000 0.0000000000
68695  0.000  0.000  0.000 0.0000000000
68698  0.000  0.000  0.000 0.0000000000
68699  0.000  0.000  0.000 0.0000000000
68704  0.000  0.000  0.000 0.0000000000
68705  0.000  0.000  0.000 0.0000000000
68713  0.000  0.000  0.000 0.0000000000
68714  0.000  0.000  0.000 0.0000000000
68723  0.000  0.000  0.000 0.0000000000
68724  0.000  0.000  0.000 0.0000000000
68725  0.000  0.000  0.000 0.0000000000
68731  0.000  0.000  0.000 0.0000000000
68732  0.000  0.000  0.000 0.0000000000
68733  0.000  0.000  0.000 0.0000000000
68739  0.000  0.000  0.000 0.0000000000
68740  0.000  0.000  0.000 0.0000000000
68747  0.000  0.000  0.000 0.0000000000
69273  0.000  0.000  0.000 0.0000000000
69277  0.000  0.000  0.000 0.0000000000
69278  0.000  0.000  0.000 0.0000000000
69281  0.000  0.000  0.000 0.0000000000
69282  0.000  0.000  0.000 0.0000000000
69283  0.000  0.000  0.000 0.0000000000
69284  0.000  0.000  0.000 0.0000000000
69285  0.000  0.000  0.000 0.0000000000
69286  0.000  0.000  0.000 0.0000000000
69289  0.000  0.000  0.000 0.0000000000
69290  0.000  0.000  0.000 0.0000000000
69291  0.000  0.000  0.000 0.0000000000
69292  0.000  0.000  0.000 0.0000000000
69293  0.000  0.000  0.000 0.0000000000
69294  0.000  0.000  0.000 0.0000000000
69295  0.000  0.000  0.000 0.0000000000
69298  0.000  0.000  0.000 0.0000000000
69299  0.000  0.000  0.000 0.0000000000
69300  0.000  0.000  0.000 0.0000000000
69301  0.000  0.000  0.000 0.0000000000
69302  0.000  0.000  0.000 0.0000000000
69303  0.000  0.000  0.000 0.0000000000
69304  0.000  0.000  0.000 0.0000000000
69305  0.000  0.000  0.000 0.0000000000
69306  0.000  0.000  0.000 0.0000000000
69309  0.000  0.000  0.000 0.0000000000
69310  0.000  0.000  0.000 0.0000000000
69311  0.000  0.000  0.000 0.0000000000
69312  0.000  0.000  0.000 0.0000000000
69313  0.000  0.000  0.000 0.0000000000
69314  0.000  0.000  0.000 0.0000000000
69315  0.000  0.000  0.000 0.0000000000
69316  0.000  0.000  0.000 0.0000000000
69322  0.000  0.000  0.000 0.0000000000
69323  0.000  0.000  0.000 0.0000000000
69331  0.000  0.000  0.000 0.0000000000
69332  0.000  0.000  0.000 0.0000000000
69340  0.000  0.000  0.000 0.0000000000
69341  0.000  0.000  0.000 0.0000000000
69347  0.000  0.000  0.000 0.0000000000
69348  0.000  0.000  0.000 0.0000000000
69353  0.000  0.000  0.000 0.0000000000
69354  0.000  0.000  0.000 0.0000000000
69359  0.000  0.000  0.000 0.0000000000
69360  0.000  0.000  0.000 0.0000000000
69366  0.000  0.000  0.000 0.0000000000
69367  0.000  0.000  0.000 0.0000000000
69924  0.000  0.000  0.000 0.0000000000
69925  0.000  0.000  0.000 0.0000000000
69927  0.000  0.000  0.000 0.0000000000
69928  0.000  0.000  0.000 0.0000000000
69929  0.000  0.000  0.000 0.0000000000
69930  0.000  0.000  0.000 0.0000000000
69933  0.000  0.000  0.000 0.0000000000
69934  0.000  0.000  0.000 0.0000000000
69935  0.000  0.000  0.000 0.0000000000
69936  0.000  0.000  0.000 0.0000000000
69937  0.000  0.000  0.000 0.0000000000
69938  0.000  0.000  0.000 0.0000000000
69939  0.000  0.000  0.000 0.0000000000
69942  0.000  0.000  0.000 0.0000000000
69943  0.000  0.000  0.000 0.0000000000
69944  0.000  0.000  0.000 0.0000000000
69948  0.000  0.000  0.000 0.0000000000
69949  0.000  0.000  0.000 0.0000000000
69950  0.000  0.000  0.000 0.0000000000
69951  0.000  0.000  0.000 0.0000000000
69952  0.000  0.000  0.000 0.0000000000
69953  0.000  0.000  0.000 0.0000000000
69954  0.000  0.000  0.000 0.0000000000
69955  0.000  0.000  0.000 0.0000000000
69961  0.000  0.000  0.000 0.0000000000
69962  0.000  0.000  0.000 0.0000000000
69963  0.000  0.000  0.000 0.0000000000
69964  0.000  0.000  0.000 0.0000000000
69965  0.000  0.000  0.000 0.0000000000
69966  0.000  0.000  0.000 0.0000000000
69967  0.000  0.000  0.000 0.0000000000
69968  0.000  0.000  0.000 0.0000000000
69969  0.000  0.000  0.000 0.0000000000
69970  0.000  0.000  0.000 0.0000000000
69971  0.000  0.000  0.000 0.0000000000
69979  0.000  0.000  0.000 0.0000000000
69980  0.000  0.000  0.000 0.0000000000
69987  0.000  0.000  0.000 0.0000000000
69988  0.000  0.000  0.000 0.0000000000
69993  0.000  0.000  0.000 0.0000000000
69997  0.000  0.000  0.000 0.0000000000
69998  0.000  0.000  0.000 0.0000000000
70002  0.000  0.000  0.000 0.0000000000
70003  0.000  0.000  0.000 0.0000000000
70007  0.000  0.000  0.000 0.0000000000
70008  0.000  0.000  0.000 0.0000000000
70012  0.000  0.000  0.000 0.0000000000
70013  0.000  0.000  0.000 0.0000000000
70017  0.000  0.000  0.000 0.0000000000
70018  0.000  0.000  0.000 0.0000000000
70510  0.000  0.000  0.000 0.0000000000
70511  0.000  0.000  0.000 0.0000000000
70514  0.000  0.000  0.000 0.0000000000
70515  0.000  0.000  0.000 0.0000000000
70516  0.000  0.000  0.000 0.0000000000
70519  0.000  0.000  0.000 0.0000000000
70520  0.000  0.000  0.000 0.0000000000
70521  0.000  0.000  0.000 0.0000000000
70522  0.000  0.000  0.000 0.0000000000
70523  0.000  0.000  0.000 0.0000000000
70527  0.000  0.000  0.000 0.0000000000
70528  0.000  0.000  0.000 0.0000000000
70529  0.000  0.000  0.000 0.0000000000
70530  0.000  0.000  0.000 0.0000000000
70531  0.000  0.000  0.000 0.0000000000
70535  0.000  0.000  0.000 0.0000000000
70536  0.000  0.000  0.000 0.0000000000
70537  0.000  0.000  0.000 0.0000000000
70543  0.000  0.000  0.000 0.0000000000
70544  0.000  0.000  0.000 0.0000000000
70545  0.000  0.000  0.000 0.0000000000
70546  0.000  0.000  0.000 0.0000000000
70547  0.000  0.000  0.000 0.0000000000
70548  0.000  0.000  0.000 0.0000000000
70555  0.000  0.000  0.000 0.0000000000
70556  0.000  0.000  0.000 0.0000000000
70557  0.000  0.000  0.000 0.0000000000
70558  0.000  0.000  0.000 0.0000000000
70559  0.000  0.000  0.000 0.0000000000
70560  0.000  0.000  0.000 0.0000000000
70561  0.000  0.000  0.000 0.0000000000
70562  0.000  0.000  0.000 0.0000000000
70563  0.000  0.000  0.000 0.0000000000
70564  0.000  0.000  0.000 0.0000000000
70565  0.000  0.000  0.000 0.0000000000
70571  0.000  0.000  0.000 0.0000000000
70572  0.000  0.000  0.000 0.0000000000
70573  0.000  0.000  0.000 0.0000000000
70574  0.000  0.000  0.000 0.0000000000
70579  0.000  0.000  0.000 0.0000000000
70580  0.000  0.000  0.000 0.0000000000
70584  0.000  0.000  0.000 0.0000000000
70588  0.000  0.000  0.000 0.0000000000
70592  0.000  0.000  0.000 0.0000000000
70596  0.000  0.000  0.000 0.0000000000
70597  0.000  0.000  0.000 0.0000000000
70601  0.000  0.000  0.000 0.0000000000
70605  0.000  0.000  0.000 0.0000000000
70606  0.000  0.000  0.000 0.0000000000
71130  0.000  0.000  0.000 0.0000000000
71134  0.000  0.000  0.000 0.0000000000
71135  0.000  0.000  0.000 0.0000000000
71136  0.000  0.000  0.000 0.0000000000
71139  0.000  0.000  0.000 0.0000000000
71140  0.000  0.000  0.000 0.0000000000
71141  0.000  0.000  0.000 0.0000000000
71142  0.000  0.000  0.000 0.0000000000
71145  0.000  0.000  0.000 0.0000000000
71146  0.000  0.000  0.000 0.0000000000
71147  0.000  0.000  0.000 0.0000000000
71148  0.000  0.000  0.000 0.0000000000
71149  0.000  0.000  0.000 0.0000000000
71153  0.000  0.000  0.000 0.0000000000
71154  0.000  0.000  0.000 0.0000000000
71155  0.000  0.000  0.000 0.0000000000
71156  0.000  0.000  0.000 0.0000000000
71161  0.000  0.000  0.000 0.0000000000
71162  0.000  0.000  0.000 0.0000000000
71163  0.000  0.000  0.000 0.0000000000
71169  0.000  0.000  0.000 0.0000000000
71170  0.000  0.000  0.000 0.0000000000
71171  0.000  0.000  0.000 0.0000000000
71176  0.000  0.000  0.000 0.0000000000
71177  0.000  0.000  0.000 0.0000000000
71178  0.000  0.000  0.000 0.0000000000
71179  0.000  0.000  0.000 0.0000000000
71180  0.000  0.000  0.000 0.0000000000
71181  0.000  0.000  0.000 0.0000000000
71182  0.000  0.000  0.000 0.0000000000
71183  0.000  0.000  0.000 0.0000000000
71188  0.000  0.000  0.000 0.0000000000
71189  0.000  0.000  0.000 0.0000000000
71190  0.000  0.000  0.000 0.0000000000
71191  0.000  0.000  0.000 0.0000000000
71192  0.000  0.000  0.000 0.0000000000
71193  0.000  0.000  0.000 0.0000000000
71194  0.000  0.000  0.000 0.0000000000
71198  0.000  0.000  0.000 0.0000000000
71199  0.000  0.000  0.000 0.0000000000
71200  0.000  0.000  0.000 0.0000000000
71204  0.000  0.000  0.000 0.0000000000
71208  0.000  0.000  0.000 0.0000000000
71212  0.000  0.000  0.000 0.0000000000
71216  0.000  0.000  0.000 0.0000000000
71217  0.000  0.000  0.000 0.0000000000
71221  0.000  0.000  0.000 0.0000000000
71222  0.000  0.000  0.000 0.0000000000
71227  0.000  0.000  0.000 0.0000000000
71749  0.000  0.000  0.000 0.0000000000
71750  0.000  0.000  0.000 0.0000000000
71753  0.000  0.000  0.000 0.0000000000
71754  0.000  0.000  0.000 0.0000000000
71755  0.000  0.000  0.000 0.0000000000
71756  0.000  0.000  0.000 0.0000000000
71760  0.000  0.000  0.000 0.0000000000
71761  0.000  0.000  0.000 0.0000000000
71762  0.000  0.000  0.000 0.0000000000
71763  0.000  0.000  0.000 0.0000000000
71768  0.000  0.000  0.000 0.0000000000
71769  0.000  0.000  0.000 0.0000000000
71770  0.000  0.000  0.000 0.0000000000
71771  0.000  0.000  0.000 0.0000000000
71776  0.000  0.000  0.000 0.0000000000
71777  0.000  0.000  0.000 0.0000000000
71778  0.000  0.000  0.000 0.0000000000
71784  0.000  0.000  0.000 0.0000000000
71785  0.000  0.000  0.000 0.0000000000
71786  0.000  0.000  0.000 0.0000000000
71791  0.000  0.000  0.000 0.0000000000
71792  0.000  0.000  0.000 0.0000000000
71793  0.000  0.000  0.000 0.0000000000
71794  0.000  0.000  0.000 0.0000000000
71798  0.000  0.000  0.000 0.0000000000
71799  0.000  0.000  0.000 0.0000000000
71800  0.000  0.000  0.000 0.0000000000
71801  0.000  0.000  0.000 0.0000000000
71802  0.000  0.000  0.000 0.0000000000
71807  0.000  0.000  0.000 0.0000000000
71808  0.000  0.000  0.000 0.0000000000
71809  0.000  0.000  0.000 0.0000000000
71810  0.000  0.000  0.000 0.0000000000
71811  0.000  0.000  0.000 0.0000000000
71812  0.000  0.000  0.000 0.0000000000
71813  0.000  0.000  0.000 0.0000000000
71817  0.000  0.000  0.000 0.0000000000
71818  0.000  0.000  0.000 0.0000000000
71819  0.000  0.000  0.000 0.0000000000
71820  0.000  0.000  0.000 0.0000000000
71821  0.000  0.000  0.000 0.0000000000
71822  0.000  0.000  0.000 0.0000000000
71826  0.000  0.000  0.000 0.0000000000
71827  0.000  0.000  0.000 0.0000000000
71831  0.000  0.000  0.000 0.0000000000
71835  0.000  0.000  0.000 0.0000000000
71839  0.000  0.000  0.000 0.0000000000
71843  0.000  0.000  0.000 0.0000000000
71844  0.000  0.000  0.000 0.0000000000
71847  0.000  0.000  0.000 0.0000000000
71851  0.000  0.000  0.000 0.0000000000
72339  0.000  0.000  0.000 0.0000000000
72340  0.000  0.000  0.000 0.0000000000
72343  0.000  0.000  0.000 0.0000000000
72344  0.000  0.000  0.000 0.0000000000
72345  0.000  0.000  0.000 0.0000000000
72346  0.000  0.000  0.000 0.0000000000
72350  0.000  0.000  0.000 0.0000000000
72351  0.000  0.000  0.000 0.0000000000
72352  0.000  0.000  0.000 0.0000000000
72353  0.000  0.000  0.000 0.0000000000
72357  0.000  0.000  0.000 0.0000000000
72358  0.000  0.000  0.000 0.0000000000
72359  0.000  0.000  0.000 0.0000000000
72363  0.000  0.000  0.000 0.0000000000
72364  0.000  0.000  0.000 0.0000000000
72365  0.000  0.000  0.000 0.0000000000
72370  0.000  0.000  0.000 0.0000000000
72371  0.000  0.000  0.000 0.0000000000
72372  0.000  0.000  0.000 0.0000000000
72373  0.000  0.000  0.000 0.0000000000
72377  0.000  0.000  0.000 0.0000000000
72378  0.000  0.000  0.000 0.0000000000
72379  0.000  0.000  0.000 0.0000000000
72380  0.000  0.000  0.000 0.0000000000
72384  0.000  0.000  0.000 0.0000000000
72385  0.000  0.000  0.000 0.0000000000
72386  0.000  0.000  0.000 0.0000000000
72391  0.000  0.000  0.000 0.0000000000
72392  0.000  0.000  0.000 0.0000000000
72393  0.000  0.000  0.000 0.0000000000
72394  0.000  0.000  0.000 0.0000000000
72398  0.000  0.000  0.000 0.0000000000
72399  0.000  0.000  0.000 0.0000000000
72400  0.000  0.000  0.000 0.0000000000
72401  0.000  0.000  0.000 0.0000000000
72402  0.000  0.000  0.000 0.0000000000
72403  0.000  0.000  0.000 0.0000000000
72407  0.000  0.000  0.000 0.0000000000
72408  0.000  0.000  0.000 0.0000000000
72409  0.000  0.000  0.000 0.0000000000
72413  0.000  0.000  0.000 0.0000000000
72417  0.000  0.000  0.000 0.0000000000
72421  0.000  0.000  0.000 0.0000000000
72424  0.000  0.000  0.000 0.0000000000
72425  0.000  0.000  0.000 0.0000000000
72428  0.000  0.000  0.000 0.0000000000
72429  0.000  0.000  0.000 0.0000000000
72432  0.000  0.000  0.000 0.0000000000
72436  0.000  0.000  0.000 0.0000000000
72901  0.000  0.000  0.000 0.0000000000
72902  0.000  0.000  0.000 0.0000000000
72903  0.000  0.000  0.000 0.0000000000
72904  0.000  0.000  0.000 0.0000000000
72908  0.000  0.000  0.000 0.0000000000
72909  0.000  0.000  0.000 0.0000000000
72910  0.000  0.000  0.000 0.0000000000
72911  0.000  0.000  0.000 0.0000000000
72915  0.000  0.000  0.000 0.0000000000
72916  0.000  0.000  0.000 0.0000000000
72917  0.000  0.000  0.000 0.0000000000
72921  0.000  0.000  0.000 0.0000000000
72922  0.000  0.000  0.000 0.0000000000
72923  0.000  0.000  0.000 0.0000000000
72928  0.000  0.000  0.000 0.0000000000
72929  0.000  0.000  0.000 0.0000000000
72930  0.000  0.000  0.000 0.0000000000
72931  0.000  0.000  0.000 0.0000000000
72936  0.000  0.000  0.000 0.0000000000
72937  0.000  0.000  0.000 0.0000000000
72938  0.000  0.000  0.000 0.0000000000
72942  0.000  0.000  0.000 0.0000000000
72943  0.000  0.000  0.000 0.0000000000
72944  0.000  0.000  0.000 0.0000000000
72948  0.000  0.000  0.000 0.0000000000
72949  0.000  0.000  0.000 0.0000000000
72950  0.000  0.000  0.000 0.0000000000
72955  0.000  0.000  0.000 0.0000000000
72956  0.000  0.000  0.000 0.0000000000
72957  0.000  0.000  0.000 0.0000000000
72961  0.000  0.000  0.000 0.0000000000
72962  0.000  0.000  0.000 0.0000000000
72963  0.000  0.000  0.000 0.0000000000
72964  0.000  0.000  0.000 0.0000000000
72965  0.000  0.000  0.000 0.0000000000
72969  0.000  0.000  0.000 0.0000000000
72970  0.000  0.000  0.000 0.0000000000
72971  0.000  0.000  0.000 0.0000000000
72972  0.000  0.000  0.000 0.0000000000
72976  0.000  0.000  0.000 0.0000000000
72977  0.000  0.000  0.000 0.0000000000
72980  0.000  0.000  0.000 0.0000000000
72983  0.000  0.000  0.000 0.0000000000
72986  0.000  0.000  0.000 0.0000000000
72989  0.000  0.000  0.000 0.0000000000
72990  0.000  0.000  0.000 0.0000000000
72993  0.000  0.000  0.000 0.0000000000
72994  0.000  0.000  0.000 0.0000000000
72997  0.000  0.000  0.000 0.0000000000
73448  0.000  0.000  0.000 0.0000000000
73449  0.000  0.000  0.000 0.0000000000
73450  0.000  0.000  0.000 0.0000000000
73451  0.000  0.000  0.000 0.0000000000
73454  0.000  0.000  0.000 0.0000000000
73455  0.000  0.000  0.000 0.0000000000
73456  0.000  0.000  0.000 0.0000000000
73457  0.000  0.000  0.000 0.0000000000
73458  0.000  0.000  0.000 0.0000000000
73461  0.000  0.000  0.000 0.0000000000
73462  0.000  0.000  0.000 0.0000000000
73463  0.000  0.000  0.000 0.0000000000
73464  0.000  0.000  0.000 0.0000000000
73465  0.000  0.000  0.000 0.0000000000
73466  0.000  0.000  0.000 0.0000000000
73468  0.000  0.000  0.000 0.0000000000
73469  0.000  0.000  0.000 0.0000000000
73470  0.000  0.000  0.000 0.0000000000
73471  0.000  0.000  0.000 0.0000000000
73472  0.000  0.000  0.000 0.0000000000
73473  0.000  0.000  0.000 0.0000000000
73474  0.000  0.000  0.000 0.0000000000
73476  0.000  0.000  0.000 0.0000000000
73477  0.000  0.000  0.000 0.0000000000
73478  0.000  0.000  0.000 0.0000000000
73479  0.000  0.000  0.000 0.0000000000
73480  0.000  0.000  0.000 0.0000000000
73481  0.000  0.000  0.000 0.0000000000
73482  0.000  0.000  0.000 0.0000000000
73484  0.000  0.000  0.000 0.0000000000
73485  0.000  0.000  0.000 0.0000000000
73486  0.000  0.000  0.000 0.0000000000
73487  0.000  0.000  0.000 0.0000000000
73488  0.000  0.000  0.000 0.0000000000
73490  0.000  0.000  0.000 0.0000000000
73491  0.000  0.000  0.000 0.0000000000
73492  0.000  0.000  0.000 0.0000000000
73493  0.000  0.000  0.000 0.0000000000
73494  0.000  0.000  0.000 0.0000000000
73495  0.000  0.000  0.000 0.0000000000
73499  0.000  0.000  0.000 0.0000000000
73500  0.000  0.000  0.000 0.0000000000
73501  0.000  0.000  0.000 0.0000000000
73505  0.000  0.000  0.000 0.0000000000
73506  0.000  0.000  0.000 0.0000000000
73507  0.000  0.000  0.000 0.0000000000
73511  0.000  0.000  0.000 0.0000000000
73512  0.000  0.000  0.000 0.0000000000
73513  0.000  0.000  0.000 0.0000000000
73514  0.000  0.000  0.000 0.0000000000
73517  0.000  0.000  0.000 0.0000000000
73518  0.000  0.000  0.000 0.0000000000
73519  0.000  0.000  0.000 0.0000000000
73520  0.000  0.000  0.000 0.0000000000
73523  0.000  0.000  0.000 0.0000000000
73524  0.000  0.000  0.000 0.0000000000
73527  0.000  0.000  0.000 0.0000000000
73531  0.000  0.000  0.000 0.0000000000
73534  0.000  0.000  0.000 0.0000000000
73537  0.000  0.000  0.000 0.0000000000
73540  0.000  0.000  0.000 0.0000000000
73541  0.000  0.000  0.000 0.0000000000
73543  0.000  0.000  0.000 0.0000000000
73544  0.000  0.000  0.000 0.0000000000
73977  0.000  0.000  0.000 0.0000000000
73978  0.000  0.000  0.000 0.0000000000
73979  0.000  0.000  0.000 0.0000000000
73980  0.000  0.000  0.000 0.0000000000
73981  0.000  0.000  0.000 0.0000000000
73982  0.000  0.000  0.000 0.0000000000
73983  0.000  0.000  0.000 0.0000000000
73984  0.000  0.000  0.000 0.0000000000
73985  0.000  0.000  0.000 0.0000000000
73986  0.000  0.000  0.000 0.0000000000
73987  0.000  0.000  0.000 0.0000000000
73988  0.000  0.000  0.000 0.0000000000
73989  0.000  0.000  0.000 0.0000000000
73990  0.000  0.000  0.000 0.0000000000
73991  0.000  0.000  0.000 0.0000000000
73992  0.000  0.000  0.000 0.0000000000
73993  0.000  0.000  0.000 0.0000000000
73994  0.000  0.000  0.000 0.0000000000
73995  0.000  0.000  0.000 0.0000000000
73996  0.000  0.000  0.000 0.0000000000
73997  0.000  0.000  0.000 0.0000000000
73998  0.000  0.000  0.000 0.0000000000
73999  0.000  0.000  0.000 0.0000000000
74000  0.000  0.000  0.000 0.0000000000
74001  0.000  0.000  0.000 0.0000000000
74002  0.000  0.000  0.000 0.0000000000
74003  0.000  0.000  0.000 0.0000000000
74004  0.000  0.000  0.000 0.0000000000
74005  0.000  0.000  0.000 0.0000000000
74006  0.000  0.000  0.000 0.0000000000
74007  0.000  0.000  0.000 0.0000000000
74008  0.000  0.000  0.000 0.0000000000
74009  0.000  0.000  0.000 0.0000000000
74010  0.000  0.000  0.000 0.0000000000
74011  0.000  0.000  0.000 0.0000000000
74012  0.000  0.000  0.000 0.0000000000
74013  0.000  0.000  0.000 0.0000000000
74014  0.000  0.000  0.000 0.0000000000
74015  0.000  0.000  0.000 0.0000000000
74016  0.000  0.000  0.000 0.0000000000
74017  0.000  0.000  0.000 0.0000000000
74018  0.000  0.000  0.000 0.0000000000
74019  0.000  0.000  0.000 0.0000000000
74020  0.000  0.000  0.000 0.0000000000
74021  0.000  0.000  0.000 0.0000000000
74022  0.000  0.000  0.000 0.0000000000
74023  0.000  0.000  0.000 0.0000000000
74024  0.000  0.000  0.000 0.0000000000
74025  0.000  0.000  0.000 0.0000000000
74026  0.000  0.000  0.000 0.0000000000
74027  0.000  0.000  0.000 0.0000000000
74028  0.000  0.000  0.000 0.0000000000
74029  0.000  0.000  0.000 0.0000000000
74030  0.000  0.000  0.000 0.0000000000
74032  0.000  0.000  0.000 0.0000000000
74034  0.000  0.000  0.000 0.0000000000
74035  0.000  0.000  0.000 0.0000000000
74038  0.000  0.000  0.000 0.0000000000
74039  0.000  0.000  0.000 0.0000000000
74040  0.000  0.000  0.000 0.0000000000
74041  0.000  0.000  0.000 0.0000000000
74045  0.000  0.000  0.000 0.0000000000
74046  0.000  0.000  0.000 0.0000000000
74047  0.000  0.000  0.000 0.0000000000
74050  0.000  0.000  0.000 0.0000000000
74051  0.000  0.000  0.000 0.0000000000
74054  0.000  0.000  0.000 0.0000000000
74056  0.000  0.000  0.000 0.0000000000
74059  0.000  0.000  0.000 0.0000000000
74061  0.000  0.000  0.000 0.0000000000
74063  0.000  0.000  0.000 0.0000000000
74064  0.000  0.000  0.000 0.0000000000
74065  0.000  0.000  0.000 0.0000000000
74067  0.000  0.000  0.000 0.0000000000
74068  0.000  0.000  0.000 0.0000000000
74069  0.000  0.000  0.000 0.0000000000
74070  0.000  0.000  0.000 0.0000000000
74072  0.000  0.000  0.000 0.0000000000
74073  0.000  0.000  0.000 0.0000000000
74079  0.000  0.000  0.000 0.0000000000
74080  0.000  0.000  0.000 0.0000000000
74087  0.000  0.000  0.000 0.0000000000
74088  0.000  0.000  0.000 0.0000000000
74094  0.000  0.000  0.000 0.0000000000
74099  0.000  0.000  0.000 0.0000000000
74109  0.000  0.000  0.000 0.0000000000
74583  0.000  0.000  0.000 0.0000000000
74584  0.000  0.000  0.000 0.0000000000
74585  0.000  0.000  0.000 0.0000000000
74586  0.000  0.000  0.000 0.0000000000
74587  0.000  0.000  0.000 0.0000000000
74588  0.000  0.000  0.000 0.0000000000
74589  0.000  0.000  0.000 0.0000000000
74590  0.000  0.000  0.000 0.0000000000
74591  0.000  0.000  0.000 0.0000000000
74592  0.000  0.000  0.000 0.0000000000
74593  0.000  0.000  0.000 0.0000000000
74594  0.000  0.000  0.000 0.0000000000
74595  0.000  0.000  0.000 0.0000000000
74596  0.000  0.000  0.000 0.0000000000
74597  0.000  0.000  0.000 0.0000000000
74598  0.000  0.000  0.000 0.0000000000
74599  0.000  0.000  0.000 0.0000000000
74600  0.000  0.000  0.000 0.0000000000
74601  0.000  0.000  0.000 0.0000000000
74602  0.000  0.000  0.000 0.0000000000
74603  0.000  0.000  0.000 0.0000000000
74604  0.000  0.000  0.000 0.0000000000
74605  0.000  0.000  0.000 0.0000000000
74606  0.000  0.000  0.000 0.0000000000
74607  0.000  0.000  0.000 0.0000000000
74608  0.000  0.000  0.000 0.0000000000
74609  0.000  0.000  0.000 0.0000000000
74610  0.000  0.000  0.000 0.0000000000
74611  0.000  0.000  0.000 0.0000000000
74612  0.000  0.000  0.000 0.0000000000
74613  0.000  0.000  0.000 0.0000000000
74614  0.000  0.000  0.000 0.0000000000
74615  0.000  0.000  0.000 0.0000000000
74616  0.000  0.000  0.000 0.0000000000
74617  0.000  0.000  0.000 0.0000000000
74618  0.000  0.000  0.000 0.0000000000
74619  0.000  0.000  0.000 0.0000000000
74620  0.000  0.000  0.000 0.0000000000
74621  0.000  0.000  0.000 0.0000000000
74622  0.000  0.000  0.000 0.0000000000
74623  0.000  0.000  0.000 0.0000000000
74624  0.000  0.000  0.000 0.0000000000
74625  0.000  0.000  0.000 0.0000000000
74626  0.000  0.000  0.000 0.0000000000
74627  0.000  0.000  0.000 0.0000000000
74628  0.000  0.000  0.000 0.0000000000
74629  0.000  0.000  0.000 0.0000000000
74630  0.000  0.000  0.000 0.0000000000
74631  0.000  0.000  0.000 0.0000000000
74632  0.000  0.000  0.000 0.0000000000
74633  0.000  0.000  0.000 0.0000000000
74634  0.000  0.000  0.000 0.0000000000
74635  0.000  0.000  0.000 0.0000000000
74636  0.000  0.000  0.000 0.0000000000
74637  0.000  0.000  0.000 0.0000000000
74638  0.000  0.000  0.000 0.0000000000
74639  0.000  0.000  0.000 0.0000000000
74640  0.000  0.000  0.000 0.0000000000
74641  0.000  0.000  0.000 0.0000000000
74642  0.000  0.000  0.000 0.0000000000
74643  0.000  0.000  0.000 0.0000000000
74645  0.000  0.000  0.000 0.0000000000
74646  0.000  0.000  0.000 0.0000000000
74647  0.000  0.000  0.000 0.0000000000
74648  0.000  0.000  0.000 0.0000000000
74649  0.000  0.000  0.000 0.0000000000
74650  0.000  0.000  0.000 0.0000000000
74651  0.000  0.000  0.000 0.0000000000
74652  0.000  0.000  0.000 0.0000000000
74653  0.000  0.000  0.000 0.0000000000
74654  0.000  0.000  0.000 0.0000000000
74655  0.000  0.000  0.000 0.0000000000
74656  0.000  0.000  0.000 0.0000000000
74657  0.000  0.000  0.000 0.0000000000
74658  0.000  0.000  0.000 0.0000000000
74659  0.000  0.000  0.000 0.0000000000
74660  0.000  0.000  0.000 0.0000000000
74661  0.000  0.000  0.000 0.0000000000
74662  0.000  0.000  0.000 0.0000000000
74663  0.000  0.000  0.000 0.0000000000
74664  0.000  0.000  0.000 0.0000000000
74665  0.000  0.000  0.000 0.0000000000
74666  0.000  0.000  0.000 0.0000000000
74667  0.000  0.000  0.000 0.0000000000
74668  0.000  0.000  0.000 0.0000000000
74669  0.000  0.000  0.000 0.0000000000
74670  0.000  0.000  0.000 0.0000000000
74671  0.000  0.000  0.000 0.0000000000
74672  0.000  0.000  0.000 0.0000000000
74673  0.000  0.000  0.000 0.0000000000
74675  0.000  0.000  0.000 0.0000000000
74676  0.000  0.000  0.000 0.0000000000
74677  0.000  0.000  0.000 0.0000000000
74680  0.000  0.000  0.000 0.0000000000
74681  0.000  0.000  0.000 0.0000000000
74688  0.000  0.000  0.000 0.0000000000
74698  0.000  0.000  0.000 0.0000000000
74709  0.000  0.000  0.000 0.0000000000
74710  0.000  0.000  0.000 0.0000000000
74721  0.000  0.000  0.000 0.0000000000
74722  0.000  0.000  0.000 0.0000000000
74732  0.000  0.000  0.000 0.0000000000
75158  0.000  0.000  0.000 0.0000000000
75159  0.000  0.000  0.000 0.0000000000
75160  0.000  0.000  0.000 0.0000000000
75161  0.000  0.000  0.000 0.0000000000
75162  0.000  0.000  0.000 0.0000000000
75163  0.000  0.000  0.000 0.0000000000
75164  0.000  0.000  0.000 0.0000000000
75165  0.000  0.000  0.000 0.0000000000
75166  0.000  0.000  0.000 0.0000000000
75167  0.000  0.000  0.000 0.0000000000
75168  0.000  0.000  0.000 0.0000000000
75169  0.000  0.000  0.000 0.0000000000
75170  0.000  0.000  0.000 0.0000000000
75171  0.000  0.000  0.000 0.0000000000
75172  0.000  0.000  0.000 0.0000000000
75173  0.000  0.000  0.000 0.0000000000
75174  0.000  0.000  0.000 0.0000000000
75175  0.000  0.000  0.000 0.0000000000
75176  0.000  0.000  0.000 0.0000000000
75177  0.000  0.000  0.000 0.0000000000
75178  0.000  0.000  0.000 0.0000000000
75179  0.000  0.000  0.000 0.0000000000
75180  0.000  0.000  0.000 0.0000000000
75181  0.000  0.000  0.000 0.0000000000
75182  0.000  0.000  0.000 0.0000000000
75183  0.000  0.000  0.000 0.0000000000
75184  0.000  0.000  0.000 0.0000000000
75185  0.000  0.000  0.000 0.0000000000
75186  0.000  0.000  0.000 0.0000000000
75187  0.000  0.000  0.000 0.0000000000
75188  0.000  0.000  0.000 0.0000000000
75189  0.000  0.000  0.000 0.0000000000
75190  0.000  0.000  0.000 0.0000000000
75191  0.000  0.000  0.000 0.0000000000
75192  0.000  0.000  0.000 0.0000000000
75193  0.000  0.000  0.000 0.0000000000
75194  0.000  0.000  0.000 0.0000000000
75195  0.000  0.000  0.000 0.0000000000
75196  0.000  0.000  0.000 0.0000000000
75197  0.000  0.000  0.000 0.0000000000
75198  0.000  0.000  0.000 0.0000000000
75199  0.000  0.000  0.000 0.0000000000
75200  0.000  0.000  0.000 0.0000000000
75201  0.000  0.000  0.000 0.0000000000
75202  0.000  0.000  0.000 0.0000000000
75203  0.000  0.000  0.000 0.0000000000
75204  0.000  0.000  0.000 0.0000000000
75205  0.000  0.000  0.000 0.0000000000
75206  0.000  0.000  0.000 0.0000000000
75207  0.000  0.000  0.000 0.0000000000
75208  0.000  0.000  0.000 0.0000000000
75209  0.000  0.000  0.000 0.0000000000
75210  0.000  0.000  0.000 0.0000000000
75211  0.000  0.000  0.000 0.0000000000
75212  0.000  0.000  0.000 0.0000000000
75213  0.000  0.000  0.000 0.0000000000
75214  0.000  0.000  0.000 0.0000000000
75215  0.000  0.000  0.000 0.0000000000
75216  0.000  0.000  0.000 0.0000000000
75217  0.000  0.000  0.000 0.0000000000
75218  0.000  0.000  0.000 0.0000000000
75219  0.000  0.000  0.000 0.0000000000
75220  0.000  0.000  0.000 0.0000000000
75221  0.000  0.000  0.000 0.0000000000
75222  0.000  0.000  0.000 0.0000000000
75223  0.000  0.000  0.000 0.0000000000
75224  0.000  0.000  0.000 0.0000000000
75225  0.000  0.000  0.000 0.0000000000
75226  0.000  0.000  0.000 0.0000000000
75227  0.000  0.000  0.000 0.0000000000
75228  0.000  0.000  0.000 0.0000000000
75229  0.000  0.000  0.000 0.0000000000
75230  0.000  0.000  0.000 0.0000000000
75231  0.000  0.000  0.000 0.0000000000
75232  0.000  0.000  0.000 0.0000000000
75233  0.000  0.000  0.000 0.0000000000
75234  0.000  0.000  0.000 0.0000000000
75235  0.000  0.000  0.000 0.0000000000
75236  0.000  0.000  0.000 0.0000000000
75237  0.000  0.000  0.000 0.0000000000
75238  0.000  0.000  0.000 0.0000000000
75239  0.000  0.000  0.000 0.0000000000
75240  0.000  0.000  0.000 0.0000000000
75241  0.000  0.000  0.000 0.0000000000
75242  0.000  0.000  0.000 0.0000000000
75243  0.000  0.000  0.000 0.0000000000
75244  0.000  0.000  0.000 0.0000000000
75245  0.000  0.000  0.000 0.0000000000
75246  0.000  0.000  0.000 0.0000000000
75247  0.000  0.000  0.000 0.0000000000
75249  0.000  0.000  0.000 0.0000000000
75250  0.000  0.000  0.000 0.0000000000
75259  0.000  0.000  0.000 0.0000000000
75260  0.000  0.000  0.000 0.0000000000
75272  0.000  0.000  0.000 0.0000000000
75273  0.000  0.000  0.000 0.0000000000
75285  0.000  0.000  0.000 0.0000000000
75286  0.000  0.000  0.000 0.0000000000
75725  0.000  0.000  0.000 0.0000000000
75726  0.000  0.000  0.000 0.0000000000
75727  0.000  0.000  0.000 0.0000000000
75728  0.000  0.000  0.000 0.0000000000
75729  0.000  0.000  0.000 0.0000000000
75730  0.000  0.000  0.000 0.0000000000
75731  0.000  0.000  0.000 0.0000000000
75732  0.000  0.000  0.000 0.0000000000
75733  0.000  0.000  0.000 0.0000000000
75734  0.000  0.000  0.000 0.0000000000
75735  0.000  0.000  0.000 0.0000000000
75736  0.000  0.000  0.000 0.0000000000
75737  0.000  0.000  0.000 0.0000000000
75738  0.000  0.000  0.000 0.0000000000
75739  0.000  0.000  0.000 0.0000000000
75740  0.000  0.000  0.000 0.0000000000
75741  0.000  0.000  0.000 0.0000000000
75742  0.000  0.000  0.000 0.0000000000
75743  0.000  0.000  0.000 0.0000000000
75744  0.000  0.000  0.000 0.0000000000
75745  0.000  0.000  0.000 0.0000000000
75746  0.000  0.000  0.000 0.0000000000
75747  0.000  0.000  0.000 0.0000000000
75748  0.000  0.000  0.000 0.0000000000
75749  0.000  0.000  0.000 0.0000000000
75750  0.000  0.000  0.000 0.0000000000
75751  0.000  0.000  0.000 0.0000000000
75752  0.000  0.000  0.000 0.0000000000
75753  0.000  0.000  0.000 0.0000000000
75754  0.000  0.000  0.000 0.0000000000
75755  0.000  0.000  0.000 0.0000000000
75756  0.000  0.000  0.000 0.0000000000
75757  0.000  0.000  0.000 0.0000000000
75758  0.000  0.000  0.000 0.0000000000
75759  0.000  0.000  0.000 0.0000000000
75760  0.000  0.000  0.000 0.0000000000
75761  0.000  0.000  0.000 0.0000000000
75762  0.000  0.000  0.000 0.0000000000
75763  0.000  0.000  0.000 0.0000000000
75764  0.000  0.000  0.000 0.0000000000
75765  0.000  0.000  0.000 0.0000000000
75766  0.000  0.000  0.000 0.0000000000
75767  0.000  0.000  0.000 0.0000000000
75768  0.000  0.000  0.000 0.0000000000
75769  0.000  0.000  0.000 0.0000000000
75770  0.000  0.000  0.000 0.0000000000
75771  0.000  0.000  0.000 0.0000000000
75772  0.000  0.000  0.000 0.0000000000
75773  0.000  0.000  0.000 0.0000000000
75774  0.000  0.000  0.000 0.0000000000
75775  0.000  0.000  0.000 0.0000000000
75776  0.000  0.000  0.000 0.0000000000
75777  0.000  0.000  0.000 0.0000000000
75778  0.000  0.000  0.000 0.0000000000
75779  0.000  0.000  0.000 0.0000000000
75780  0.000  0.000  0.000 0.0000000000
75781  0.000  0.000  0.000 0.0000000000
75782  0.000  0.000  0.000 0.0000000000
75783  0.000  0.000  0.000 0.0000000000
75784  0.000  0.000  0.000 0.0000000000
75785  0.000  0.000  0.000 0.0000000000
75786  0.000  0.000  0.000 0.0000000000
75787  0.000  0.000  0.000 0.0000000000
75788  0.000  0.000  0.000 0.0000000000
75789  0.000  0.000  0.000 0.0000000000
75790  0.000  0.000  0.000 0.0000000000
75791  0.000  0.000  0.000 0.0000000000
75792  0.000  0.000  0.000 0.0000000000
75793  0.000  0.000  0.000 0.0000000000
75794  0.000  0.000  0.000 0.0000000000
75795  0.000  0.000  0.000 0.0000000000
75796  0.000  0.000  0.000 0.0000000000
75797  0.000  0.000  0.000 0.0000000000
75798  0.000  0.000  0.000 0.0000000000
75799  0.000  0.000  0.000 0.0000000000
75800  0.000  0.000  0.000 0.0000000000
75801  0.000  0.000  0.000 0.0000000000
75802  0.000  0.000  0.000 0.0000000000
75803  0.000  0.000  0.000 0.0000000000
75804  0.000  0.000  0.000 0.0000000000
75805  0.000  0.000  0.000 0.0000000000
75806  0.000  0.000  0.000 0.0000000000
75807  0.000  0.000  0.000 0.0000000000
75808  0.000  0.000  0.000 0.0000000000
75809  0.000  0.000  0.000 0.0000000000
75810  0.000  0.000  0.000 0.0000000000
75811  0.000  0.000  0.000 0.0000000000
75812  0.000  0.000  0.000 0.0000000000
75819  0.000  0.000  0.000 0.0000000000
75820  0.000  0.000  0.000 0.0000000000
75828  0.000  0.000  0.000 0.0000000000
75836  0.000  0.000  0.000 0.0000000000
76308  0.000  0.000  0.000 0.0000000000
76309  0.000  0.000  0.000 0.0000000000
76310  0.000  0.000  0.000 0.0000000000
76311  0.000  0.000  0.000 0.0000000000
76312  0.000  0.000  0.000 0.0000000000
76313  0.000  0.000  0.000 0.0000000000
76314  0.000  0.000  0.000 0.0000000000
76315  0.000  0.000  0.000 0.0000000000
76316  0.000  0.000  0.000 0.0000000000
76317  0.000  0.000  0.000 0.0000000000
76318  0.000  0.000  0.000 0.0000000000
76319  0.000  0.000  0.000 0.0000000000
76320  0.000  0.000  0.000 0.0000000000
76321  0.000  0.000  0.000 0.0000000000
76322  0.000  0.000  0.000 0.0000000000
76323  0.000  0.000  0.000 0.0000000000
76324  0.000  0.000  0.000 0.0000000000
76325  0.000  0.000  0.000 0.0000000000
76326  0.000  0.000  0.000 0.0000000000
76327  0.000  0.000  0.000 0.0000000000
76328  0.000  0.000  0.000 0.0000000000
76329  0.000  0.000  0.000 0.0000000000
76330  0.000  0.000  0.000 0.0000000000
76331  0.000  0.000  0.000 0.0000000000
76332  0.000  0.000  0.000 0.0000000000
76333  0.000  0.000  0.000 0.0000000000
76334  0.000  0.000  0.000 0.0000000000
76335  0.000  0.000  0.000 0.0000000000
76336  0.000  0.000  0.000 0.0000000000
76337  0.000  0.000  0.000 0.0000000000
76338  0.000  0.000  0.000 0.0000000000
76339  0.000  0.000  0.000 0.0000000000
76340  0.000  0.000  0.000 0.0000000000
76341  0.000  0.000  0.000 0.0000000000
76342  0.000  0.000  0.000 0.0000000000
76343  0.000  0.000  0.000 0.0000000000
76344  0.000  0.000  0.000 0.0000000000
76345  0.000  0.000  0.000 0.0000000000
76346  0.000  0.000  0.000 0.0000000000
76347  0.000  0.000  0.000 0.0000000000
76348  0.000  0.000  0.000 0.0000000000
76349  0.000  0.000  0.000 0.0000000000
76350  0.000  0.000  0.000 0.0000000000
76351  0.000  0.000  0.000 0.0000000000
76352  0.000  0.000  0.000 0.0000000000
76353  0.000  0.000  0.000 0.0000000000
76354  0.000  0.000  0.000 0.0000000000
76355  0.000  0.000  0.000 0.0000000000
76356  0.000  0.000  0.000 0.0000000000
76357  0.000  0.000  0.000 0.0000000000
76358  0.000  0.000  0.000 0.0000000000
76359  0.000  0.000  0.000 0.0000000000
76360  0.000  0.000  0.000 0.0000000000
76361  0.000  0.000  0.000 0.0000000000
76362  0.000  0.000  0.000 0.0000000000
76363  0.000  0.000  0.000 0.0000000000
76364  0.000  0.000  0.000 0.0000000000
76365  0.000  0.000  0.000 0.0000000000
76366  0.000  0.000  0.000 0.0000000000
76367  0.000  0.000  0.000 0.0000000000
76368  0.000  0.000  0.000 0.0000000000
76369  0.000  0.000  0.000 0.0000000000
76370  0.000  0.000  0.000 0.0000000000
76371  0.000  0.000  0.000 0.0000000000
76372  0.000  0.000  0.000 0.0000000000
76373  0.000  0.000  0.000 0.0000000000
76374  0.000  0.000  0.000 0.0000000000
76375  0.000  0.000  0.000 0.0000000000
76376  0.000  0.000  0.000 0.0000000000
76377  0.000  0.000  0.000 0.0000000000
76378  0.000  0.000  0.000 0.0000000000
76379  0.000  0.000  0.000 0.0000000000
76380  0.000  0.000  0.000 0.0000000000
76381  0.000  0.000  0.000 0.0000000000
76382  0.000  0.000  0.000 0.0000000000
76386  0.000  0.000  0.000 0.0000000000
76387  0.000  0.000  0.000 0.0000000000
76388  0.000  0.000  0.000 0.0000000000
76393  0.000  0.000  0.000 0.0000000000
76394  0.000  0.000  0.000 0.0000000000
76401  0.000  0.000  0.000 0.0000000000
76402  0.000  0.000  0.000 0.0000000000
76409  0.000  0.000  0.000 0.0000000000
76419  0.000  0.000  0.000 0.0000000000
76858  0.000  0.000  0.000 0.0000000000
76859  0.000  0.000  0.000 0.0000000000
76860  0.000  0.000  0.000 0.0000000000
76861  0.000  0.000  0.000 0.0000000000
76862  0.000  0.000  0.000 0.0000000000
76863  0.000  0.000  0.000 0.0000000000
76864  0.000  0.000  0.000 0.0000000000
76865  0.000  0.000  0.000 0.0000000000
76866  0.000  0.000  0.000 0.0000000000
76867  0.000  0.000  0.000 0.0000000000
76868  0.000  0.000  0.000 0.0000000000
76869  0.000  0.000  0.000 0.0000000000
76870  0.000  0.000  0.000 0.0000000000
76871  0.000  0.000  0.000 0.0000000000
76872  0.000  0.000  0.000 0.0000000000
76873  0.000  0.000  0.000 0.0000000000
76874  0.000  0.000  0.000 0.0000000000
76875  0.000  0.000  0.000 0.0000000000
76876  0.000  0.000  0.000 0.0000000000
76877  0.000  0.000  0.000 0.0000000000
76878  0.000  0.000  0.000 0.0000000000
76879  0.000  0.000  0.000 0.0000000000
76880  0.000  0.000  0.000 0.0000000000
76881  0.000  0.000  0.000 0.0000000000
76882  0.000  0.000  0.000 0.0000000000
76883  0.000  0.000  0.000 0.0000000000
76884  0.000  0.000  0.000 0.0000000000
76885  0.000  0.000  0.000 0.0000000000
76886  0.000  0.000  0.000 0.0000000000
76887  0.000  0.000  0.000 0.0000000000
76888  0.000  0.000  0.000 0.0000000000
76889  0.000  0.000  0.000 0.0000000000
76890  0.000  0.000  0.000 0.0000000000
76891  0.000  0.000  0.000 0.0000000000
76892  0.000  0.000  0.000 0.0000000000
76893  0.000  0.000  0.000 0.0000000000
76894  0.000  0.000  0.000 0.0000000000
76895  0.000  0.000  0.000 0.0000000000
76896  0.000  0.000  0.000 0.0000000000
76897  0.000  0.000  0.000 0.0000000000
76898  0.000  0.000  0.000 0.0000000000
76899  0.000  0.000  0.000 0.0000000000
76900  0.000  0.000  0.000 0.0000000000
76901  0.000  0.000  0.000 0.0000000000
76902  0.000  0.000  0.000 0.0000000000
76903  0.000  0.000  0.000 0.0000000000
76904  0.000  0.000  0.000 0.0000000000
76905  0.000  0.000  0.000 0.0000000000
76906  0.000  0.000  0.000 0.0000000000
76907  0.000  0.000  0.000 0.0000000000
76908  0.000  0.000  0.000 0.0000000000
76909  0.000  0.000  0.000 0.0000000000
76910  0.000  0.000  0.000 0.0000000000
76911  0.000  0.000  0.000 0.0000000000
76912  0.000  0.000  0.000 0.0000000000
76913  0.000  0.000  0.000 0.0000000000
76914  0.000  0.000  0.000 0.0000000000
76915  0.000  0.000  0.000 0.0000000000
76916  0.000  0.000  0.000 0.0000000000
76917  0.000  0.000  0.000 0.0000000000
76918  0.000  0.000  0.000 0.0000000000
76919  0.000  0.000  0.000 0.0000000000
76920  0.000  0.000  0.000 0.0000000000
76921  0.000  0.000  0.000 0.0000000000
76922  0.000  0.000  0.000 0.0000000000
76923  0.000  0.000  0.000 0.0000000000
76924  0.000  0.000  0.000 0.0000000000
76925  0.000  0.000  0.000 0.0000000000
76926  0.000  0.000  0.000 0.0000000000
76927  0.000  0.000  0.000 0.0000000000
76928  0.000  0.000  0.000 0.0000000000
76929  0.000  0.000  0.000 0.0000000000
76930  0.000  0.000  0.000 0.0000000000
76931  0.000  0.000  0.000 0.0000000000
76932  0.000  0.000  0.000 0.0000000000
76933  0.000  0.000  0.000 0.0000000000
76937  0.000  0.000  0.000 0.0000000000
76938  0.000  0.000  0.000 0.0000000000
76939  0.000  0.000  0.000 0.0000000000
76940  0.000  0.000  0.000 0.0000000000
76945  0.000  0.000  0.000 0.0000000000
76946  0.000  0.000  0.000 0.0000000000
76953  0.000  0.000  0.000 0.0000000000
76959  0.000  0.000  0.000 0.0000000000
77408  0.000  0.000  0.000 0.0000000000
77409  0.000  0.000  0.000 0.0000000000
77410  0.000  0.000  0.000 0.0000000000
77411  0.000  0.000  0.000 0.0000000000
77412  0.000  0.000  0.000 0.0000000000
77413  0.000  0.000  0.000 0.0000000000
77414  0.000  0.000  0.000 0.0000000000
77415  0.000  0.000  0.000 0.0000000000
77416  0.000  0.000  0.000 0.0000000000
77417  0.000  0.000  0.000 0.0000000000
77418  0.000  0.000  0.000 0.0000000000
77419  0.000  0.000  0.000 0.0000000000
77420  0.000  0.000  0.000 0.0000000000
77421  0.000  0.000  0.000 0.0000000000
77422  0.000  0.000  0.000 0.0000000000
77423  0.000  0.000  0.000 0.0000000000
77424  0.000  0.000  0.000 0.0000000000
77425  0.000  0.000  0.000 0.0000000000
77426  0.000  0.000  0.000 0.0000000000
77427  0.000  0.000  0.000 0.0000000000
77428  0.000  0.000  0.000 0.0000000000
77429  0.000  0.000  0.000 0.0000000000
77430  0.000  0.000  0.000 0.0000000000
77431  0.000  0.000  0.000 0.0000000000
77432  0.000  0.000  0.000 0.0000000000
77433  0.000  0.000  0.000 0.0000000000
77434  0.000  0.000  0.000 0.0000000000
77435  0.000  0.000  0.000 0.0000000000
77436  0.000  0.000  0.000 0.0000000000
77437  0.000  0.000  0.000 0.0000000000
77438  0.000  0.000  0.000 0.0000000000
77439  0.000  0.000  0.000 0.0000000000
77440  0.000  0.000  0.000 0.0000000000
77441  0.000  0.000  0.000 0.0000000000
77442  0.000  0.000  0.000 0.0000000000
77443  0.000  0.000  0.000 0.0000000000
77444  0.000  0.000  0.000 0.0000000000
77445  0.000  0.000  0.000 0.0000000000
77446  0.000  0.000  0.000 0.0000000000
77447  0.000  0.000  0.000 0.0000000000
77448  0.000  0.000  0.000 0.0000000000
77449  0.000  0.000  0.000 0.0000000000
77450  0.000  0.000  0.000 0.0000000000
77451  0.000  0.000  0.000 0.0000000000
77452  0.000  0.000  0.000 0.0000000000
77453  0.000  0.000  0.000 0.0000000000
77454  0.000  0.000  0.000 0.0000000000
77455  0.000  0.000  0.000 0.0000000000
77456  0.000  0.000  0.000 0.0000000000
77457  0.000  0.000  0.000 0.0000000000
77458  0.000  0.000  0.000 0.0000000000
77459  0.000  0.000  0.000 0.0000000000
77460  0.000  0.000  0.000 0.0000000000
77461  0.000  0.000  0.000 0.0000000000
77462  0.000  0.000  0.000 0.0000000000
77463  0.000  0.000  0.000 0.0000000000
77464  0.000  0.000  0.000 0.0000000000
77465  0.000  0.000  0.000 0.0000000000
77466  0.000  0.000  0.000 0.0000000000
77467  0.000  0.000  0.000 0.0000000000
77468  0.000  0.000  0.000 0.0000000000
77469  0.000  0.000  0.000 0.0000000000
77470  0.000  0.000  0.000 0.0000000000
77474  0.000  0.000  0.000 0.0000000000
77475  0.000  0.000  0.000 0.0000000000
77476  0.000  0.000  0.000 0.0000000000
77482  0.000  0.000  0.000 0.0000000000
77483  0.000  0.000  0.000 0.0000000000
77484  0.000  0.000  0.000 0.0000000000
77489  0.000  0.000  0.000 0.0000000000
77490  0.000  0.000  0.000 0.0000000000
77497  0.000  0.000  0.000 0.0000000000
77498  0.000  0.000  0.000 0.0000000000
77504  0.000  0.000  0.000 0.0000000000
77505  0.000  0.000  0.000 0.0000000000
77522  0.000  0.000  0.000 0.0000000000
77530  0.000  0.000  0.000 0.0000000000
77542  0.000  0.000  0.000 0.0000000000
77555  0.000  0.000  0.000 0.0000000000
77565  0.000  0.000  0.000 0.0000000000
77965  0.000  0.000  0.000 0.0000000000
77966  0.000  0.000  0.000 0.0000000000
77967  0.000  0.000  0.000 0.0000000000
77968  0.000  0.000  0.000 0.0000000000
77969  0.000  0.000  0.000 0.0000000000
77970  0.000  0.000  0.000 0.0000000000
77971  0.000  0.000  0.000 0.0000000000
77972  0.000  0.000  0.000 0.0000000000
77973  0.000  0.000  0.000 0.0000000000
77974  0.000  0.000  0.000 0.0000000000
77975  0.000  0.000  0.000 0.0000000000
77976  0.000  0.000  0.000 0.0000000000
77977  0.000  0.000  0.000 0.0000000000
77978  0.000  0.000  0.000 0.0000000000
77979  0.000  0.000  0.000 0.0000000000
77980  0.000  0.000  0.000 0.0000000000
77981  0.000  0.000  0.000 0.0000000000
77982  0.000  0.000  0.000 0.0000000000
77983  0.000  0.000  0.000 0.0000000000
77984  0.000  0.000  0.000 0.0000000000
77985  0.000  0.000  0.000 0.0000000000
77986  0.000  0.000  0.000 0.0000000000
77987  0.000  0.000  0.000 0.0000000000
77988  0.000  0.000  0.000 0.0000000000
77989  0.000  0.000  0.000 0.0000000000
77990  0.000  0.000  0.000 0.0000000000
77991  0.000  0.000  0.000 0.0000000000
77992  0.000  0.000  0.000 0.0000000000
77993  0.000  0.000  0.000 0.0000000000
77994  0.000  0.000  0.000 0.0000000000
77995  0.000  0.000  0.000 0.0000000000
77996  0.000  0.000  0.000 0.0000000000
77997  0.000  0.000  0.000 0.0000000000
77998  0.000  0.000  0.000 0.0000000000
77999  0.000  0.000  0.000 0.0000000000
78000  0.000  0.000  0.000 0.0000000000
78001  0.000  0.000  0.000 0.0000000000
78002  0.000  0.000  0.000 0.0000000000
78003  0.000  0.000  0.000 0.0000000000
78004  0.000  0.000  0.000 0.0000000000
78005  0.000  0.000  0.000 0.0000000000
78006  0.000  0.000  0.000 0.0000000000
78007  0.000  0.000  0.000 0.0000000000
78008  0.000  0.000  0.000 0.0000000000
78009  0.000  0.000  0.000 0.0000000000
78010  0.000  0.000  0.000 0.0000000000
78011  0.000  0.000  0.000 0.0000000000
78012  0.000  0.000  0.000 0.0000000000
78013  0.000  0.000  0.000 0.0000000000
78014  0.000  0.000  0.000 0.0000000000
78020  0.000  0.000  0.000 0.0000000000
78021  0.000  0.000  0.000 0.0000000000
78029  0.000  0.000  0.000 0.0000000000
78030  0.000  0.000  0.000 0.0000000000
78037  0.000  0.000  0.000 0.0000000000
78038  0.000  0.000  0.000 0.0000000000
78044  0.000  0.000  0.000 0.0000000000
78045  0.000  0.000  0.000 0.0000000000
78074  0.000  0.000  0.000 0.0000000000
78081  0.000  0.000  0.000 0.0000000000
78090  0.000  0.000  0.000 0.0000000000
78099  0.000  0.000  0.000 0.0000000000
78107  0.000  0.000  0.000 0.0000000000
78119  0.000  0.000  0.000 0.0000000000
78130  0.000  0.000  0.000 0.0000000000
78140  0.000  0.000  0.000 0.0000000000
78151  0.000  0.000  0.000 0.0000000000
78514  0.000  0.000  0.000 0.0000000000
78515  0.000  0.000  0.000 0.0000000000
78516  0.000  0.000  0.000 0.0000000000
78517  0.000  0.000  0.000 0.0000000000
78518  0.000  0.000  0.000 0.0000000000
78519  0.000  0.000  0.000 0.0000000000
78520  0.000  0.000  0.000 0.0000000000
78521  0.000  0.000  0.000 0.0000000000
78522  0.000  0.000  0.000 0.0000000000
78523  0.000  0.000  0.000 0.0000000000
78524  0.000  0.000  0.000 0.0000000000
78525  0.000  0.000  0.000 0.0000000000
78526  0.000  0.000  0.000 0.0000000000
78527  0.000  0.000  0.000 0.0000000000
78528  0.000  0.000  0.000 0.0000000000
78529  0.000  0.000  0.000 0.0000000000
78530  0.000  0.000  0.000 0.0000000000
78531  0.000  0.000  0.000 0.0000000000
78532  0.000  0.000  0.000 0.0000000000
78533  0.000  0.000  0.000 0.0000000000
78534  0.000  0.000  0.000 0.0000000000
78535  0.000  0.000  0.000 0.0000000000
78536  0.000  0.000  0.000 0.0000000000
78537  0.000  0.000  0.000 0.0000000000
78538  0.000  0.000  0.000 0.0000000000
78539  0.000  0.000  0.000 0.0000000000
78540  0.000  0.000  0.000 0.0000000000
78541  0.000  0.000  0.000 0.0000000000
78542  0.000  0.000  0.000 0.0000000000
78543  0.000  0.000  0.000 0.0000000000
78544  0.000  0.000  0.000 0.0000000000
78548  0.000  0.000  0.000 0.0000000000
78549  0.000  0.000  0.000 0.0000000000
78550  0.000  0.000  0.000 0.0000000000
78556  0.000  0.000  0.000 0.0000000000
78557  0.000  0.000  0.000 0.0000000000
78564  0.000  0.000  0.000 0.0000000000
78571  0.000  0.000  0.000 0.0000000000
78578  0.000  0.000  0.000 0.0000000000
78579  0.000  0.000  0.000 0.0000000000
78587  0.000  0.000  0.000 0.0000000000
78595  0.000  0.000  0.000 0.0000000000
78601  0.000  0.000  0.000 0.0000000000
78607  0.000  0.000  0.000 0.0000000000
78613  0.000  0.000  0.000 0.0000000000
78619  0.000  0.000  0.000 0.0000000000
78629  0.000  0.000  0.000 0.0000000000
78640  0.000  0.000  0.000 0.0000000000
78649  0.000  0.000  0.000 0.0000000000
78659  0.000  0.000  0.000 0.0000000000
78669  0.000  0.000  0.000 0.0000000000
78679  0.000  0.000  0.000 0.0000000000
79070  0.000  0.000  0.000 0.0000000000
79071  0.000  0.000  0.000 0.0000000000
79072  0.000  0.000  0.000 0.0000000000
79073  0.000  0.000  0.000 0.0000000000
79074  0.000  0.000  0.000 0.0000000000
79075  0.000  0.000  0.000 0.0000000000
79076  0.000  0.000  0.000 0.0000000000
79077  0.000  0.000  0.000 0.0000000000
79078  0.000  0.000  0.000 0.0000000000
79079  0.000  0.000  0.000 0.0000000000
79080  0.000  0.000  0.000 0.0000000000
79081  0.000  0.000  0.000 0.0000000000
79084  0.000  0.000  0.000 0.0000000000
79085  0.000  0.000  0.000 0.0000000000
79086  0.000  0.000  0.000 0.0000000000
79087  0.000  0.000  0.000 0.0000000000
79088  0.000  0.000  0.000 0.0000000000
79092  0.000  0.000  0.000 0.0000000000
79093  0.000  0.000  0.000 0.0000000000
79094  0.000  0.000  0.000 0.0000000000
79095  0.000  0.000  0.000 0.0000000000
79096  0.000  0.000  0.000 0.0000000000
79101  0.000  0.000  0.000 0.0000000000
79102  0.000  0.000  0.000 0.0000000000
79103  0.000  0.000  0.000 0.0000000000
79104  0.000  0.000  0.000 0.0000000000
79108  0.000  0.000  0.000 0.0000000000
79109  0.000  0.000  0.000 0.0000000000
79110  0.000  0.000  0.000 0.0000000000
79111  0.000  0.000  0.000 0.0000000000
79118  0.000  0.000  0.000 0.0000000000
79119  0.000  0.000  0.000 0.0000000000
79126  0.000  0.000  0.000 0.0000000000
79127  0.000  0.000  0.000 0.0000000000
79133  0.000  0.000  0.000 0.0000000000
79134  0.000  0.000  0.000 0.0000000000
79140  0.000  0.000  0.000 0.0000000000
79145  0.000  0.000  0.000 0.0000000000
79151  0.000  0.000  0.000 0.0000000000
79152  0.000  0.000  0.000 0.0000000000
79159  0.000  0.000  0.000 0.0000000000
79160  0.000  0.000  0.000 0.0000000000
79166  0.000  0.000  0.000 0.0000000000
79167  0.000  0.000  0.000 0.0000000000
79173  0.000  0.000  0.000 0.0000000000
79174  0.000  0.000  0.000 0.0000000000
79182  0.000  0.000  0.000 0.0000000000
79183  0.000  0.000  0.000 0.0000000000
79193  0.000  0.000  0.000 0.0000000000
79194  0.000  0.000  0.000 0.0000000000
79204  0.000  0.000  0.000 0.0000000000
79205  0.000  0.000  0.000 0.0000000000
79215  0.000  0.000  0.000 0.0000000000
79216  0.000  0.000  0.000 0.0000000000
79227  0.000  0.000  0.000 0.0000000000
79236  0.000  0.000  0.000 0.0000000000
79248  0.000  0.000  0.000 0.0000000000
79595  0.000  0.000  0.000 0.0000000000
79596  0.000  0.000  0.000 0.0000000000
79597  0.000  0.000  0.000 0.0000000000
79598  0.000  0.000  0.000 0.0000000000
79599  0.000  0.000  0.000 0.0000000000
79603  0.000  0.000  0.000 0.0000000000
79604  0.000  0.000  0.000 0.0000000000
79605  0.000  0.000  0.000 0.0000000000
79606  0.000  0.000  0.000 0.0000000000
79607  0.000  0.000  0.000 0.0000000000
79608  0.000  0.000  0.000 0.0000000000
79613  0.000  0.000  0.000 0.0000000000
79614  0.000  0.000  0.000 0.0000000000
79615  0.000  0.000  0.000 0.0000000000
79616  0.000  0.000  0.000 0.0000000000
79620  0.000  0.000  0.000 0.0000000000
79621  0.000  0.000  0.000 0.0000000000
79622  0.000  0.000  0.000 0.0000000000
79623  0.000  0.000  0.000 0.0000000000
79627  0.000  0.000  0.000 0.0000000000
79628  0.000  0.000  0.000 0.0000000000
79629  0.000  0.000  0.000 0.0000000000
79634  0.000  0.000  0.000 0.0000000000
79635  0.000  0.000  0.000 0.0000000000
79641  0.000  0.000  0.000 0.0000000000
79646  0.000  0.000  0.000 0.0000000000
79647  0.000  0.000  0.000 0.0000000000
79653  0.000  0.000  0.000 0.0000000000
79654  0.000  0.000  0.000 0.0000000000
79661  0.000  0.000  0.000 0.0000000000
79662  0.000  0.000  0.000 0.0000000000
79668  0.000  0.000  0.000 0.0000000000
79669  0.000  0.000  0.000 0.0000000000
79675  0.000  0.000  0.000 0.0000000000
79680  0.000  0.000  0.000 0.0000000000
79687  0.000  0.000  0.000 0.0000000000
79693  0.000  0.000  0.000 0.0000000000
79702  0.000  0.000  0.000 0.0000000000
79713  0.000  0.000  0.000 0.0000000000
79724  0.000  0.000  0.000 0.0000000000
79725  0.000  0.000  0.000 0.0000000000
79735  0.000  0.000  0.000 0.0000000000
79736  0.000  0.000  0.000 0.0000000000
79746  0.000  0.000  0.000 0.0000000000
79758  0.000  0.000  0.000 0.0000000000
80130  0.000  0.000  0.000 0.0000000000
80131  0.000  0.000  0.000 0.0000000000
80132  0.000  0.000  0.000 0.0000000000
80133  0.000  0.000  0.000 0.0000000000
80134  0.000  0.000  0.000 0.0000000000
80138  0.000  0.000  0.000 0.0000000000
80139  0.000  0.000  0.000 0.0000000000
80140  0.000  0.000  0.000 0.0000000000
80141  0.000  0.000  0.000 0.0000000000
80142  0.000  0.000  0.000 0.0000000000
80146  0.000  0.000  0.000 0.0000000000
80147  0.000  0.000  0.000 0.0000000000
80148  0.000  0.000  0.000 0.0000000000
80149  0.000  0.000  0.000 0.0000000000
80150  0.000  0.000  0.000 0.0000000000
80154  0.000  0.000  0.000 0.0000000000
80155  0.000  0.000  0.000 0.0000000000
80156  0.000  0.000  0.000 0.0000000000
80157  0.000  0.000  0.000 0.0000000000
80161  0.000  0.000  0.000 0.0000000000
80162  0.000  0.000  0.000 0.0000000000
80163  0.000  0.000  0.000 0.0000000000
80164  0.000  0.000  0.000 0.0000000000
80170  0.000  0.000  0.000 0.0000000000
80171  0.000  0.000  0.000 0.0000000000
80177  0.000  0.000  0.000 0.0000000000
80184  0.000  0.000  0.000 0.0000000000
80190  0.000  0.000  0.000 0.0000000000
80196  0.000  0.000  0.000 0.0000000000
80197  0.000  0.000  0.000 0.0000000000
80205  0.000  0.000  0.000 0.0000000000
80206  0.000  0.000  0.000 0.0000000000
80214  0.000  0.000  0.000 0.0000000000
80215  0.000  0.000  0.000 0.0000000000
80221  0.000  0.000  0.000 0.0000000000
80226  0.000  0.000  0.000 0.0000000000
80233  0.000  0.000  0.000 0.0000000000
80243  0.000  0.000  0.000 0.0000000000
80255  0.000  0.000  0.000 0.0000000000
80264  0.000  0.000  0.000 0.0000000000
80265  0.000  0.000  0.000 0.0000000000
80275  0.000  0.000  0.000 0.0000000000
80276  0.000  0.000  0.000 0.0000000000
80290  0.000  0.000  0.000 0.0000000000
80637  0.000  0.000  0.000 0.0000000000
80638  0.000  0.000  0.000 0.0000000000
80642  0.000  0.000  0.000 0.0000000000
80643  0.000  0.000  0.000 0.0000000000
80644  0.000  0.000  0.000 0.0000000000
80645  0.000  0.000  0.000 0.0000000000
80649  0.000  0.000  0.000 0.0000000000
80650  0.000  0.000  0.000 0.0000000000
80651  0.000  0.000  0.000 0.0000000000
80652  0.000  0.000  0.000 0.0000000000
80653  0.000  0.000  0.000 0.0000000000
80657  0.000  0.000  0.000 0.0000000000
80658  0.000  0.000  0.000 0.0000000000
80659  0.000  0.000  0.000 0.0000000000
80663  0.000  0.000  0.000 0.0000000000
80664  0.000  0.000  0.000 0.0000000000
80665  0.000  0.000  0.000 0.0000000000
80666  0.000  0.000  0.000 0.0000000000
80672  0.000  0.000  0.000 0.0000000000
80673  0.000  0.000  0.000 0.0000000000
80680  0.000  0.000  0.000 0.0000000000
80681  0.000  0.000  0.000 0.0000000000
80687  0.000  0.000  0.000 0.0000000000
80688  0.000  0.000  0.000 0.0000000000
80695  0.000  0.000  0.000 0.0000000000
80703  0.000  0.000  0.000 0.0000000000
80710  0.000  0.000  0.000 0.0000000000
80717  0.000  0.000  0.000 0.0000000000
80718  0.000  0.000  0.000 0.0000000000
80724  0.000  0.000  0.000 0.0000000000
80725  0.000  0.000  0.000 0.0000000000
80732  0.000  0.000  0.000 0.0000000000
80733  0.000  0.000  0.000 0.0000000000
80740  0.000  0.000  0.000 0.0000000000
80741  0.000  0.000  0.000 0.0000000000
80748  0.000  0.000  0.000 0.0000000000
80749  0.000  0.000  0.000 0.0000000000
80759  0.000  0.000  0.000 0.0000000000
80770  0.000  0.000  0.000 0.0000000000
80781  0.000  0.000  0.000 0.0000000000
80782  0.000  0.000  0.000 0.0000000000
80794  0.000  0.000  0.000 0.0000000000
81155  0.000  0.000  0.000 0.0000000000
81156  0.000  0.000  0.000 0.0000000000
81157  0.000  0.000  0.000 0.0000000000
81161  0.000  0.000  0.000 0.0000000000
81162  0.000  0.000  0.000 0.0000000000
81163  0.000  0.000  0.000 0.0000000000
81164  0.000  0.000  0.000 0.0000000000
81165  0.000  0.000  0.000 0.0000000000
81169  0.000  0.000  0.000 0.0000000000
81170  0.000  0.000  0.000 0.0000000000
81171  0.000  0.000  0.000 0.0000000000
81175  0.000  0.000  0.000 0.0000000000
81176  0.000  0.000  0.000 0.0000000000
81177  0.000  0.000  0.000 0.0000000000
81178  0.000  0.000  0.000 0.0000000000
81182  0.000  0.000  0.000 0.0000000000
81183  0.000  0.000  0.000 0.0000000000
81184  0.000  0.000  0.000 0.0000000000
81190  0.000  0.000  0.000 0.0000000000
81196  0.000  0.000  0.000 0.0000000000
81197  0.000  0.000  0.000 0.0000000000
81205  0.000  0.000  0.000 0.0000000000
81206  0.000  0.000  0.000 0.0000000000
81214  0.000  0.000  0.000 0.0000000000
81215  0.000  0.000  0.000 0.0000000000
81220  0.000  0.000  0.000 0.0000000000
81227  0.000  0.000  0.000 0.0000000000
81234  0.000  0.000  0.000 0.0000000000
81240  0.000  0.000  0.000 0.0000000000
81247  0.000  0.000  0.000 0.0000000000
81253  0.000  0.000  0.000 0.0000000000
81254  0.000  0.000  0.000 0.0000000000
81263  0.000  0.000  0.000 0.0000000000
81275  0.000  0.000  0.000 0.0000000000
81288  0.000  0.000  0.000 0.0000000000
81289  0.000  0.000  0.000 0.0000000000
81300  0.000  0.000  0.000 0.0000000000
81641  0.000  0.000  0.000 0.0000000000
81642  0.000  0.000  0.000 0.0000000000
81643  0.000  0.000  0.000 0.0000000000
81644  0.000  0.000  0.000 0.0000000000
81648  0.000  0.000  0.000 0.0000000000
81649  0.000  0.000  0.000 0.0000000000
81650  0.000  0.000  0.000 0.0000000000
81651  0.000  0.000  0.000 0.0000000000
81655  0.000  0.000  0.000 0.0000000000
81656  0.000  0.000  0.000 0.0000000000
81657  0.000  0.000  0.000 0.0000000000
81661  0.000  0.000  0.000 0.0000000000
81662  0.000  0.000  0.000 0.0000000000
81663  0.000  0.000  0.000 0.0000000000
81670  0.000  0.000  0.000 0.0000000000
81677  0.000  0.000  0.000 0.0000000000
81684  0.000  0.000  0.000 0.0000000000
81691  0.000  0.000  0.000 0.0000000000
81692  0.000  0.000  0.000 0.0000000000
81699  0.000  0.000  0.000 0.0000000000
81700  0.000  0.000  0.000 0.0000000000
81707  0.000  0.000  0.000 0.0000000000
81708  0.000  0.000  0.000 0.0000000000
81715  0.000  0.000  0.000 0.0000000000
81722  0.000  0.000  0.000 0.0000000000
81728  0.000  0.000  0.000 0.0000000000
81733  0.000  0.000  0.000 0.0000000000
81734  0.000  0.000  0.000 0.0000000000
81741  0.000  0.000  0.000 0.0000000000
81742  0.000  0.000  0.000 0.0000000000
81755  0.000  0.000  0.000 0.0000000000
81769  0.000  0.000  0.000 0.0000000000
81770  0.000  0.000  0.000 0.0000000000
81778  0.000  0.000  0.000 0.0000000000
82152  0.000  0.000  0.000 0.0000000000
82153  0.000  0.000  0.000 0.0000000000
82157  0.000  0.000  0.000 0.0000000000
82158  0.000  0.000  0.000 0.0000000000
82159  0.000  0.000  0.000 0.0000000000
82160  0.000  0.000  0.000 0.0000000000
82164  0.000  0.000  0.000 0.0000000000
82165  0.000  0.000  0.000 0.0000000000
82166  0.000  0.000  0.000 0.0000000000
82172  0.000  0.000  0.000 0.0000000000
82173  0.000  0.000  0.000 0.0000000000
82174  0.000  0.000  0.000 0.0000000000
82181  0.000  0.000  0.000 0.0000000000
82182  0.000  0.000  0.000 0.0000000000
82188  0.000  0.000  0.000 0.0000000000
82194  0.000  0.000  0.000 0.0000000000
82200  0.000  0.000  0.000 0.0000000000
82207  0.000  0.000  0.000 0.0000000000
82214  0.000  0.000  0.000 0.0000000000
82215  0.000  0.000  0.000 0.0000000000
82221  0.000  0.000  0.000 0.0000000000
82222  0.000  0.000  0.000 0.0000000000
82228  0.000  0.000  0.000 0.0000000000
82234  0.000  0.000  0.000 0.0000000000
82241  0.000  0.000  0.000 0.0000000000
82249  0.000  0.000  0.000 0.0000000000
82250  0.000  0.000  0.000 0.0000000000
82263  0.000  0.000  0.000 0.0000000000
82275  0.000  0.000  0.000 0.0000000000
82276  0.000  0.000  0.000 0.0000000000
82283  0.000  0.000  0.000 0.0000000000
82697  0.000  0.000  0.000 0.0000000000
82698  0.000  0.000  0.000 0.0000000000
82699  0.000  0.000  0.000 0.0000000000
82704  0.000  0.000  0.000 0.0000000000
82705  0.000  0.000  0.000 0.0000000000
82706  0.000  0.000  0.000 0.0000000000
82707  0.000  0.000  0.000 0.0000000000
82712  0.000  0.000  0.000 0.0000000000
82713  0.000  0.000  0.000 0.0000000000
82714  0.000  0.000  0.000 0.0000000000
82715  0.000  0.000  0.000 0.0000000000
82721  0.000  0.000  0.000 0.0000000000
82722  0.000  0.000  0.000 0.0000000000
82723  0.000  0.000  0.000 0.0000000000
82730  0.000  0.000  0.000 0.0000000000
82731  0.000  0.000  0.000 0.0000000000
82736  0.000  0.000  0.000 0.0000000000
82743  0.000  0.000  0.000 0.0000000000
82749  0.000  0.000  0.000 0.0000000000
82756  0.000  0.000  0.000 0.0000000000
82762  0.000  0.000  0.000 0.0000000000
82763  0.000  0.000  0.000 0.0000000000
82769  0.000  0.000  0.000 0.0000000000
82770  0.000  0.000  0.000 0.0000000000
82777  0.000  0.000  0.000 0.0000000000
82784  0.000  0.000  0.000 0.0000000000
82785  0.000  0.000  0.000 0.0000000000
82793  0.000  0.000  0.000 0.0000000000
82794  0.000  0.000  0.000 0.0000000000
82804  0.000  0.000  0.000 0.0000000000
82805  0.000  0.000  0.000 0.0000000000
82813  0.000  0.000  0.000 0.0000000000
82814  0.000  0.000  0.000 0.0000000000
82826  0.000  0.000  0.000 0.0000000000
83350  0.000  0.000  0.000 0.0000000000
83351  0.000  0.000  0.000 0.0000000000
83352  0.000  0.000  0.000 0.0000000000
83357  0.000  0.000  0.000 0.0000000000
83358  0.000  0.000  0.000 0.0000000000
83359  0.000  0.000  0.000 0.0000000000
83364  0.000  0.000  0.000 0.0000000000
83365  0.000  0.000  0.000 0.0000000000
83366  0.000  0.000  0.000 0.0000000000
83373  0.000  0.000  0.000 0.0000000000
83374  0.000  0.000  0.000 0.0000000000
83379  0.000  0.000  0.000 0.0000000000
83386  0.000  0.000  0.000 0.0000000000
83392  0.000  0.000  0.000 0.0000000000
83399  0.000  0.000  0.000 0.0000000000
83405  0.000  0.000  0.000 0.0000000000
83415  0.000  0.000  0.000 0.0000000000
83416  0.000  0.000  0.000 0.0000000000
83427  0.000  0.000  0.000 0.0000000000
83439  0.000  0.000  0.000 0.0000000000
83440  0.000  0.000  0.000 0.0000000000
83456  0.000  0.000  0.000 0.0000000000
83470  0.000  0.000  0.000 0.0000000000
83471  0.000  0.000  0.000 0.0000000000
83480  0.000  0.000  0.000 0.0000000000
83493  0.000  0.000  0.000 0.0000000000
83972  0.000  0.000  0.000 0.0000000000
83973  0.000  0.000  0.000 0.0000000000
83974  0.000  0.000  0.000 0.0000000000
83979  0.000  0.000  0.000 0.0000000000
83980  0.000  0.000  0.000 0.0000000000
83981  0.000  0.000  0.000 0.0000000000
83982  0.000  0.000  0.000 0.0000000000
83988  0.000  0.000  0.000 0.0000000000
83989  0.000  0.000  0.000 0.0000000000
83996  0.000  0.000  0.000 0.0000000000
83997  0.000  0.000  0.000 0.0000000000
84005  0.000  0.000  0.000 0.0000000000
84015  0.000  0.000  0.000 0.0000000000
84027  0.000  0.000  0.000 0.0000000000
84041  0.000  0.000  0.000 0.0000000000
84054  0.000  0.000  0.000 0.0000000000
84055  0.000  0.000  0.000 0.0000000000
84070  0.000  0.000  0.000 0.0000000000
84071  0.000  0.000  0.000 0.0000000000
84086  0.000  0.000  0.000 0.0000000000
84103  0.000  0.000  0.000 0.0000000000
84104  0.000  0.000  0.000 0.0000000000
84121  0.000  0.000  0.000 0.0000000000
84129  0.000  0.000  0.000 0.0000000000
84130  0.000  0.000  0.000 0.0000000000
84138  0.000  0.000  0.000 0.0000000000
84139  0.000  0.000  0.000 0.0000000000
84151  0.000  0.000  0.000 0.0000000000
84658  0.000  0.000  0.000 0.0000000000
84659  0.000  0.000  0.000 0.0000000000
84660  0.000  0.000  0.000 0.0000000000
84661  0.000  0.000  0.000 0.0000000000
84670  0.000  0.000  0.000 0.0000000000
84671  0.000  0.000  0.000 0.0000000000
84672  0.000  0.000  0.000 0.0000000000
84682  0.000  0.000  0.000 0.0000000000
84683  0.000  0.000  0.000 0.0000000000
84696  0.000  0.000  0.000 0.0000000000
84709  0.000  0.000  0.000 0.0000000000
84724  0.000  0.000  0.000 0.0000000000
84737  0.000  0.000  0.000 0.0000000000
84738  0.000  0.000  0.000 0.0000000000
84750  0.000  0.000  0.000 0.0000000000
84751  0.000  0.000  0.000 0.0000000000
84765  0.000  0.000  0.000 0.0000000000
84780  0.000  0.000  0.000 0.0000000000
84781  0.000  0.000  0.000 0.0000000000
84795  0.000  0.000  0.000 0.0000000000
84796  0.000  0.000  0.000 0.0000000000
84808  0.000  0.000  0.000 0.0000000000
84809  0.000  0.000  0.000 0.0000000000
84817  0.000  0.000  0.000 0.0000000000
84818  0.000  0.000  0.000 0.0000000000
84826  0.000  0.000  0.000 0.0000000000
84827  0.000  0.000  0.000 0.0000000000
85422  0.000  0.000  0.000 0.0000000000
85423  0.000  0.000  0.000 0.0000000000
85424  0.000  0.000  0.000 0.0000000000
85425  0.000  0.000  0.000 0.0000000000
85436  0.000  0.000  0.000 0.0000000000
85437  0.000  0.000  0.000 0.0000000000
85438  0.000  0.000  0.000 0.0000000000
85439  0.000  0.000  0.000 0.0000000000
85453  0.000  0.000  0.000 0.0000000000
85454  0.000  0.000  0.000 0.0000000000
85468  0.000  0.000  0.000 0.0000000000
85480  0.000  0.000  0.000 0.0000000000
85491  0.000  0.000  0.000 0.0000000000
85492  0.000  0.000  0.000 0.0000000000
85503  0.000  0.000  0.000 0.0000000000
85504  0.000  0.000  0.000 0.0000000000
85515  0.000  0.000  0.000 0.0000000000
85528  0.000  0.000  0.000 0.0000000000
85529  0.000  0.000  0.000 0.0000000000
85545  0.000  0.000  0.000 0.0000000000
85546  0.000  0.000  0.000 0.0000000000
85558  0.000  0.000  0.000 0.0000000000
85565  0.000  0.000  0.000 0.0000000000
85566  0.000  0.000  0.000 0.0000000000
85573  0.000  0.000  0.000 0.0000000000
85574  0.000  0.000  0.000 0.0000000000
85579  0.000  0.000  0.000 0.0000000000
85580  0.000  0.000  0.000 0.0000000000
86131  0.000  0.000  0.000 0.0000000000
86132  0.000  0.000  0.000 0.0000000000
86133  0.000  0.000  0.000 0.0000000000
86134  0.000  0.000  0.000 0.0000000000
86145  0.000  0.000  0.000 0.0000000000
86146  0.000  0.000  0.000 0.0000000000
86147  0.000  0.000  0.000 0.0000000000
86148  0.000  0.000  0.000 0.0000000000
86161  0.000  0.000  0.000 0.0000000000
86162  0.000  0.000  0.000 0.0000000000
86174  0.000  0.000  0.000 0.0000000000
86175  0.000  0.000  0.000 0.0000000000
86187  0.000  0.000  0.000 0.0000000000
86188  0.000  0.000  0.000 0.0000000000
86201  0.000  0.000  0.000 0.0000000000
86202  0.000  0.000  0.000 0.0000000000
86214  0.000  0.000  0.000 0.0000000000
86228  0.000  0.000  0.000 0.0000000000
86229  0.000  0.000  0.000 0.0000000000
86243  0.000  0.000  0.000 0.0000000000
86244  0.000  0.000  0.000 0.0000000000
86255  0.000  0.000  0.000 0.0000000000
86261  0.000  0.000  0.000 0.0000000000
86262  0.000  0.000  0.000 0.0000000000
86269  0.000  0.000  0.000 0.0000000000
86270  0.000  0.000  0.000 0.0000000000
86277  0.000  0.000  0.000 0.0000000000
86278  0.000  0.000  0.000 0.0000000000
86285  0.000  0.000  0.000 0.0000000000
86827  0.000  0.000  0.000 0.0000000000
86828  0.000  0.000  0.000 0.0000000000
86829  0.000  0.000  0.000 0.0000000000
86842  0.000  0.000  0.000 0.0000000000
86843  0.000  0.000  0.000 0.0000000000
86844  0.000  0.000  0.000 0.0000000000
86856  0.000  0.000  0.000 0.0000000000
86857  0.000  0.000  0.000 0.0000000000
86870  0.000  0.000  0.000 0.0000000000
86871  0.000  0.000  0.000 0.0000000000
86883  0.000  0.000  0.000 0.0000000000
86884  0.000  0.000  0.000 0.0000000000
86896  0.000  0.000  0.000 0.0000000000
86897  0.000  0.000  0.000 0.0000000000
86910  0.000  0.000  0.000 0.0000000000
86911  0.000  0.000  0.000 0.0000000000
86923  0.000  0.000  0.000 0.0000000000
86924  0.000  0.000  0.000 0.0000000000
86934  0.000  0.000  0.000 0.0000000000
86940  0.000  0.000  0.000 0.0000000000
86941  0.000  0.000  0.000 0.0000000000
86947  0.000  0.000  0.000 0.0000000000
86948  0.000  0.000  0.000 0.0000000000
86954  0.000  0.000  0.000 0.0000000000
86955  0.000  0.000  0.000 0.0000000000
86961  0.000  0.000  0.000 0.0000000000
86962  0.000  0.000  0.000 0.0000000000
86971  0.000  0.000  0.000 0.0000000000
87488  0.000  0.000  0.000 0.0000000000
87489  0.000  0.000  0.000 0.0000000000
87502  0.000  0.000  0.000 0.0000000000
87503  0.000  0.000  0.000 0.0000000000
87504  0.000  0.000  0.000 0.0000000000
87517  0.000  0.000  0.000 0.0000000000
87518  0.000  0.000  0.000 0.0000000000
87532  0.000  0.000  0.000 0.0000000000
87533  0.000  0.000  0.000 0.0000000000
87549  0.000  0.000  0.000 0.0000000000
87550  0.000  0.000  0.000 0.0000000000
87564  0.000  0.000  0.000 0.0000000000
87565  0.000  0.000  0.000 0.0000000000
87578  0.000  0.000  0.000 0.0000000000
87579  0.000  0.000  0.000 0.0000000000
87585  0.000  0.000  0.000 0.0000000000
87586  0.000  0.000  0.000 0.0000000000
87592  0.000  0.000  0.000 0.0000000000
87593  0.000  0.000  0.000 0.0000000000
87598  0.000  0.000  0.000 0.0000000000
87599  0.000  0.000  0.000 0.0000000000
87606  0.000  0.000  0.000 0.0000000000
87607  0.000  0.000  0.000 0.0000000000
87613  0.000  0.000  0.000 0.0000000000
87614  0.000  0.000  0.000 0.0000000000
87619  0.000  0.000  0.000 0.0000000000
87620  0.000  0.000  0.000 0.0000000000
87626  0.000  0.000  0.000 0.0000000000
87627  0.000  0.000  0.000 0.0000000000
88160  0.000  0.000  0.000 0.0000000000
88176  0.000  0.000  0.000 0.0000000000
88177  0.000  0.000  0.000 0.0000000000
88192  0.000  0.000  0.000 0.0000000000
88193  0.000  0.000  0.000 0.0000000000
88205  0.000  0.000  0.000 0.0000000000
88206  0.000  0.000  0.000 0.0000000000
88217  0.000  0.000  0.000 0.0000000000
88218  0.000  0.000  0.000 0.0000000000
88223  0.000  0.000  0.000 0.0000000000
88224  0.000  0.000  0.000 0.0000000000
88230  0.000  0.000  0.000 0.0000000000
88231  0.000  0.000  0.000 0.0000000000
88238  0.000  0.000  0.000 0.0000000000
88239  0.000  0.000  0.000 0.0000000000
88245  0.000  0.000  0.000 0.0000000000
88246  0.000  0.000  0.000 0.0000000000
88252  0.000  0.000  0.000 0.0000000000
88253  0.000  0.000  0.000 0.0000000000
88259  0.000  0.000  0.000 0.0000000000
88260  0.000  0.000  0.000 0.0000000000
88266  0.000  0.000  0.000 0.0000000000
88267  0.000  0.000  0.000 0.0000000000
88273  0.000  0.000  0.000 0.0000000000
88274  0.000  0.000  0.000 0.0000000000
88798  0.000  0.000  0.000 0.0000000000
88806  0.000  0.000  0.000 0.0000000000
88813  0.000  0.000  0.000 0.0000000000
88819  0.000  0.000  0.000 0.0000000000
88825  0.000  0.000  0.000 0.0000000000
88831  0.000  0.000  0.000 0.0000000000
88838  0.000  0.000  0.000 0.0000000000
88845  0.000  0.000  0.000 0.0000000000
88851  0.000  0.000  0.000 0.0000000000
88858  0.000  0.000  0.000 0.0000000000
88864  0.000  0.000  0.000 0.0000000000
