#!ascii label  , from subject Woofsurfer vox2ras=TkReg coords=white
2426
1557  0.000  0.000  0.000 0.0000000000
1558  0.000  0.000  0.000 0.0000000000
1559  0.000  0.000  0.000 0.0000000000
1567  0.000  0.000  0.000 0.0000000000
1568  0.000  0.000  0.000 0.0000000000
1569  0.000  0.000  0.000 0.0000000000
1581  0.000  0.000  0.000 0.0000000000
1582  0.000  0.000  0.000 0.0000000000
1583  0.000  0.000  0.000 0.0000000000
1597  0.000  0.000  0.000 0.0000000000
1598  0.000  0.000  0.000 0.0000000000
1599  0.000  0.000  0.000 0.0000000000
1600  0.000  0.000  0.000 0.0000000000
1858  0.000  0.000  0.000 0.0000000000
1859  0.000  0.000  0.000 0.0000000000
1860  0.000  0.000  0.000 0.0000000000
1868  0.000  0.000  0.000 0.0000000000
1869  0.000  0.000  0.000 0.0000000000
1870  0.000  0.000  0.000 0.0000000000
1871  0.000  0.000  0.000 0.0000000000
1879  0.000  0.000  0.000 0.0000000000
1880  0.000  0.000  0.000 0.0000000000
1881  0.000  0.000  0.000 0.0000000000
1882  0.000  0.000  0.000 0.0000000000
1889  0.000  0.000  0.000 0.0000000000
1890  0.000  0.000  0.000 0.0000000000
1897  0.000  0.000  0.000 0.0000000000
1898  0.000  0.000  0.000 0.0000000000
1904  0.000  0.000  0.000 0.0000000000
1905  0.000  0.000  0.000 0.0000000000
1906  0.000  0.000  0.000 0.0000000000
1907  0.000  0.000  0.000 0.0000000000
1908  0.000  0.000  0.000 0.0000000000
1909  0.000  0.000  0.000 0.0000000000
1915  0.000  0.000  0.000 0.0000000000
1916  0.000  0.000  0.000 0.0000000000
1917  0.000  0.000  0.000 0.0000000000
1918  0.000  0.000  0.000 0.0000000000
1919  0.000  0.000  0.000 0.0000000000
1920  0.000  0.000  0.000 0.0000000000
1926  0.000  0.000  0.000 0.0000000000
1927  0.000  0.000  0.000 0.0000000000
1928  0.000  0.000  0.000 0.0000000000
1929  0.000  0.000  0.000 0.0000000000
1930  0.000  0.000  0.000 0.0000000000
1939  0.000  0.000  0.000 0.0000000000
1940  0.000  0.000  0.000 0.0000000000
1941  0.000  0.000  0.000 0.0000000000
1942  0.000  0.000  0.000 0.0000000000
1943  0.000  0.000  0.000 0.0000000000
1944  0.000  0.000  0.000 0.0000000000
1955  0.000  0.000  0.000 0.0000000000
1956  0.000  0.000  0.000 0.0000000000
1957  0.000  0.000  0.000 0.0000000000
1958  0.000  0.000  0.000 0.0000000000
1959  0.000  0.000  0.000 0.0000000000
1960  0.000  0.000  0.000 0.0000000000
2135  0.000  0.000  0.000 0.0000000000
2142  0.000  0.000  0.000 0.0000000000
2152  0.000  0.000  0.000 0.0000000000
2162  0.000  0.000  0.000 0.0000000000
2170  0.000  0.000  0.000 0.0000000000
2176  0.000  0.000  0.000 0.0000000000
2177  0.000  0.000  0.000 0.0000000000
2181  0.000  0.000  0.000 0.0000000000
2182  0.000  0.000  0.000 0.0000000000
2183  0.000  0.000  0.000 0.0000000000
2186  0.000  0.000  0.000 0.0000000000
2187  0.000  0.000  0.000 0.0000000000
2189  0.000  0.000  0.000 0.0000000000
2191  0.000  0.000  0.000 0.0000000000
2192  0.000  0.000  0.000 0.0000000000
2194  0.000  0.000  0.000 0.0000000000
2195  0.000  0.000  0.000 0.0000000000
2197  0.000  0.000  0.000 0.0000000000
2198  0.000  0.000  0.000 0.0000000000
2201  0.000  0.000  0.000 0.0000000000
2202  0.000  0.000  0.000 0.0000000000
2205  0.000  0.000  0.000 0.0000000000
2208  0.000  0.000  0.000 0.0000000000
2209  0.000  0.000  0.000 0.0000000000
2213  0.000  0.000  0.000 0.0000000000
2214  0.000  0.000  0.000 0.0000000000
2215  0.000  0.000  0.000 0.0000000000
2216  0.000  0.000  0.000 0.0000000000
2217  0.000  0.000  0.000 0.0000000000
2218  0.000  0.000  0.000 0.0000000000
2219  0.000  0.000  0.000 0.0000000000
2229  0.000  0.000  0.000 0.0000000000
2230  0.000  0.000  0.000 0.0000000000
2231  0.000  0.000  0.000 0.0000000000
2232  0.000  0.000  0.000 0.0000000000
2233  0.000  0.000  0.000 0.0000000000
2234  0.000  0.000  0.000 0.0000000000
2245  0.000  0.000  0.000 0.0000000000
2246  0.000  0.000  0.000 0.0000000000
2247  0.000  0.000  0.000 0.0000000000
2248  0.000  0.000  0.000 0.0000000000
2249  0.000  0.000  0.000 0.0000000000
2422  0.000  0.000  0.000 0.0000000000
2429  0.000  0.000  0.000 0.0000000000
2437  0.000  0.000  0.000 0.0000000000
2447  0.000  0.000  0.000 0.0000000000
2454  0.000  0.000  0.000 0.0000000000
2455  0.000  0.000  0.000 0.0000000000
2456  0.000  0.000  0.000 0.0000000000
2460  0.000  0.000  0.000 0.0000000000
2461  0.000  0.000  0.000 0.0000000000
2462  0.000  0.000  0.000 0.0000000000
2468  0.000  0.000  0.000 0.0000000000
2469  0.000  0.000  0.000 0.0000000000
2470  0.000  0.000  0.000 0.0000000000
2471  0.000  0.000  0.000 0.0000000000
2477  0.000  0.000  0.000 0.0000000000
2478  0.000  0.000  0.000 0.0000000000
2479  0.000  0.000  0.000 0.0000000000
2480  0.000  0.000  0.000 0.0000000000
2481  0.000  0.000  0.000 0.0000000000
2486  0.000  0.000  0.000 0.0000000000
2487  0.000  0.000  0.000 0.0000000000
2488  0.000  0.000  0.000 0.0000000000
2489  0.000  0.000  0.000 0.0000000000
2490  0.000  0.000  0.000 0.0000000000
2491  0.000  0.000  0.000 0.0000000000
2494  0.000  0.000  0.000 0.0000000000
2495  0.000  0.000  0.000 0.0000000000
2496  0.000  0.000  0.000 0.0000000000
2497  0.000  0.000  0.000 0.0000000000
2498  0.000  0.000  0.000 0.0000000000
2502  0.000  0.000  0.000 0.0000000000
2503  0.000  0.000  0.000 0.0000000000
2504  0.000  0.000  0.000 0.0000000000
2512  0.000  0.000  0.000 0.0000000000
2513  0.000  0.000  0.000 0.0000000000
2514  0.000  0.000  0.000 0.0000000000
2523  0.000  0.000  0.000 0.0000000000
2524  0.000  0.000  0.000 0.0000000000
2525  0.000  0.000  0.000 0.0000000000
2526  0.000  0.000  0.000 0.0000000000
2535  0.000  0.000  0.000 0.0000000000
2536  0.000  0.000  0.000 0.0000000000
2537  0.000  0.000  0.000 0.0000000000
2538  0.000  0.000  0.000 0.0000000000
2546  0.000  0.000  0.000 0.0000000000
2547  0.000  0.000  0.000 0.0000000000
2548  0.000  0.000  0.000 0.0000000000
2556  0.000  0.000  0.000 0.0000000000
2557  0.000  0.000  0.000 0.0000000000
2560  0.000  0.000  0.000 0.0000000000
2561  0.000  0.000  0.000 0.0000000000
2565  0.000  0.000  0.000 0.0000000000
2566  0.000  0.000  0.000 0.0000000000
2567  0.000  0.000  0.000 0.0000000000
2571  0.000  0.000  0.000 0.0000000000
2572  0.000  0.000  0.000 0.0000000000
2573  0.000  0.000  0.000 0.0000000000
2574  0.000  0.000  0.000 0.0000000000
2575  0.000  0.000  0.000 0.0000000000
2576  0.000  0.000  0.000 0.0000000000
2587  0.000  0.000  0.000 0.0000000000
2588  0.000  0.000  0.000 0.0000000000
2589  0.000  0.000  0.000 0.0000000000
2590  0.000  0.000  0.000 0.0000000000
2591  0.000  0.000  0.000 0.0000000000
2592  0.000  0.000  0.000 0.0000000000
2603  0.000  0.000  0.000 0.0000000000
2604  0.000  0.000  0.000 0.0000000000
2605  0.000  0.000  0.000 0.0000000000
2606  0.000  0.000  0.000 0.0000000000
2607  0.000  0.000  0.000 0.0000000000
2608  0.000  0.000  0.000 0.0000000000
2776  0.000  0.000  0.000 0.0000000000
2777  0.000  0.000  0.000 0.0000000000
2785  0.000  0.000  0.000 0.0000000000
2786  0.000  0.000  0.000 0.0000000000
2796  0.000  0.000  0.000 0.0000000000
2797  0.000  0.000  0.000 0.0000000000
2798  0.000  0.000  0.000 0.0000000000
2805  0.000  0.000  0.000 0.0000000000
2806  0.000  0.000  0.000 0.0000000000
2807  0.000  0.000  0.000 0.0000000000
2811  0.000  0.000  0.000 0.0000000000
2812  0.000  0.000  0.000 0.0000000000
2813  0.000  0.000  0.000 0.0000000000
2818  0.000  0.000  0.000 0.0000000000
2840  0.000  0.000  0.000 0.0000000000
2841  0.000  0.000  0.000 0.0000000000
2849  0.000  0.000  0.000 0.0000000000
2850  0.000  0.000  0.000 0.0000000000
2851  0.000  0.000  0.000 0.0000000000
2852  0.000  0.000  0.000 0.0000000000
2861  0.000  0.000  0.000 0.0000000000
2862  0.000  0.000  0.000 0.0000000000
2863  0.000  0.000  0.000 0.0000000000
2864  0.000  0.000  0.000 0.0000000000
2874  0.000  0.000  0.000 0.0000000000
2875  0.000  0.000  0.000 0.0000000000
2876  0.000  0.000  0.000 0.0000000000
2877  0.000  0.000  0.000 0.0000000000
2884  0.000  0.000  0.000 0.0000000000
2885  0.000  0.000  0.000 0.0000000000
2886  0.000  0.000  0.000 0.0000000000
2892  0.000  0.000  0.000 0.0000000000
2893  0.000  0.000  0.000 0.0000000000
2900  0.000  0.000  0.000 0.0000000000
2901  0.000  0.000  0.000 0.0000000000
2902  0.000  0.000  0.000 0.0000000000
2903  0.000  0.000  0.000 0.0000000000
2914  0.000  0.000  0.000 0.0000000000
2915  0.000  0.000  0.000 0.0000000000
2916  0.000  0.000  0.000 0.0000000000
2917  0.000  0.000  0.000 0.0000000000
2918  0.000  0.000  0.000 0.0000000000
2919  0.000  0.000  0.000 0.0000000000
2929  0.000  0.000  0.000 0.0000000000
2930  0.000  0.000  0.000 0.0000000000
2931  0.000  0.000  0.000 0.0000000000
2932  0.000  0.000  0.000 0.0000000000
2940  0.000  0.000  0.000 0.0000000000
2941  0.000  0.000  0.000 0.0000000000
2945  0.000  0.000  0.000 0.0000000000
2946  0.000  0.000  0.000 0.0000000000
2947  0.000  0.000  0.000 0.0000000000
2952  0.000  0.000  0.000 0.0000000000
2953  0.000  0.000  0.000 0.0000000000
2954  0.000  0.000  0.000 0.0000000000
2955  0.000  0.000  0.000 0.0000000000
2964  0.000  0.000  0.000 0.0000000000
2965  0.000  0.000  0.000 0.0000000000
2966  0.000  0.000  0.000 0.0000000000
2967  0.000  0.000  0.000 0.0000000000
2968  0.000  0.000  0.000 0.0000000000
2969  0.000  0.000  0.000 0.0000000000
2970  0.000  0.000  0.000 0.0000000000
2980  0.000  0.000  0.000 0.0000000000
2981  0.000  0.000  0.000 0.0000000000
2982  0.000  0.000  0.000 0.0000000000
2983  0.000  0.000  0.000 0.0000000000
2984  0.000  0.000  0.000 0.0000000000
2985  0.000  0.000  0.000 0.0000000000
3156  0.000  0.000  0.000 0.0000000000
3166  0.000  0.000  0.000 0.0000000000
3167  0.000  0.000  0.000 0.0000000000
3168  0.000  0.000  0.000 0.0000000000
3176  0.000  0.000  0.000 0.0000000000
3177  0.000  0.000  0.000 0.0000000000
3178  0.000  0.000  0.000 0.0000000000
3181  0.000  0.000  0.000 0.0000000000
3252  0.000  0.000  0.000 0.0000000000
3253  0.000  0.000  0.000 0.0000000000
3254  0.000  0.000  0.000 0.0000000000
3255  0.000  0.000  0.000 0.0000000000
3263  0.000  0.000  0.000 0.0000000000
3264  0.000  0.000  0.000 0.0000000000
3265  0.000  0.000  0.000 0.0000000000
3266  0.000  0.000  0.000 0.0000000000
3267  0.000  0.000  0.000 0.0000000000
3268  0.000  0.000  0.000 0.0000000000
3281  0.000  0.000  0.000 0.0000000000
3282  0.000  0.000  0.000 0.0000000000
3283  0.000  0.000  0.000 0.0000000000
3295  0.000  0.000  0.000 0.0000000000
3296  0.000  0.000  0.000 0.0000000000
3304  0.000  0.000  0.000 0.0000000000
3305  0.000  0.000  0.000 0.0000000000
3306  0.000  0.000  0.000 0.0000000000
3312  0.000  0.000  0.000 0.0000000000
3313  0.000  0.000  0.000 0.0000000000
3314  0.000  0.000  0.000 0.0000000000
3315  0.000  0.000  0.000 0.0000000000
3320  0.000  0.000  0.000 0.0000000000
3321  0.000  0.000  0.000 0.0000000000
3322  0.000  0.000  0.000 0.0000000000
3323  0.000  0.000  0.000 0.0000000000
3324  0.000  0.000  0.000 0.0000000000
3325  0.000  0.000  0.000 0.0000000000
3326  0.000  0.000  0.000 0.0000000000
3336  0.000  0.000  0.000 0.0000000000
3337  0.000  0.000  0.000 0.0000000000
3338  0.000  0.000  0.000 0.0000000000
3339  0.000  0.000  0.000 0.0000000000
3340  0.000  0.000  0.000 0.0000000000
3341  0.000  0.000  0.000 0.0000000000
3342  0.000  0.000  0.000 0.0000000000
3502  0.000  0.000  0.000 0.0000000000
3508  0.000  0.000  0.000 0.0000000000
3509  0.000  0.000  0.000 0.0000000000
3518  0.000  0.000  0.000 0.0000000000
3519  0.000  0.000  0.000 0.0000000000
3527  0.000  0.000  0.000 0.0000000000
3528  0.000  0.000  0.000 0.0000000000
3529  0.000  0.000  0.000 0.0000000000
3692  0.000  0.000  0.000 0.0000000000
3693  0.000  0.000  0.000 0.0000000000
3694  0.000  0.000  0.000 0.0000000000
3695  0.000  0.000  0.000 0.0000000000
3696  0.000  0.000  0.000 0.0000000000
3714  0.000  0.000  0.000 0.0000000000
3715  0.000  0.000  0.000 0.0000000000
3716  0.000  0.000  0.000 0.0000000000
3717  0.000  0.000  0.000 0.0000000000
3718  0.000  0.000  0.000 0.0000000000
3719  0.000  0.000  0.000 0.0000000000
3720  0.000  0.000  0.000 0.0000000000
3743  0.000  0.000  0.000 0.0000000000
3744  0.000  0.000  0.000 0.0000000000
3765  0.000  0.000  0.000 0.0000000000
3766  0.000  0.000  0.000 0.0000000000
3774  0.000  0.000  0.000 0.0000000000
3775  0.000  0.000  0.000 0.0000000000
3776  0.000  0.000  0.000 0.0000000000
3783  0.000  0.000  0.000 0.0000000000
3784  0.000  0.000  0.000 0.0000000000
3785  0.000  0.000  0.000 0.0000000000
3791  0.000  0.000  0.000 0.0000000000
3792  0.000  0.000  0.000 0.0000000000
3793  0.000  0.000  0.000 0.0000000000
3794  0.000  0.000  0.000 0.0000000000
3795  0.000  0.000  0.000 0.0000000000
3796  0.000  0.000  0.000 0.0000000000
3797  0.000  0.000  0.000 0.0000000000
3805  0.000  0.000  0.000 0.0000000000
3806  0.000  0.000  0.000 0.0000000000
3807  0.000  0.000  0.000 0.0000000000
3808  0.000  0.000  0.000 0.0000000000
3809  0.000  0.000  0.000 0.0000000000
3810  0.000  0.000  0.000 0.0000000000
3971  0.000  0.000  0.000 0.0000000000
3978  0.000  0.000  0.000 0.0000000000
3979  0.000  0.000  0.000 0.0000000000
3986  0.000  0.000  0.000 0.0000000000
3987  0.000  0.000  0.000 0.0000000000
3997  0.000  0.000  0.000 0.0000000000
3998  0.000  0.000  0.000 0.0000000000
3999  0.000  0.000  0.000 0.0000000000
4005  0.000  0.000  0.000 0.0000000000
4006  0.000  0.000  0.000 0.0000000000
4007  0.000  0.000  0.000 0.0000000000
4008  0.000  0.000  0.000 0.0000000000
4176  0.000  0.000  0.000 0.0000000000
4177  0.000  0.000  0.000 0.0000000000
4178  0.000  0.000  0.000 0.0000000000
4179  0.000  0.000  0.000 0.0000000000
4180  0.000  0.000  0.000 0.0000000000
4181  0.000  0.000  0.000 0.0000000000
4189  0.000  0.000  0.000 0.0000000000
4190  0.000  0.000  0.000 0.0000000000
4191  0.000  0.000  0.000 0.0000000000
4192  0.000  0.000  0.000 0.0000000000
4193  0.000  0.000  0.000 0.0000000000
4194  0.000  0.000  0.000 0.0000000000
4209  0.000  0.000  0.000 0.0000000000
4210  0.000  0.000  0.000 0.0000000000
4211  0.000  0.000  0.000 0.0000000000
4226  0.000  0.000  0.000 0.0000000000
4227  0.000  0.000  0.000 0.0000000000
4228  0.000  0.000  0.000 0.0000000000
4232  0.000  0.000  0.000 0.0000000000
4233  0.000  0.000  0.000 0.0000000000
4234  0.000  0.000  0.000 0.0000000000
4238  0.000  0.000  0.000 0.0000000000
4239  0.000  0.000  0.000 0.0000000000
4240  0.000  0.000  0.000 0.0000000000
4244  0.000  0.000  0.000 0.0000000000
4245  0.000  0.000  0.000 0.0000000000
4246  0.000  0.000  0.000 0.0000000000
4247  0.000  0.000  0.000 0.0000000000
4248  0.000  0.000  0.000 0.0000000000
4249  0.000  0.000  0.000 0.0000000000
4255  0.000  0.000  0.000 0.0000000000
4256  0.000  0.000  0.000 0.0000000000
4257  0.000  0.000  0.000 0.0000000000
4258  0.000  0.000  0.000 0.0000000000
4259  0.000  0.000  0.000 0.0000000000
4423  0.000  0.000  0.000 0.0000000000
4424  0.000  0.000  0.000 0.0000000000
4430  0.000  0.000  0.000 0.0000000000
4431  0.000  0.000  0.000 0.0000000000
4432  0.000  0.000  0.000 0.0000000000
4442  0.000  0.000  0.000 0.0000000000
4443  0.000  0.000  0.000 0.0000000000
4451  0.000  0.000  0.000 0.0000000000
4452  0.000  0.000  0.000 0.0000000000
4453  0.000  0.000  0.000 0.0000000000
4454  0.000  0.000  0.000 0.0000000000
4456  0.000  0.000  0.000 0.0000000000
4457  0.000  0.000  0.000 0.0000000000
4458  0.000  0.000  0.000 0.0000000000
4459  0.000  0.000  0.000 0.0000000000
4580  0.000  0.000  0.000 0.0000000000
4581  0.000  0.000  0.000 0.0000000000
4582  0.000  0.000  0.000 0.0000000000
4583  0.000  0.000  0.000 0.0000000000
4584  0.000  0.000  0.000 0.0000000000
4585  0.000  0.000  0.000 0.0000000000
4590  0.000  0.000  0.000 0.0000000000
4591  0.000  0.000  0.000 0.0000000000
4592  0.000  0.000  0.000 0.0000000000
4593  0.000  0.000  0.000 0.0000000000
4594  0.000  0.000  0.000 0.0000000000
4595  0.000  0.000  0.000 0.0000000000
4607  0.000  0.000  0.000 0.0000000000
4608  0.000  0.000  0.000 0.0000000000
4609  0.000  0.000  0.000 0.0000000000
4621  0.000  0.000  0.000 0.0000000000
4622  0.000  0.000  0.000 0.0000000000
4623  0.000  0.000  0.000 0.0000000000
4627  0.000  0.000  0.000 0.0000000000
4628  0.000  0.000  0.000 0.0000000000
4629  0.000  0.000  0.000 0.0000000000
4633  0.000  0.000  0.000 0.0000000000
4634  0.000  0.000  0.000 0.0000000000
4635  0.000  0.000  0.000 0.0000000000
4639  0.000  0.000  0.000 0.0000000000
4640  0.000  0.000  0.000 0.0000000000
4641  0.000  0.000  0.000 0.0000000000
4642  0.000  0.000  0.000 0.0000000000
4643  0.000  0.000  0.000 0.0000000000
4644  0.000  0.000  0.000 0.0000000000
4649  0.000  0.000  0.000 0.0000000000
4650  0.000  0.000  0.000 0.0000000000
4651  0.000  0.000  0.000 0.0000000000
4652  0.000  0.000  0.000 0.0000000000
4825  0.000  0.000  0.000 0.0000000000
4826  0.000  0.000  0.000 0.0000000000
4827  0.000  0.000  0.000 0.0000000000
4835  0.000  0.000  0.000 0.0000000000
4836  0.000  0.000  0.000 0.0000000000
4837  0.000  0.000  0.000 0.0000000000
4846  0.000  0.000  0.000 0.0000000000
4847  0.000  0.000  0.000 0.0000000000
4855  0.000  0.000  0.000 0.0000000000
4856  0.000  0.000  0.000 0.0000000000
4857  0.000  0.000  0.000 0.0000000000
4858  0.000  0.000  0.000 0.0000000000
4867  0.000  0.000  0.000 0.0000000000
4868  0.000  0.000  0.000 0.0000000000
4869  0.000  0.000  0.000 0.0000000000
4870  0.000  0.000  0.000 0.0000000000
4871  0.000  0.000  0.000 0.0000000000
4977  0.000  0.000  0.000 0.0000000000
4978  0.000  0.000  0.000 0.0000000000
4979  0.000  0.000  0.000 0.0000000000
4980  0.000  0.000  0.000 0.0000000000
4985  0.000  0.000  0.000 0.0000000000
4986  0.000  0.000  0.000 0.0000000000
4987  0.000  0.000  0.000 0.0000000000
4988  0.000  0.000  0.000 0.0000000000
4989  0.000  0.000  0.000 0.0000000000
4990  0.000  0.000  0.000 0.0000000000
4991  0.000  0.000  0.000 0.0000000000
4997  0.000  0.000  0.000 0.0000000000
4998  0.000  0.000  0.000 0.0000000000
4999  0.000  0.000  0.000 0.0000000000
5000  0.000  0.000  0.000 0.0000000000
5001  0.000  0.000  0.000 0.0000000000
5002  0.000  0.000  0.000 0.0000000000
5015  0.000  0.000  0.000 0.0000000000
5016  0.000  0.000  0.000 0.0000000000
5017  0.000  0.000  0.000 0.0000000000
5018  0.000  0.000  0.000 0.0000000000
5031  0.000  0.000  0.000 0.0000000000
5032  0.000  0.000  0.000 0.0000000000
5033  0.000  0.000  0.000 0.0000000000
5038  0.000  0.000  0.000 0.0000000000
5039  0.000  0.000  0.000 0.0000000000
5040  0.000  0.000  0.000 0.0000000000
5043  0.000  0.000  0.000 0.0000000000
5044  0.000  0.000  0.000 0.0000000000
5045  0.000  0.000  0.000 0.0000000000
5046  0.000  0.000  0.000 0.0000000000
5049  0.000  0.000  0.000 0.0000000000
5050  0.000  0.000  0.000 0.0000000000
5051  0.000  0.000  0.000 0.0000000000
5052  0.000  0.000  0.000 0.0000000000
5053  0.000  0.000  0.000 0.0000000000
5054  0.000  0.000  0.000 0.0000000000
5060  0.000  0.000  0.000 0.0000000000
5061  0.000  0.000  0.000 0.0000000000
5062  0.000  0.000  0.000 0.0000000000
5063  0.000  0.000  0.000 0.0000000000
5231  0.000  0.000  0.000 0.0000000000
5239  0.000  0.000  0.000 0.0000000000
5240  0.000  0.000  0.000 0.0000000000
5241  0.000  0.000  0.000 0.0000000000
5242  0.000  0.000  0.000 0.0000000000
5252  0.000  0.000  0.000 0.0000000000
5253  0.000  0.000  0.000 0.0000000000
5266  0.000  0.000  0.000 0.0000000000
5277  0.000  0.000  0.000 0.0000000000
5278  0.000  0.000  0.000 0.0000000000
5279  0.000  0.000  0.000 0.0000000000
5280  0.000  0.000  0.000 0.0000000000
5281  0.000  0.000  0.000 0.0000000000
5295  0.000  0.000  0.000 0.0000000000
5296  0.000  0.000  0.000 0.0000000000
5297  0.000  0.000  0.000 0.0000000000
5298  0.000  0.000  0.000 0.0000000000
5389  0.000  0.000  0.000 0.0000000000
5390  0.000  0.000  0.000 0.0000000000
5394  0.000  0.000  0.000 0.0000000000
5395  0.000  0.000  0.000 0.0000000000
5396  0.000  0.000  0.000 0.0000000000
5397  0.000  0.000  0.000 0.0000000000
5398  0.000  0.000  0.000 0.0000000000
5402  0.000  0.000  0.000 0.0000000000
5403  0.000  0.000  0.000 0.0000000000
5404  0.000  0.000  0.000 0.0000000000
5405  0.000  0.000  0.000 0.0000000000
5406  0.000  0.000  0.000 0.0000000000
5407  0.000  0.000  0.000 0.0000000000
5408  0.000  0.000  0.000 0.0000000000
5412  0.000  0.000  0.000 0.0000000000
5413  0.000  0.000  0.000 0.0000000000
5414  0.000  0.000  0.000 0.0000000000
5415  0.000  0.000  0.000 0.0000000000
5416  0.000  0.000  0.000 0.0000000000
5417  0.000  0.000  0.000 0.0000000000
5430  0.000  0.000  0.000 0.0000000000
5431  0.000  0.000  0.000 0.0000000000
5432  0.000  0.000  0.000 0.0000000000
5444  0.000  0.000  0.000 0.0000000000
5445  0.000  0.000  0.000 0.0000000000
5446  0.000  0.000  0.000 0.0000000000
5451  0.000  0.000  0.000 0.0000000000
5452  0.000  0.000  0.000 0.0000000000
5453  0.000  0.000  0.000 0.0000000000
5455  0.000  0.000  0.000 0.0000000000
5456  0.000  0.000  0.000 0.0000000000
5457  0.000  0.000  0.000 0.0000000000
5458  0.000  0.000  0.000 0.0000000000
5460  0.000  0.000  0.000 0.0000000000
5461  0.000  0.000  0.000 0.0000000000
5462  0.000  0.000  0.000 0.0000000000
5463  0.000  0.000  0.000 0.0000000000
5464  0.000  0.000  0.000 0.0000000000
5471  0.000  0.000  0.000 0.0000000000
5472  0.000  0.000  0.000 0.0000000000
5473  0.000  0.000  0.000 0.0000000000
5650  0.000  0.000  0.000 0.0000000000
5658  0.000  0.000  0.000 0.0000000000
5659  0.000  0.000  0.000 0.0000000000
5660  0.000  0.000  0.000 0.0000000000
5675  0.000  0.000  0.000 0.0000000000
5676  0.000  0.000  0.000 0.0000000000
5688  0.000  0.000  0.000 0.0000000000
5689  0.000  0.000  0.000 0.0000000000
5701  0.000  0.000  0.000 0.0000000000
5702  0.000  0.000  0.000 0.0000000000
5703  0.000  0.000  0.000 0.0000000000
5704  0.000  0.000  0.000 0.0000000000
5705  0.000  0.000  0.000 0.0000000000
5718  0.000  0.000  0.000 0.0000000000
5719  0.000  0.000  0.000 0.0000000000
5791  0.000  0.000  0.000 0.0000000000
5792  0.000  0.000  0.000 0.0000000000
5793  0.000  0.000  0.000 0.0000000000
5796  0.000  0.000  0.000 0.0000000000
5797  0.000  0.000  0.000 0.0000000000
5798  0.000  0.000  0.000 0.0000000000
5799  0.000  0.000  0.000 0.0000000000
5800  0.000  0.000  0.000 0.0000000000
5801  0.000  0.000  0.000 0.0000000000
5806  0.000  0.000  0.000 0.0000000000
5807  0.000  0.000  0.000 0.0000000000
5808  0.000  0.000  0.000 0.0000000000
5809  0.000  0.000  0.000 0.0000000000
5810  0.000  0.000  0.000 0.0000000000
5811  0.000  0.000  0.000 0.0000000000
5812  0.000  0.000  0.000 0.0000000000
5819  0.000  0.000  0.000 0.0000000000
5820  0.000  0.000  0.000 0.0000000000
5821  0.000  0.000  0.000 0.0000000000
5822  0.000  0.000  0.000 0.0000000000
5823  0.000  0.000  0.000 0.0000000000
5835  0.000  0.000  0.000 0.0000000000
5836  0.000  0.000  0.000 0.0000000000
5837  0.000  0.000  0.000 0.0000000000
5848  0.000  0.000  0.000 0.0000000000
5849  0.000  0.000  0.000 0.0000000000
5850  0.000  0.000  0.000 0.0000000000
5856  0.000  0.000  0.000 0.0000000000
5857  0.000  0.000  0.000 0.0000000000
5858  0.000  0.000  0.000 0.0000000000
5859  0.000  0.000  0.000 0.0000000000
5862  0.000  0.000  0.000 0.0000000000
5863  0.000  0.000  0.000 0.0000000000
5864  0.000  0.000  0.000 0.0000000000
5865  0.000  0.000  0.000 0.0000000000
5866  0.000  0.000  0.000 0.0000000000
5869  0.000  0.000  0.000 0.0000000000
5870  0.000  0.000  0.000 0.0000000000
5871  0.000  0.000  0.000 0.0000000000
5872  0.000  0.000  0.000 0.0000000000
6077  0.000  0.000  0.000 0.0000000000
6078  0.000  0.000  0.000 0.0000000000
6079  0.000  0.000  0.000 0.0000000000
6096  0.000  0.000  0.000 0.0000000000
6097  0.000  0.000  0.000 0.0000000000
6098  0.000  0.000  0.000 0.0000000000
6099  0.000  0.000  0.000 0.0000000000
6115  0.000  0.000  0.000 0.0000000000
6116  0.000  0.000  0.000 0.0000000000
6126  0.000  0.000  0.000 0.0000000000
6127  0.000  0.000  0.000 0.0000000000
6128  0.000  0.000  0.000 0.0000000000
6129  0.000  0.000  0.000 0.0000000000
6130  0.000  0.000  0.000 0.0000000000
6131  0.000  0.000  0.000 0.0000000000
6140  0.000  0.000  0.000 0.0000000000
6141  0.000  0.000  0.000 0.0000000000
6142  0.000  0.000  0.000 0.0000000000
6143  0.000  0.000  0.000 0.0000000000
6144  0.000  0.000  0.000 0.0000000000
6145  0.000  0.000  0.000 0.0000000000
6239  0.000  0.000  0.000 0.0000000000
6240  0.000  0.000  0.000 0.0000000000
6241  0.000  0.000  0.000 0.0000000000
6242  0.000  0.000  0.000 0.0000000000
6247  0.000  0.000  0.000 0.0000000000
6248  0.000  0.000  0.000 0.0000000000
6249  0.000  0.000  0.000 0.0000000000
6250  0.000  0.000  0.000 0.0000000000
6251  0.000  0.000  0.000 0.0000000000
6252  0.000  0.000  0.000 0.0000000000
6255  0.000  0.000  0.000 0.0000000000
6256  0.000  0.000  0.000 0.0000000000
6257  0.000  0.000  0.000 0.0000000000
6258  0.000  0.000  0.000 0.0000000000
6259  0.000  0.000  0.000 0.0000000000
6260  0.000  0.000  0.000 0.0000000000
6261  0.000  0.000  0.000 0.0000000000
6262  0.000  0.000  0.000 0.0000000000
6267  0.000  0.000  0.000 0.0000000000
6268  0.000  0.000  0.000 0.0000000000
6269  0.000  0.000  0.000 0.0000000000
6270  0.000  0.000  0.000 0.0000000000
6271  0.000  0.000  0.000 0.0000000000
6272  0.000  0.000  0.000 0.0000000000
6284  0.000  0.000  0.000 0.0000000000
6285  0.000  0.000  0.000 0.0000000000
6286  0.000  0.000  0.000 0.0000000000
6297  0.000  0.000  0.000 0.0000000000
6298  0.000  0.000  0.000 0.0000000000
6299  0.000  0.000  0.000 0.0000000000
6303  0.000  0.000  0.000 0.0000000000
6304  0.000  0.000  0.000 0.0000000000
6305  0.000  0.000  0.000 0.0000000000
6306  0.000  0.000  0.000 0.0000000000
6308  0.000  0.000  0.000 0.0000000000
6309  0.000  0.000  0.000 0.0000000000
6310  0.000  0.000  0.000 0.0000000000
6311  0.000  0.000  0.000 0.0000000000
6312  0.000  0.000  0.000 0.0000000000
6314  0.000  0.000  0.000 0.0000000000
6315  0.000  0.000  0.000 0.0000000000
6316  0.000  0.000  0.000 0.0000000000
6317  0.000  0.000  0.000 0.0000000000
6540  0.000  0.000  0.000 0.0000000000
6555  0.000  0.000  0.000 0.0000000000
6556  0.000  0.000  0.000 0.0000000000
6557  0.000  0.000  0.000 0.0000000000
6558  0.000  0.000  0.000 0.0000000000
6576  0.000  0.000  0.000 0.0000000000
6577  0.000  0.000  0.000 0.0000000000
6586  0.000  0.000  0.000 0.0000000000
6594  0.000  0.000  0.000 0.0000000000
6595  0.000  0.000  0.000 0.0000000000
6596  0.000  0.000  0.000 0.0000000000
6597  0.000  0.000  0.000 0.0000000000
6598  0.000  0.000  0.000 0.0000000000
6599  0.000  0.000  0.000 0.0000000000
6609  0.000  0.000  0.000 0.0000000000
6610  0.000  0.000  0.000 0.0000000000
6611  0.000  0.000  0.000 0.0000000000
6761  0.000  0.000  0.000 0.0000000000
6762  0.000  0.000  0.000 0.0000000000
6763  0.000  0.000  0.000 0.0000000000
6764  0.000  0.000  0.000 0.0000000000
6768  0.000  0.000  0.000 0.0000000000
6769  0.000  0.000  0.000 0.0000000000
6770  0.000  0.000  0.000 0.0000000000
6771  0.000  0.000  0.000 0.0000000000
6772  0.000  0.000  0.000 0.0000000000
6773  0.000  0.000  0.000 0.0000000000
6776  0.000  0.000  0.000 0.0000000000
6777  0.000  0.000  0.000 0.0000000000
6778  0.000  0.000  0.000 0.0000000000
6779  0.000  0.000  0.000 0.0000000000
6780  0.000  0.000  0.000 0.0000000000
6781  0.000  0.000  0.000 0.0000000000
6782  0.000  0.000  0.000 0.0000000000
6783  0.000  0.000  0.000 0.0000000000
6789  0.000  0.000  0.000 0.0000000000
6790  0.000  0.000  0.000 0.0000000000
6791  0.000  0.000  0.000 0.0000000000
6792  0.000  0.000  0.000 0.0000000000
6793  0.000  0.000  0.000 0.0000000000
6794  0.000  0.000  0.000 0.0000000000
6795  0.000  0.000  0.000 0.0000000000
6807  0.000  0.000  0.000 0.0000000000
6808  0.000  0.000  0.000 0.0000000000
6809  0.000  0.000  0.000 0.0000000000
6818  0.000  0.000  0.000 0.0000000000
6819  0.000  0.000  0.000 0.0000000000
6820  0.000  0.000  0.000 0.0000000000
6821  0.000  0.000  0.000 0.0000000000
6826  0.000  0.000  0.000 0.0000000000
6827  0.000  0.000  0.000 0.0000000000
6828  0.000  0.000  0.000 0.0000000000
6829  0.000  0.000  0.000 0.0000000000
6831  0.000  0.000  0.000 0.0000000000
6832  0.000  0.000  0.000 0.0000000000
6833  0.000  0.000  0.000 0.0000000000
6834  0.000  0.000  0.000 0.0000000000
6835  0.000  0.000  0.000 0.0000000000
6840  0.000  0.000  0.000 0.0000000000
6841  0.000  0.000  0.000 0.0000000000
7097  0.000  0.000  0.000 0.0000000000
7098  0.000  0.000  0.000 0.0000000000
7099  0.000  0.000  0.000 0.0000000000
7114  0.000  0.000  0.000 0.0000000000
7115  0.000  0.000  0.000 0.0000000000
7116  0.000  0.000  0.000 0.0000000000
7130  0.000  0.000  0.000 0.0000000000
7137  0.000  0.000  0.000 0.0000000000
7145  0.000  0.000  0.000 0.0000000000
7146  0.000  0.000  0.000 0.0000000000
7147  0.000  0.000  0.000 0.0000000000
7148  0.000  0.000  0.000 0.0000000000
7149  0.000  0.000  0.000 0.0000000000
7301  0.000  0.000  0.000 0.0000000000
7302  0.000  0.000  0.000 0.0000000000
7303  0.000  0.000  0.000 0.0000000000
7308  0.000  0.000  0.000 0.0000000000
7309  0.000  0.000  0.000 0.0000000000
7310  0.000  0.000  0.000 0.0000000000
7311  0.000  0.000  0.000 0.0000000000
7312  0.000  0.000  0.000 0.0000000000
7316  0.000  0.000  0.000 0.0000000000
7317  0.000  0.000  0.000 0.0000000000
7318  0.000  0.000  0.000 0.0000000000
7319  0.000  0.000  0.000 0.0000000000
7320  0.000  0.000  0.000 0.0000000000
7321  0.000  0.000  0.000 0.0000000000
7322  0.000  0.000  0.000 0.0000000000
7323  0.000  0.000  0.000 0.0000000000
7330  0.000  0.000  0.000 0.0000000000
7331  0.000  0.000  0.000 0.0000000000
7332  0.000  0.000  0.000 0.0000000000
7333  0.000  0.000  0.000 0.0000000000
7334  0.000  0.000  0.000 0.0000000000
7335  0.000  0.000  0.000 0.0000000000
7346  0.000  0.000  0.000 0.0000000000
7347  0.000  0.000  0.000 0.0000000000
7348  0.000  0.000  0.000 0.0000000000
7357  0.000  0.000  0.000 0.0000000000
7358  0.000  0.000  0.000 0.0000000000
7359  0.000  0.000  0.000 0.0000000000
7360  0.000  0.000  0.000 0.0000000000
7366  0.000  0.000  0.000 0.0000000000
7367  0.000  0.000  0.000 0.0000000000
7368  0.000  0.000  0.000 0.0000000000
7369  0.000  0.000  0.000 0.0000000000
7370  0.000  0.000  0.000 0.0000000000
7372  0.000  0.000  0.000 0.0000000000
7373  0.000  0.000  0.000 0.0000000000
7374  0.000  0.000  0.000 0.0000000000
7375  0.000  0.000  0.000 0.0000000000
7376  0.000  0.000  0.000 0.0000000000
7663  0.000  0.000  0.000 0.0000000000
7664  0.000  0.000  0.000 0.0000000000
7677  0.000  0.000  0.000 0.0000000000
7678  0.000  0.000  0.000 0.0000000000
7679  0.000  0.000  0.000 0.0000000000
7680  0.000  0.000  0.000 0.0000000000
7696  0.000  0.000  0.000 0.0000000000
7697  0.000  0.000  0.000 0.0000000000
7698  0.000  0.000  0.000 0.0000000000
7710  0.000  0.000  0.000 0.0000000000
7711  0.000  0.000  0.000 0.0000000000
7718  0.000  0.000  0.000 0.0000000000
7719  0.000  0.000  0.000 0.0000000000
7720  0.000  0.000  0.000 0.0000000000
7721  0.000  0.000  0.000 0.0000000000
7722  0.000  0.000  0.000 0.0000000000
7731  0.000  0.000  0.000 0.0000000000
7732  0.000  0.000  0.000 0.0000000000
7733  0.000  0.000  0.000 0.0000000000
7734  0.000  0.000  0.000 0.0000000000
7735  0.000  0.000  0.000 0.0000000000
7875  0.000  0.000  0.000 0.0000000000
7876  0.000  0.000  0.000 0.0000000000
7877  0.000  0.000  0.000 0.0000000000
7884  0.000  0.000  0.000 0.0000000000
7885  0.000  0.000  0.000 0.0000000000
7886  0.000  0.000  0.000 0.0000000000
7887  0.000  0.000  0.000 0.0000000000
7888  0.000  0.000  0.000 0.0000000000
7889  0.000  0.000  0.000 0.0000000000
7895  0.000  0.000  0.000 0.0000000000
7896  0.000  0.000  0.000 0.0000000000
7897  0.000  0.000  0.000 0.0000000000
7898  0.000  0.000  0.000 0.0000000000
7899  0.000  0.000  0.000 0.0000000000
7900  0.000  0.000  0.000 0.0000000000
7901  0.000  0.000  0.000 0.0000000000
7902  0.000  0.000  0.000 0.0000000000
7912  0.000  0.000  0.000 0.0000000000
7913  0.000  0.000  0.000 0.0000000000
7914  0.000  0.000  0.000 0.0000000000
7915  0.000  0.000  0.000 0.0000000000
7916  0.000  0.000  0.000 0.0000000000
7927  0.000  0.000  0.000 0.0000000000
7928  0.000  0.000  0.000 0.0000000000
7929  0.000  0.000  0.000 0.0000000000
7939  0.000  0.000  0.000 0.0000000000
7940  0.000  0.000  0.000 0.0000000000
7941  0.000  0.000  0.000 0.0000000000
7947  0.000  0.000  0.000 0.0000000000
7948  0.000  0.000  0.000 0.0000000000
7949  0.000  0.000  0.000 0.0000000000
7950  0.000  0.000  0.000 0.0000000000
7951  0.000  0.000  0.000 0.0000000000
7952  0.000  0.000  0.000 0.0000000000
7955  0.000  0.000  0.000 0.0000000000
7956  0.000  0.000  0.000 0.0000000000
7957  0.000  0.000  0.000 0.0000000000
8238  0.000  0.000  0.000 0.0000000000
8239  0.000  0.000  0.000 0.0000000000
8255  0.000  0.000  0.000 0.0000000000
8256  0.000  0.000  0.000 0.0000000000
8257  0.000  0.000  0.000 0.0000000000
8272  0.000  0.000  0.000 0.0000000000
8273  0.000  0.000  0.000 0.0000000000
8282  0.000  0.000  0.000 0.0000000000
8283  0.000  0.000  0.000 0.0000000000
8291  0.000  0.000  0.000 0.0000000000
8292  0.000  0.000  0.000 0.0000000000
8293  0.000  0.000  0.000 0.0000000000
8294  0.000  0.000  0.000 0.0000000000
8295  0.000  0.000  0.000 0.0000000000
8444  0.000  0.000  0.000 0.0000000000
8445  0.000  0.000  0.000 0.0000000000
8452  0.000  0.000  0.000 0.0000000000
8453  0.000  0.000  0.000 0.0000000000
8454  0.000  0.000  0.000 0.0000000000
8455  0.000  0.000  0.000 0.0000000000
8456  0.000  0.000  0.000 0.0000000000
8457  0.000  0.000  0.000 0.0000000000
8464  0.000  0.000  0.000 0.0000000000
8465  0.000  0.000  0.000 0.0000000000
8466  0.000  0.000  0.000 0.0000000000
8467  0.000  0.000  0.000 0.0000000000
8468  0.000  0.000  0.000 0.0000000000
8469  0.000  0.000  0.000 0.0000000000
8470  0.000  0.000  0.000 0.0000000000
8471  0.000  0.000  0.000 0.0000000000
8472  0.000  0.000  0.000 0.0000000000
8480  0.000  0.000  0.000 0.0000000000
8481  0.000  0.000  0.000 0.0000000000
8482  0.000  0.000  0.000 0.0000000000
8483  0.000  0.000  0.000 0.0000000000
8494  0.000  0.000  0.000 0.0000000000
8495  0.000  0.000  0.000 0.0000000000
8496  0.000  0.000  0.000 0.0000000000
8506  0.000  0.000  0.000 0.0000000000
8507  0.000  0.000  0.000 0.0000000000
8508  0.000  0.000  0.000 0.0000000000
8509  0.000  0.000  0.000 0.0000000000
8515  0.000  0.000  0.000 0.0000000000
8516  0.000  0.000  0.000 0.0000000000
8517  0.000  0.000  0.000 0.0000000000
8518  0.000  0.000  0.000 0.0000000000
8827  0.000  0.000  0.000 0.0000000000
8828  0.000  0.000  0.000 0.0000000000
8829  0.000  0.000  0.000 0.0000000000
8841  0.000  0.000  0.000 0.0000000000
8842  0.000  0.000  0.000 0.0000000000
8843  0.000  0.000  0.000 0.0000000000
8856  0.000  0.000  0.000 0.0000000000
8857  0.000  0.000  0.000 0.0000000000
8864  0.000  0.000  0.000 0.0000000000
8865  0.000  0.000  0.000 0.0000000000
8866  0.000  0.000  0.000 0.0000000000
8867  0.000  0.000  0.000 0.0000000000
8868  0.000  0.000  0.000 0.0000000000
8869  0.000  0.000  0.000 0.0000000000
8878  0.000  0.000  0.000 0.0000000000
8879  0.000  0.000  0.000 0.0000000000
8880  0.000  0.000  0.000 0.0000000000
8881  0.000  0.000  0.000 0.0000000000
8882  0.000  0.000  0.000 0.0000000000
9024  0.000  0.000  0.000 0.0000000000
9025  0.000  0.000  0.000 0.0000000000
9033  0.000  0.000  0.000 0.0000000000
9034  0.000  0.000  0.000 0.0000000000
9035  0.000  0.000  0.000 0.0000000000
9036  0.000  0.000  0.000 0.0000000000
9037  0.000  0.000  0.000 0.0000000000
9038  0.000  0.000  0.000 0.0000000000
9039  0.000  0.000  0.000 0.0000000000
9040  0.000  0.000  0.000 0.0000000000
9041  0.000  0.000  0.000 0.0000000000
9047  0.000  0.000  0.000 0.0000000000
9048  0.000  0.000  0.000 0.0000000000
9049  0.000  0.000  0.000 0.0000000000
9050  0.000  0.000  0.000 0.0000000000
9051  0.000  0.000  0.000 0.0000000000
9052  0.000  0.000  0.000 0.0000000000
9053  0.000  0.000  0.000 0.0000000000
9054  0.000  0.000  0.000 0.0000000000
9055  0.000  0.000  0.000 0.0000000000
9063  0.000  0.000  0.000 0.0000000000
9064  0.000  0.000  0.000 0.0000000000
9065  0.000  0.000  0.000 0.0000000000
9066  0.000  0.000  0.000 0.0000000000
9077  0.000  0.000  0.000 0.0000000000
9078  0.000  0.000  0.000 0.0000000000
9079  0.000  0.000  0.000 0.0000000000
9089  0.000  0.000  0.000 0.0000000000
9090  0.000  0.000  0.000 0.0000000000
9091  0.000  0.000  0.000 0.0000000000
9092  0.000  0.000  0.000 0.0000000000
9093  0.000  0.000  0.000 0.0000000000
9101  0.000  0.000  0.000 0.0000000000
9102  0.000  0.000  0.000 0.0000000000
9398  0.000  0.000  0.000 0.0000000000
9413  0.000  0.000  0.000 0.0000000000
9414  0.000  0.000  0.000 0.0000000000
9415  0.000  0.000  0.000 0.0000000000
9428  0.000  0.000  0.000 0.0000000000
9429  0.000  0.000  0.000 0.0000000000
9441  0.000  0.000  0.000 0.0000000000
9442  0.000  0.000  0.000 0.0000000000
9450  0.000  0.000  0.000 0.0000000000
9451  0.000  0.000  0.000 0.0000000000
9452  0.000  0.000  0.000 0.0000000000
9453  0.000  0.000  0.000 0.0000000000
9454  0.000  0.000  0.000 0.0000000000
9604  0.000  0.000  0.000 0.0000000000
9605  0.000  0.000  0.000 0.0000000000
9606  0.000  0.000  0.000 0.0000000000
9607  0.000  0.000  0.000 0.0000000000
9614  0.000  0.000  0.000 0.0000000000
9615  0.000  0.000  0.000 0.0000000000
9616  0.000  0.000  0.000 0.0000000000
9617  0.000  0.000  0.000 0.0000000000
9618  0.000  0.000  0.000 0.0000000000
9619  0.000  0.000  0.000 0.0000000000
9620  0.000  0.000  0.000 0.0000000000
9621  0.000  0.000  0.000 0.0000000000
9622  0.000  0.000  0.000 0.0000000000
9623  0.000  0.000  0.000 0.0000000000
9629  0.000  0.000  0.000 0.0000000000
9630  0.000  0.000  0.000 0.0000000000
9631  0.000  0.000  0.000 0.0000000000
9632  0.000  0.000  0.000 0.0000000000
9633  0.000  0.000  0.000 0.0000000000
9634  0.000  0.000  0.000 0.0000000000
9635  0.000  0.000  0.000 0.0000000000
9636  0.000  0.000  0.000 0.0000000000
9637  0.000  0.000  0.000 0.0000000000
9643  0.000  0.000  0.000 0.0000000000
9644  0.000  0.000  0.000 0.0000000000
9645  0.000  0.000  0.000 0.0000000000
9646  0.000  0.000  0.000 0.0000000000
9647  0.000  0.000  0.000 0.0000000000
9656  0.000  0.000  0.000 0.0000000000
9657  0.000  0.000  0.000 0.0000000000
9658  0.000  0.000  0.000 0.0000000000
9659  0.000  0.000  0.000 0.0000000000
9671  0.000  0.000  0.000 0.0000000000
9672  0.000  0.000  0.000 0.0000000000
9673  0.000  0.000  0.000 0.0000000000
9674  0.000  0.000  0.000 0.0000000000
9685  0.000  0.000  0.000 0.0000000000
9686  0.000  0.000  0.000 0.0000000000
9753  0.000  0.000  0.000 0.0000000000
9754  0.000  0.000  0.000 0.0000000000
9767  0.000  0.000  0.000 0.0000000000
9768  0.000  0.000  0.000 0.0000000000
9779  0.000  0.000  0.000 0.0000000000
9976  0.000  0.000  0.000 0.0000000000
9977  0.000  0.000  0.000 0.0000000000
9992  0.000  0.000  0.000 0.0000000000
9993  0.000  0.000  0.000 0.0000000000
9994  0.000  0.000  0.000 0.0000000000
10006  0.000  0.000  0.000 0.0000000000
10007  0.000  0.000  0.000 0.0000000000
10008  0.000  0.000  0.000 0.0000000000
10021  0.000  0.000  0.000 0.0000000000
10022  0.000  0.000  0.000 0.0000000000
10032  0.000  0.000  0.000 0.0000000000
10033  0.000  0.000  0.000 0.0000000000
10034  0.000  0.000  0.000 0.0000000000
10035  0.000  0.000  0.000 0.0000000000
10036  0.000  0.000  0.000 0.0000000000
10045  0.000  0.000  0.000 0.0000000000
10046  0.000  0.000  0.000 0.0000000000
10047  0.000  0.000  0.000 0.0000000000
10048  0.000  0.000  0.000 0.0000000000
10202  0.000  0.000  0.000 0.0000000000
10203  0.000  0.000  0.000 0.0000000000
10204  0.000  0.000  0.000 0.0000000000
10205  0.000  0.000  0.000 0.0000000000
10212  0.000  0.000  0.000 0.0000000000
10213  0.000  0.000  0.000 0.0000000000
10214  0.000  0.000  0.000 0.0000000000
10215  0.000  0.000  0.000 0.0000000000
10216  0.000  0.000  0.000 0.0000000000
10217  0.000  0.000  0.000 0.0000000000
10218  0.000  0.000  0.000 0.0000000000
10219  0.000  0.000  0.000 0.0000000000
10220  0.000  0.000  0.000 0.0000000000
10221  0.000  0.000  0.000 0.0000000000
10227  0.000  0.000  0.000 0.0000000000
10228  0.000  0.000  0.000 0.0000000000
10229  0.000  0.000  0.000 0.0000000000
10230  0.000  0.000  0.000 0.0000000000
10231  0.000  0.000  0.000 0.0000000000
10232  0.000  0.000  0.000 0.0000000000
10233  0.000  0.000  0.000 0.0000000000
10234  0.000  0.000  0.000 0.0000000000
10235  0.000  0.000  0.000 0.0000000000
10236  0.000  0.000  0.000 0.0000000000
10237  0.000  0.000  0.000 0.0000000000
10243  0.000  0.000  0.000 0.0000000000
10244  0.000  0.000  0.000 0.0000000000
10245  0.000  0.000  0.000 0.0000000000
10246  0.000  0.000  0.000 0.0000000000
10247  0.000  0.000  0.000 0.0000000000
10254  0.000  0.000  0.000 0.0000000000
10255  0.000  0.000  0.000 0.0000000000
10256  0.000  0.000  0.000 0.0000000000
10257  0.000  0.000  0.000 0.0000000000
10267  0.000  0.000  0.000 0.0000000000
10268  0.000  0.000  0.000 0.0000000000
10269  0.000  0.000  0.000 0.0000000000
10281  0.000  0.000  0.000 0.0000000000
10282  0.000  0.000  0.000 0.0000000000
10283  0.000  0.000  0.000 0.0000000000
10332  0.000  0.000  0.000 0.0000000000
10333  0.000  0.000  0.000 0.0000000000
10334  0.000  0.000  0.000 0.0000000000
10340  0.000  0.000  0.000 0.0000000000
10341  0.000  0.000  0.000 0.0000000000
10342  0.000  0.000  0.000 0.0000000000
10349  0.000  0.000  0.000 0.0000000000
10350  0.000  0.000  0.000 0.0000000000
10351  0.000  0.000  0.000 0.0000000000
10358  0.000  0.000  0.000 0.0000000000
10359  0.000  0.000  0.000 0.0000000000
10360  0.000  0.000  0.000 0.0000000000
10526  0.000  0.000  0.000 0.0000000000
10540  0.000  0.000  0.000 0.0000000000
10541  0.000  0.000  0.000 0.0000000000
10553  0.000  0.000  0.000 0.0000000000
10554  0.000  0.000  0.000 0.0000000000
10555  0.000  0.000  0.000 0.0000000000
10567  0.000  0.000  0.000 0.0000000000
10568  0.000  0.000  0.000 0.0000000000
10579  0.000  0.000  0.000 0.0000000000
10580  0.000  0.000  0.000 0.0000000000
10590  0.000  0.000  0.000 0.0000000000
10591  0.000  0.000  0.000 0.0000000000
10592  0.000  0.000  0.000 0.0000000000
10593  0.000  0.000  0.000 0.0000000000
10764  0.000  0.000  0.000 0.0000000000
10765  0.000  0.000  0.000 0.0000000000
10766  0.000  0.000  0.000 0.0000000000
10772  0.000  0.000  0.000 0.0000000000
10773  0.000  0.000  0.000 0.0000000000
10774  0.000  0.000  0.000 0.0000000000
10775  0.000  0.000  0.000 0.0000000000
10776  0.000  0.000  0.000 0.0000000000
10777  0.000  0.000  0.000 0.0000000000
10778  0.000  0.000  0.000 0.0000000000
10779  0.000  0.000  0.000 0.0000000000
10780  0.000  0.000  0.000 0.0000000000
10787  0.000  0.000  0.000 0.0000000000
10788  0.000  0.000  0.000 0.0000000000
10789  0.000  0.000  0.000 0.0000000000
10790  0.000  0.000  0.000 0.0000000000
10791  0.000  0.000  0.000 0.0000000000
10792  0.000  0.000  0.000 0.0000000000
10793  0.000  0.000  0.000 0.0000000000
10794  0.000  0.000  0.000 0.0000000000
10795  0.000  0.000  0.000 0.0000000000
10796  0.000  0.000  0.000 0.0000000000
10797  0.000  0.000  0.000 0.0000000000
10803  0.000  0.000  0.000 0.0000000000
10804  0.000  0.000  0.000 0.0000000000
10805  0.000  0.000  0.000 0.0000000000
10806  0.000  0.000  0.000 0.0000000000
10807  0.000  0.000  0.000 0.0000000000
10808  0.000  0.000  0.000 0.0000000000
10815  0.000  0.000  0.000 0.0000000000
10816  0.000  0.000  0.000 0.0000000000
10817  0.000  0.000  0.000 0.0000000000
10826  0.000  0.000  0.000 0.0000000000
10827  0.000  0.000  0.000 0.0000000000
10828  0.000  0.000  0.000 0.0000000000
10829  0.000  0.000  0.000 0.0000000000
10830  0.000  0.000  0.000 0.0000000000
10839  0.000  0.000  0.000 0.0000000000
10840  0.000  0.000  0.000 0.0000000000
10841  0.000  0.000  0.000 0.0000000000
10842  0.000  0.000  0.000 0.0000000000
10851  0.000  0.000  0.000 0.0000000000
10852  0.000  0.000  0.000 0.0000000000
10861  0.000  0.000  0.000 0.0000000000
10870  0.000  0.000  0.000 0.0000000000
10874  0.000  0.000  0.000 0.0000000000
10875  0.000  0.000  0.000 0.0000000000
10879  0.000  0.000  0.000 0.0000000000
10880  0.000  0.000  0.000 0.0000000000
10883  0.000  0.000  0.000 0.0000000000
10884  0.000  0.000  0.000 0.0000000000
10885  0.000  0.000  0.000 0.0000000000
10889  0.000  0.000  0.000 0.0000000000
10890  0.000  0.000  0.000 0.0000000000
10891  0.000  0.000  0.000 0.0000000000
10895  0.000  0.000  0.000 0.0000000000
10896  0.000  0.000  0.000 0.0000000000
10897  0.000  0.000  0.000 0.0000000000
10902  0.000  0.000  0.000 0.0000000000
10903  0.000  0.000  0.000 0.0000000000
10904  0.000  0.000  0.000 0.0000000000
10905  0.000  0.000  0.000 0.0000000000
10906  0.000  0.000  0.000 0.0000000000
10916  0.000  0.000  0.000 0.0000000000
10917  0.000  0.000  0.000 0.0000000000
10918  0.000  0.000  0.000 0.0000000000
10919  0.000  0.000  0.000 0.0000000000
11092  0.000  0.000  0.000 0.0000000000
11093  0.000  0.000  0.000 0.0000000000
11107  0.000  0.000  0.000 0.0000000000
11108  0.000  0.000  0.000 0.0000000000
11109  0.000  0.000  0.000 0.0000000000
11120  0.000  0.000  0.000 0.0000000000
11121  0.000  0.000  0.000 0.0000000000
11122  0.000  0.000  0.000 0.0000000000
11135  0.000  0.000  0.000 0.0000000000
11146  0.000  0.000  0.000 0.0000000000
11147  0.000  0.000  0.000 0.0000000000
11148  0.000  0.000  0.000 0.0000000000
11149  0.000  0.000  0.000 0.0000000000
11160  0.000  0.000  0.000 0.0000000000
11161  0.000  0.000  0.000 0.0000000000
11162  0.000  0.000  0.000 0.0000000000
11337  0.000  0.000  0.000 0.0000000000
11338  0.000  0.000  0.000 0.0000000000
11339  0.000  0.000  0.000 0.0000000000
11340  0.000  0.000  0.000 0.0000000000
11341  0.000  0.000  0.000 0.0000000000
11342  0.000  0.000  0.000 0.0000000000
11343  0.000  0.000  0.000 0.0000000000
11344  0.000  0.000  0.000 0.0000000000
11345  0.000  0.000  0.000 0.0000000000
11350  0.000  0.000  0.000 0.0000000000
11351  0.000  0.000  0.000 0.0000000000
11352  0.000  0.000  0.000 0.0000000000
11353  0.000  0.000  0.000 0.0000000000
11354  0.000  0.000  0.000 0.0000000000
11355  0.000  0.000  0.000 0.0000000000
11356  0.000  0.000  0.000 0.0000000000
11357  0.000  0.000  0.000 0.0000000000
11358  0.000  0.000  0.000 0.0000000000
11359  0.000  0.000  0.000 0.0000000000
11360  0.000  0.000  0.000 0.0000000000
11365  0.000  0.000  0.000 0.0000000000
11366  0.000  0.000  0.000 0.0000000000
11367  0.000  0.000  0.000 0.0000000000
11368  0.000  0.000  0.000 0.0000000000
11369  0.000  0.000  0.000 0.0000000000
11370  0.000  0.000  0.000 0.0000000000
11371  0.000  0.000  0.000 0.0000000000
11378  0.000  0.000  0.000 0.0000000000
11379  0.000  0.000  0.000 0.0000000000
11380  0.000  0.000  0.000 0.0000000000
11381  0.000  0.000  0.000 0.0000000000
11382  0.000  0.000  0.000 0.0000000000
11390  0.000  0.000  0.000 0.0000000000
11391  0.000  0.000  0.000 0.0000000000
11392  0.000  0.000  0.000 0.0000000000
11393  0.000  0.000  0.000 0.0000000000
11394  0.000  0.000  0.000 0.0000000000
11395  0.000  0.000  0.000 0.0000000000
11402  0.000  0.000  0.000 0.0000000000
11403  0.000  0.000  0.000 0.0000000000
11404  0.000  0.000  0.000 0.0000000000
11405  0.000  0.000  0.000 0.0000000000
11416  0.000  0.000  0.000 0.0000000000
11417  0.000  0.000  0.000 0.0000000000
11418  0.000  0.000  0.000 0.0000000000
11419  0.000  0.000  0.000 0.0000000000
11428  0.000  0.000  0.000 0.0000000000
11429  0.000  0.000  0.000 0.0000000000
11430  0.000  0.000  0.000 0.0000000000
11437  0.000  0.000  0.000 0.0000000000
11438  0.000  0.000  0.000 0.0000000000
11439  0.000  0.000  0.000 0.0000000000
11442  0.000  0.000  0.000 0.0000000000
11443  0.000  0.000  0.000 0.0000000000
11444  0.000  0.000  0.000 0.0000000000
11445  0.000  0.000  0.000 0.0000000000
11448  0.000  0.000  0.000 0.0000000000
11449  0.000  0.000  0.000 0.0000000000
11450  0.000  0.000  0.000 0.0000000000
11453  0.000  0.000  0.000 0.0000000000
11454  0.000  0.000  0.000 0.0000000000
11455  0.000  0.000  0.000 0.0000000000
11458  0.000  0.000  0.000 0.0000000000
11459  0.000  0.000  0.000 0.0000000000
11460  0.000  0.000  0.000 0.0000000000
11463  0.000  0.000  0.000 0.0000000000
11464  0.000  0.000  0.000 0.0000000000
11465  0.000  0.000  0.000 0.0000000000
11468  0.000  0.000  0.000 0.0000000000
11469  0.000  0.000  0.000 0.0000000000
11470  0.000  0.000  0.000 0.0000000000
11471  0.000  0.000  0.000 0.0000000000
11476  0.000  0.000  0.000 0.0000000000
11477  0.000  0.000  0.000 0.0000000000
11478  0.000  0.000  0.000 0.0000000000
11479  0.000  0.000  0.000 0.0000000000
11480  0.000  0.000  0.000 0.0000000000
11481  0.000  0.000  0.000 0.0000000000
11490  0.000  0.000  0.000 0.0000000000
11491  0.000  0.000  0.000 0.0000000000
11492  0.000  0.000  0.000 0.0000000000
11505  0.000  0.000  0.000 0.0000000000
11506  0.000  0.000  0.000 0.0000000000
11507  0.000  0.000  0.000 0.0000000000
11508  0.000  0.000  0.000 0.0000000000
11688  0.000  0.000  0.000 0.0000000000
11689  0.000  0.000  0.000 0.0000000000
11690  0.000  0.000  0.000 0.0000000000
11701  0.000  0.000  0.000 0.0000000000
11702  0.000  0.000  0.000 0.0000000000
11703  0.000  0.000  0.000 0.0000000000
11715  0.000  0.000  0.000 0.0000000000
11716  0.000  0.000  0.000 0.0000000000
11728  0.000  0.000  0.000 0.0000000000
11729  0.000  0.000  0.000 0.0000000000
11739  0.000  0.000  0.000 0.0000000000
11740  0.000  0.000  0.000 0.0000000000
11741  0.000  0.000  0.000 0.0000000000
11742  0.000  0.000  0.000 0.0000000000
11930  0.000  0.000  0.000 0.0000000000
11931  0.000  0.000  0.000 0.0000000000
11932  0.000  0.000  0.000 0.0000000000
11933  0.000  0.000  0.000 0.0000000000
11934  0.000  0.000  0.000 0.0000000000
11940  0.000  0.000  0.000 0.0000000000
11941  0.000  0.000  0.000 0.0000000000
11942  0.000  0.000  0.000 0.0000000000
11943  0.000  0.000  0.000 0.0000000000
11944  0.000  0.000  0.000 0.0000000000
11945  0.000  0.000  0.000 0.0000000000
11946  0.000  0.000  0.000 0.0000000000
11947  0.000  0.000  0.000 0.0000000000
11948  0.000  0.000  0.000 0.0000000000
11954  0.000  0.000  0.000 0.0000000000
11955  0.000  0.000  0.000 0.0000000000
11956  0.000  0.000  0.000 0.0000000000
11957  0.000  0.000  0.000 0.0000000000
11958  0.000  0.000  0.000 0.0000000000
11959  0.000  0.000  0.000 0.0000000000
11960  0.000  0.000  0.000 0.0000000000
11961  0.000  0.000  0.000 0.0000000000
11962  0.000  0.000  0.000 0.0000000000
11963  0.000  0.000  0.000 0.0000000000
11968  0.000  0.000  0.000 0.0000000000
11969  0.000  0.000  0.000 0.0000000000
11970  0.000  0.000  0.000 0.0000000000
11971  0.000  0.000  0.000 0.0000000000
11972  0.000  0.000  0.000 0.0000000000
11973  0.000  0.000  0.000 0.0000000000
11974  0.000  0.000  0.000 0.0000000000
11978  0.000  0.000  0.000 0.0000000000
11979  0.000  0.000  0.000 0.0000000000
11980  0.000  0.000  0.000 0.0000000000
11981  0.000  0.000  0.000 0.0000000000
11982  0.000  0.000  0.000 0.0000000000
11983  0.000  0.000  0.000 0.0000000000
11989  0.000  0.000  0.000 0.0000000000
11990  0.000  0.000  0.000 0.0000000000
11991  0.000  0.000  0.000 0.0000000000
11992  0.000  0.000  0.000 0.0000000000
11993  0.000  0.000  0.000 0.0000000000
12002  0.000  0.000  0.000 0.0000000000
12003  0.000  0.000  0.000 0.0000000000
12004  0.000  0.000  0.000 0.0000000000
12005  0.000  0.000  0.000 0.0000000000
12015  0.000  0.000  0.000 0.0000000000
12016  0.000  0.000  0.000 0.0000000000
12017  0.000  0.000  0.000 0.0000000000
12025  0.000  0.000  0.000 0.0000000000
12026  0.000  0.000  0.000 0.0000000000
12027  0.000  0.000  0.000 0.0000000000
12033  0.000  0.000  0.000 0.0000000000
12034  0.000  0.000  0.000 0.0000000000
12035  0.000  0.000  0.000 0.0000000000
12036  0.000  0.000  0.000 0.0000000000
12040  0.000  0.000  0.000 0.0000000000
12041  0.000  0.000  0.000 0.0000000000
12042  0.000  0.000  0.000 0.0000000000
12043  0.000  0.000  0.000 0.0000000000
12046  0.000  0.000  0.000 0.0000000000
12047  0.000  0.000  0.000 0.0000000000
12048  0.000  0.000  0.000 0.0000000000
12049  0.000  0.000  0.000 0.0000000000
12053  0.000  0.000  0.000 0.0000000000
12054  0.000  0.000  0.000 0.0000000000
12055  0.000  0.000  0.000 0.0000000000
12056  0.000  0.000  0.000 0.0000000000
12059  0.000  0.000  0.000 0.0000000000
12060  0.000  0.000  0.000 0.0000000000
12061  0.000  0.000  0.000 0.0000000000
12062  0.000  0.000  0.000 0.0000000000
12065  0.000  0.000  0.000 0.0000000000
12066  0.000  0.000  0.000 0.0000000000
12067  0.000  0.000  0.000 0.0000000000
12068  0.000  0.000  0.000 0.0000000000
12069  0.000  0.000  0.000 0.0000000000
12073  0.000  0.000  0.000 0.0000000000
12074  0.000  0.000  0.000 0.0000000000
12075  0.000  0.000  0.000 0.0000000000
12076  0.000  0.000  0.000 0.0000000000
12077  0.000  0.000  0.000 0.0000000000
12083  0.000  0.000  0.000 0.0000000000
12084  0.000  0.000  0.000 0.0000000000
12085  0.000  0.000  0.000 0.0000000000
12086  0.000  0.000  0.000 0.0000000000
12087  0.000  0.000  0.000 0.0000000000
12088  0.000  0.000  0.000 0.0000000000
12089  0.000  0.000  0.000 0.0000000000
12096  0.000  0.000  0.000 0.0000000000
12097  0.000  0.000  0.000 0.0000000000
12098  0.000  0.000  0.000 0.0000000000
12099  0.000  0.000  0.000 0.0000000000
12100  0.000  0.000  0.000 0.0000000000
12101  0.000  0.000  0.000 0.0000000000
12102  0.000  0.000  0.000 0.0000000000
12107  0.000  0.000  0.000 0.0000000000
12108  0.000  0.000  0.000 0.0000000000
12109  0.000  0.000  0.000 0.0000000000
12110  0.000  0.000  0.000 0.0000000000
12111  0.000  0.000  0.000 0.0000000000
12112  0.000  0.000  0.000 0.0000000000
12113  0.000  0.000  0.000 0.0000000000
12116  0.000  0.000  0.000 0.0000000000
12117  0.000  0.000  0.000 0.0000000000
12118  0.000  0.000  0.000 0.0000000000
12123  0.000  0.000  0.000 0.0000000000
12124  0.000  0.000  0.000 0.0000000000
12125  0.000  0.000  0.000 0.0000000000
12133  0.000  0.000  0.000 0.0000000000
12134  0.000  0.000  0.000 0.0000000000
12135  0.000  0.000  0.000 0.0000000000
12259  0.000  0.000  0.000 0.0000000000
12260  0.000  0.000  0.000 0.0000000000
12271  0.000  0.000  0.000 0.0000000000
12272  0.000  0.000  0.000 0.0000000000
12273  0.000  0.000  0.000 0.0000000000
12286  0.000  0.000  0.000 0.0000000000
12287  0.000  0.000  0.000 0.0000000000
12301  0.000  0.000  0.000 0.0000000000
12313  0.000  0.000  0.000 0.0000000000
12314  0.000  0.000  0.000 0.0000000000
12315  0.000  0.000  0.000 0.0000000000
12316  0.000  0.000  0.000 0.0000000000
12327  0.000  0.000  0.000 0.0000000000
12328  0.000  0.000  0.000 0.0000000000
12329  0.000  0.000  0.000 0.0000000000
12555  0.000  0.000  0.000 0.0000000000
12556  0.000  0.000  0.000 0.0000000000
12557  0.000  0.000  0.000 0.0000000000
12558  0.000  0.000  0.000 0.0000000000
12559  0.000  0.000  0.000 0.0000000000
12564  0.000  0.000  0.000 0.0000000000
12565  0.000  0.000  0.000 0.0000000000
12566  0.000  0.000  0.000 0.0000000000
12567  0.000  0.000  0.000 0.0000000000
12568  0.000  0.000  0.000 0.0000000000
12569  0.000  0.000  0.000 0.0000000000
12570  0.000  0.000  0.000 0.0000000000
12571  0.000  0.000  0.000 0.0000000000
12576  0.000  0.000  0.000 0.0000000000
12577  0.000  0.000  0.000 0.0000000000
12578  0.000  0.000  0.000 0.0000000000
12579  0.000  0.000  0.000 0.0000000000
12580  0.000  0.000  0.000 0.0000000000
12581  0.000  0.000  0.000 0.0000000000
12582  0.000  0.000  0.000 0.0000000000
12583  0.000  0.000  0.000 0.0000000000
12584  0.000  0.000  0.000 0.0000000000
12589  0.000  0.000  0.000 0.0000000000
12590  0.000  0.000  0.000 0.0000000000
12591  0.000  0.000  0.000 0.0000000000
12592  0.000  0.000  0.000 0.0000000000
12593  0.000  0.000  0.000 0.0000000000
12594  0.000  0.000  0.000 0.0000000000
12595  0.000  0.000  0.000 0.0000000000
12596  0.000  0.000  0.000 0.0000000000
12597  0.000  0.000  0.000 0.0000000000
12603  0.000  0.000  0.000 0.0000000000
12604  0.000  0.000  0.000 0.0000000000
12605  0.000  0.000  0.000 0.0000000000
12606  0.000  0.000  0.000 0.0000000000
12607  0.000  0.000  0.000 0.0000000000
12608  0.000  0.000  0.000 0.0000000000
12615  0.000  0.000  0.000 0.0000000000
12616  0.000  0.000  0.000 0.0000000000
12617  0.000  0.000  0.000 0.0000000000
12618  0.000  0.000  0.000 0.0000000000
12619  0.000  0.000  0.000 0.0000000000
12629  0.000  0.000  0.000 0.0000000000
12630  0.000  0.000  0.000 0.0000000000
12631  0.000  0.000  0.000 0.0000000000
12632  0.000  0.000  0.000 0.0000000000
12633  0.000  0.000  0.000 0.0000000000
12642  0.000  0.000  0.000 0.0000000000
12643  0.000  0.000  0.000 0.0000000000
12644  0.000  0.000  0.000 0.0000000000
12645  0.000  0.000  0.000 0.0000000000
12646  0.000  0.000  0.000 0.0000000000
12654  0.000  0.000  0.000 0.0000000000
12655  0.000  0.000  0.000 0.0000000000
12656  0.000  0.000  0.000 0.0000000000
12662  0.000  0.000  0.000 0.0000000000
12663  0.000  0.000  0.000 0.0000000000
12664  0.000  0.000  0.000 0.0000000000
12667  0.000  0.000  0.000 0.0000000000
12668  0.000  0.000  0.000 0.0000000000
12669  0.000  0.000  0.000 0.0000000000
12673  0.000  0.000  0.000 0.0000000000
12674  0.000  0.000  0.000 0.0000000000
12675  0.000  0.000  0.000 0.0000000000
12676  0.000  0.000  0.000 0.0000000000
12679  0.000  0.000  0.000 0.0000000000
12680  0.000  0.000  0.000 0.0000000000
12681  0.000  0.000  0.000 0.0000000000
12682  0.000  0.000  0.000 0.0000000000
12683  0.000  0.000  0.000 0.0000000000
12686  0.000  0.000  0.000 0.0000000000
12687  0.000  0.000  0.000 0.0000000000
12688  0.000  0.000  0.000 0.0000000000
12689  0.000  0.000  0.000 0.0000000000
12690  0.000  0.000  0.000 0.0000000000
12694  0.000  0.000  0.000 0.0000000000
12695  0.000  0.000  0.000 0.0000000000
12696  0.000  0.000  0.000 0.0000000000
12697  0.000  0.000  0.000 0.0000000000
12698  0.000  0.000  0.000 0.0000000000
12703  0.000  0.000  0.000 0.0000000000
12704  0.000  0.000  0.000 0.0000000000
12705  0.000  0.000  0.000 0.0000000000
12706  0.000  0.000  0.000 0.0000000000
12707  0.000  0.000  0.000 0.0000000000
12708  0.000  0.000  0.000 0.0000000000
12714  0.000  0.000  0.000 0.0000000000
12715  0.000  0.000  0.000 0.0000000000
12716  0.000  0.000  0.000 0.0000000000
12717  0.000  0.000  0.000 0.0000000000
12718  0.000  0.000  0.000 0.0000000000
12719  0.000  0.000  0.000 0.0000000000
12720  0.000  0.000  0.000 0.0000000000
12721  0.000  0.000  0.000 0.0000000000
12726  0.000  0.000  0.000 0.0000000000
12727  0.000  0.000  0.000 0.0000000000
12728  0.000  0.000  0.000 0.0000000000
12729  0.000  0.000  0.000 0.0000000000
12730  0.000  0.000  0.000 0.0000000000
12731  0.000  0.000  0.000 0.0000000000
12732  0.000  0.000  0.000 0.0000000000
12733  0.000  0.000  0.000 0.0000000000
12737  0.000  0.000  0.000 0.0000000000
12738  0.000  0.000  0.000 0.0000000000
12739  0.000  0.000  0.000 0.0000000000
12740  0.000  0.000  0.000 0.0000000000
12741  0.000  0.000  0.000 0.0000000000
12742  0.000  0.000  0.000 0.0000000000
12744  0.000  0.000  0.000 0.0000000000
12745  0.000  0.000  0.000 0.0000000000
12746  0.000  0.000  0.000 0.0000000000
12747  0.000  0.000  0.000 0.0000000000
12748  0.000  0.000  0.000 0.0000000000
12749  0.000  0.000  0.000 0.0000000000
12750  0.000  0.000  0.000 0.0000000000
12757  0.000  0.000  0.000 0.0000000000
12758  0.000  0.000  0.000 0.0000000000
12759  0.000  0.000  0.000 0.0000000000
12760  0.000  0.000  0.000 0.0000000000
12761  0.000  0.000  0.000 0.0000000000
12874  0.000  0.000  0.000 0.0000000000
12888  0.000  0.000  0.000 0.0000000000
12889  0.000  0.000  0.000 0.0000000000
12890  0.000  0.000  0.000 0.0000000000
12901  0.000  0.000  0.000 0.0000000000
12902  0.000  0.000  0.000 0.0000000000
12903  0.000  0.000  0.000 0.0000000000
12915  0.000  0.000  0.000 0.0000000000
12916  0.000  0.000  0.000 0.0000000000
12929  0.000  0.000  0.000 0.0000000000
12930  0.000  0.000  0.000 0.0000000000
12931  0.000  0.000  0.000 0.0000000000
12932  0.000  0.000  0.000 0.0000000000
12944  0.000  0.000  0.000 0.0000000000
12945  0.000  0.000  0.000 0.0000000000
12946  0.000  0.000  0.000 0.0000000000
12947  0.000  0.000  0.000 0.0000000000
13202  0.000  0.000  0.000 0.0000000000
13203  0.000  0.000  0.000 0.0000000000
13204  0.000  0.000  0.000 0.0000000000
13205  0.000  0.000  0.000 0.0000000000
13206  0.000  0.000  0.000 0.0000000000
13207  0.000  0.000  0.000 0.0000000000
13212  0.000  0.000  0.000 0.0000000000
13213  0.000  0.000  0.000 0.0000000000
13214  0.000  0.000  0.000 0.0000000000
13215  0.000  0.000  0.000 0.0000000000
13216  0.000  0.000  0.000 0.0000000000
13217  0.000  0.000  0.000 0.0000000000
13218  0.000  0.000  0.000 0.0000000000
13219  0.000  0.000  0.000 0.0000000000
13224  0.000  0.000  0.000 0.0000000000
13225  0.000  0.000  0.000 0.0000000000
13226  0.000  0.000  0.000 0.0000000000
13227  0.000  0.000  0.000 0.0000000000
13228  0.000  0.000  0.000 0.0000000000
13229  0.000  0.000  0.000 0.0000000000
13230  0.000  0.000  0.000 0.0000000000
13231  0.000  0.000  0.000 0.0000000000
13232  0.000  0.000  0.000 0.0000000000
13237  0.000  0.000  0.000 0.0000000000
13238  0.000  0.000  0.000 0.0000000000
13239  0.000  0.000  0.000 0.0000000000
13240  0.000  0.000  0.000 0.0000000000
13241  0.000  0.000  0.000 0.0000000000
13242  0.000  0.000  0.000 0.0000000000
13243  0.000  0.000  0.000 0.0000000000
13244  0.000  0.000  0.000 0.0000000000
13245  0.000  0.000  0.000 0.0000000000
13250  0.000  0.000  0.000 0.0000000000
13251  0.000  0.000  0.000 0.0000000000
13252  0.000  0.000  0.000 0.0000000000
13253  0.000  0.000  0.000 0.0000000000
13254  0.000  0.000  0.000 0.0000000000
13255  0.000  0.000  0.000 0.0000000000
13256  0.000  0.000  0.000 0.0000000000
13257  0.000  0.000  0.000 0.0000000000
13265  0.000  0.000  0.000 0.0000000000
13266  0.000  0.000  0.000 0.0000000000
13267  0.000  0.000  0.000 0.0000000000
13268  0.000  0.000  0.000 0.0000000000
13269  0.000  0.000  0.000 0.0000000000
13270  0.000  0.000  0.000 0.0000000000
13280  0.000  0.000  0.000 0.0000000000
13281  0.000  0.000  0.000 0.0000000000
13282  0.000  0.000  0.000 0.0000000000
13283  0.000  0.000  0.000 0.0000000000
13284  0.000  0.000  0.000 0.0000000000
13285  0.000  0.000  0.000 0.0000000000
13294  0.000  0.000  0.000 0.0000000000
13295  0.000  0.000  0.000 0.0000000000
13296  0.000  0.000  0.000 0.0000000000
13297  0.000  0.000  0.000 0.0000000000
13298  0.000  0.000  0.000 0.0000000000
13306  0.000  0.000  0.000 0.0000000000
13307  0.000  0.000  0.000 0.0000000000
13308  0.000  0.000  0.000 0.0000000000
13309  0.000  0.000  0.000 0.0000000000
13319  0.000  0.000  0.000 0.0000000000
13320  0.000  0.000  0.000 0.0000000000
13321  0.000  0.000  0.000 0.0000000000
13322  0.000  0.000  0.000 0.0000000000
13323  0.000  0.000  0.000 0.0000000000
13324  0.000  0.000  0.000 0.0000000000
13325  0.000  0.000  0.000 0.0000000000
13333  0.000  0.000  0.000 0.0000000000
13334  0.000  0.000  0.000 0.0000000000
13335  0.000  0.000  0.000 0.0000000000
13336  0.000  0.000  0.000 0.0000000000
13337  0.000  0.000  0.000 0.0000000000
13338  0.000  0.000  0.000 0.0000000000
13339  0.000  0.000  0.000 0.0000000000
13340  0.000  0.000  0.000 0.0000000000
13345  0.000  0.000  0.000 0.0000000000
13346  0.000  0.000  0.000 0.0000000000
13347  0.000  0.000  0.000 0.0000000000
13348  0.000  0.000  0.000 0.0000000000
13349  0.000  0.000  0.000 0.0000000000
13353  0.000  0.000  0.000 0.0000000000
13354  0.000  0.000  0.000 0.0000000000
13355  0.000  0.000  0.000 0.0000000000
13356  0.000  0.000  0.000 0.0000000000
13361  0.000  0.000  0.000 0.0000000000
13362  0.000  0.000  0.000 0.0000000000
13363  0.000  0.000  0.000 0.0000000000
13364  0.000  0.000  0.000 0.0000000000
13368  0.000  0.000  0.000 0.0000000000
13369  0.000  0.000  0.000 0.0000000000
13370  0.000  0.000  0.000 0.0000000000
13371  0.000  0.000  0.000 0.0000000000
13372  0.000  0.000  0.000 0.0000000000
13373  0.000  0.000  0.000 0.0000000000
13378  0.000  0.000  0.000 0.0000000000
13379  0.000  0.000  0.000 0.0000000000
13380  0.000  0.000  0.000 0.0000000000
13381  0.000  0.000  0.000 0.0000000000
13382  0.000  0.000  0.000 0.0000000000
13383  0.000  0.000  0.000 0.0000000000
13384  0.000  0.000  0.000 0.0000000000
13387  0.000  0.000  0.000 0.0000000000
13388  0.000  0.000  0.000 0.0000000000
13389  0.000  0.000  0.000 0.0000000000
13390  0.000  0.000  0.000 0.0000000000
13391  0.000  0.000  0.000 0.0000000000
13392  0.000  0.000  0.000 0.0000000000
13394  0.000  0.000  0.000 0.0000000000
13395  0.000  0.000  0.000 0.0000000000
13396  0.000  0.000  0.000 0.0000000000
13397  0.000  0.000  0.000 0.0000000000
13398  0.000  0.000  0.000 0.0000000000
13399  0.000  0.000  0.000 0.0000000000
13400  0.000  0.000  0.000 0.0000000000
13401  0.000  0.000  0.000 0.0000000000
13402  0.000  0.000  0.000 0.0000000000
13411  0.000  0.000  0.000 0.0000000000
13412  0.000  0.000  0.000 0.0000000000
13413  0.000  0.000  0.000 0.0000000000
13414  0.000  0.000  0.000 0.0000000000
13415  0.000  0.000  0.000 0.0000000000
13525  0.000  0.000  0.000 0.0000000000
13540  0.000  0.000  0.000 0.0000000000
13541  0.000  0.000  0.000 0.0000000000
13542  0.000  0.000  0.000 0.0000000000
13554  0.000  0.000  0.000 0.0000000000
13555  0.000  0.000  0.000 0.0000000000
13567  0.000  0.000  0.000 0.0000000000
13580  0.000  0.000  0.000 0.0000000000
13581  0.000  0.000  0.000 0.0000000000
13582  0.000  0.000  0.000 0.0000000000
13583  0.000  0.000  0.000 0.0000000000
13595  0.000  0.000  0.000 0.0000000000
13596  0.000  0.000  0.000 0.0000000000
13859  0.000  0.000  0.000 0.0000000000
13860  0.000  0.000  0.000 0.0000000000
13861  0.000  0.000  0.000 0.0000000000
13865  0.000  0.000  0.000 0.0000000000
13866  0.000  0.000  0.000 0.0000000000
13867  0.000  0.000  0.000 0.0000000000
13868  0.000  0.000  0.000 0.0000000000
13869  0.000  0.000  0.000 0.0000000000
13870  0.000  0.000  0.000 0.0000000000
13875  0.000  0.000  0.000 0.0000000000
13876  0.000  0.000  0.000 0.0000000000
13877  0.000  0.000  0.000 0.0000000000
13878  0.000  0.000  0.000 0.0000000000
13879  0.000  0.000  0.000 0.0000000000
13880  0.000  0.000  0.000 0.0000000000
13881  0.000  0.000  0.000 0.0000000000
13882  0.000  0.000  0.000 0.0000000000
13887  0.000  0.000  0.000 0.0000000000
13888  0.000  0.000  0.000 0.0000000000
13889  0.000  0.000  0.000 0.0000000000
13890  0.000  0.000  0.000 0.0000000000
13891  0.000  0.000  0.000 0.0000000000
13892  0.000  0.000  0.000 0.0000000000
13893  0.000  0.000  0.000 0.0000000000
13894  0.000  0.000  0.000 0.0000000000
13895  0.000  0.000  0.000 0.0000000000
13901  0.000  0.000  0.000 0.0000000000
13902  0.000  0.000  0.000 0.0000000000
13903  0.000  0.000  0.000 0.0000000000
13904  0.000  0.000  0.000 0.0000000000
13905  0.000  0.000  0.000 0.0000000000
13906  0.000  0.000  0.000 0.0000000000
13907  0.000  0.000  0.000 0.0000000000
13908  0.000  0.000  0.000 0.0000000000
13909  0.000  0.000  0.000 0.0000000000
13910  0.000  0.000  0.000 0.0000000000
13911  0.000  0.000  0.000 0.0000000000
13917  0.000  0.000  0.000 0.0000000000
13918  0.000  0.000  0.000 0.0000000000
13919  0.000  0.000  0.000 0.0000000000
13920  0.000  0.000  0.000 0.0000000000
13921  0.000  0.000  0.000 0.0000000000
13922  0.000  0.000  0.000 0.0000000000
13923  0.000  0.000  0.000 0.0000000000
13924  0.000  0.000  0.000 0.0000000000
13925  0.000  0.000  0.000 0.0000000000
13930  0.000  0.000  0.000 0.0000000000
13931  0.000  0.000  0.000 0.0000000000
13932  0.000  0.000  0.000 0.0000000000
13933  0.000  0.000  0.000 0.0000000000
13934  0.000  0.000  0.000 0.0000000000
13935  0.000  0.000  0.000 0.0000000000
13936  0.000  0.000  0.000 0.0000000000
13937  0.000  0.000  0.000 0.0000000000
13944  0.000  0.000  0.000 0.0000000000
13945  0.000  0.000  0.000 0.0000000000
13946  0.000  0.000  0.000 0.0000000000
13947  0.000  0.000  0.000 0.0000000000
13948  0.000  0.000  0.000 0.0000000000
13949  0.000  0.000  0.000 0.0000000000
13950  0.000  0.000  0.000 0.0000000000
13951  0.000  0.000  0.000 0.0000000000
13952  0.000  0.000  0.000 0.0000000000
13953  0.000  0.000  0.000 0.0000000000
13960  0.000  0.000  0.000 0.0000000000
13961  0.000  0.000  0.000 0.0000000000
13962  0.000  0.000  0.000 0.0000000000
13963  0.000  0.000  0.000 0.0000000000
13964  0.000  0.000  0.000 0.0000000000
13965  0.000  0.000  0.000 0.0000000000
13966  0.000  0.000  0.000 0.0000000000
13967  0.000  0.000  0.000 0.0000000000
13968  0.000  0.000  0.000 0.0000000000
13969  0.000  0.000  0.000 0.0000000000
13970  0.000  0.000  0.000 0.0000000000
13971  0.000  0.000  0.000 0.0000000000
13979  0.000  0.000  0.000 0.0000000000
13980  0.000  0.000  0.000 0.0000000000
13981  0.000  0.000  0.000 0.0000000000
13982  0.000  0.000  0.000 0.0000000000
13983  0.000  0.000  0.000 0.0000000000
13984  0.000  0.000  0.000 0.0000000000
13985  0.000  0.000  0.000 0.0000000000
13986  0.000  0.000  0.000 0.0000000000
13987  0.000  0.000  0.000 0.0000000000
13988  0.000  0.000  0.000 0.0000000000
13989  0.000  0.000  0.000 0.0000000000
13990  0.000  0.000  0.000 0.0000000000
13995  0.000  0.000  0.000 0.0000000000
13996  0.000  0.000  0.000 0.0000000000
13997  0.000  0.000  0.000 0.0000000000
13998  0.000  0.000  0.000 0.0000000000
13999  0.000  0.000  0.000 0.0000000000
14000  0.000  0.000  0.000 0.0000000000
14001  0.000  0.000  0.000 0.0000000000
14002  0.000  0.000  0.000 0.0000000000
14003  0.000  0.000  0.000 0.0000000000
14009  0.000  0.000  0.000 0.0000000000
14010  0.000  0.000  0.000 0.0000000000
14011  0.000  0.000  0.000 0.0000000000
14012  0.000  0.000  0.000 0.0000000000
14013  0.000  0.000  0.000 0.0000000000
14014  0.000  0.000  0.000 0.0000000000
14015  0.000  0.000  0.000 0.0000000000
14016  0.000  0.000  0.000 0.0000000000
14017  0.000  0.000  0.000 0.0000000000
14021  0.000  0.000  0.000 0.0000000000
14022  0.000  0.000  0.000 0.0000000000
14023  0.000  0.000  0.000 0.0000000000
14028  0.000  0.000  0.000 0.0000000000
14029  0.000  0.000  0.000 0.0000000000
14030  0.000  0.000  0.000 0.0000000000
14031  0.000  0.000  0.000 0.0000000000
14032  0.000  0.000  0.000 0.0000000000
14036  0.000  0.000  0.000 0.0000000000
14037  0.000  0.000  0.000 0.0000000000
14038  0.000  0.000  0.000 0.0000000000
14039  0.000  0.000  0.000 0.0000000000
14042  0.000  0.000  0.000 0.0000000000
14043  0.000  0.000  0.000 0.0000000000
14044  0.000  0.000  0.000 0.0000000000
14045  0.000  0.000  0.000 0.0000000000
14046  0.000  0.000  0.000 0.0000000000
14047  0.000  0.000  0.000 0.0000000000
14048  0.000  0.000  0.000 0.0000000000
14057  0.000  0.000  0.000 0.0000000000
14058  0.000  0.000  0.000 0.0000000000
14059  0.000  0.000  0.000 0.0000000000
14060  0.000  0.000  0.000 0.0000000000
14061  0.000  0.000  0.000 0.0000000000
14062  0.000  0.000  0.000 0.0000000000
14063  0.000  0.000  0.000 0.0000000000
14064  0.000  0.000  0.000 0.0000000000
14065  0.000  0.000  0.000 0.0000000000
14066  0.000  0.000  0.000 0.0000000000
14171  0.000  0.000  0.000 0.0000000000
14183  0.000  0.000  0.000 0.0000000000
14184  0.000  0.000  0.000 0.0000000000
14195  0.000  0.000  0.000 0.0000000000
14196  0.000  0.000  0.000 0.0000000000
14197  0.000  0.000  0.000 0.0000000000
14207  0.000  0.000  0.000 0.0000000000
14218  0.000  0.000  0.000 0.0000000000
14219  0.000  0.000  0.000 0.0000000000
14220  0.000  0.000  0.000 0.0000000000
14233  0.000  0.000  0.000 0.0000000000
14234  0.000  0.000  0.000 0.0000000000
14235  0.000  0.000  0.000 0.0000000000
14236  0.000  0.000  0.000 0.0000000000
14598  0.000  0.000  0.000 0.0000000000
14599  0.000  0.000  0.000 0.0000000000
14600  0.000  0.000  0.000 0.0000000000
14601  0.000  0.000  0.000 0.0000000000
14607  0.000  0.000  0.000 0.0000000000
14608  0.000  0.000  0.000 0.0000000000
14609  0.000  0.000  0.000 0.0000000000
14610  0.000  0.000  0.000 0.0000000000
14611  0.000  0.000  0.000 0.0000000000
14616  0.000  0.000  0.000 0.0000000000
14617  0.000  0.000  0.000 0.0000000000
14618  0.000  0.000  0.000 0.0000000000
14619  0.000  0.000  0.000 0.0000000000
14620  0.000  0.000  0.000 0.0000000000
14621  0.000  0.000  0.000 0.0000000000
14626  0.000  0.000  0.000 0.0000000000
14627  0.000  0.000  0.000 0.0000000000
14628  0.000  0.000  0.000 0.0000000000
14629  0.000  0.000  0.000 0.0000000000
14630  0.000  0.000  0.000 0.0000000000
14636  0.000  0.000  0.000 0.0000000000
14637  0.000  0.000  0.000 0.0000000000
14638  0.000  0.000  0.000 0.0000000000
14654  0.000  0.000  0.000 0.0000000000
14655  0.000  0.000  0.000 0.0000000000
14656  0.000  0.000  0.000 0.0000000000
14657  0.000  0.000  0.000 0.0000000000
14658  0.000  0.000  0.000 0.0000000000
14659  0.000  0.000  0.000 0.0000000000
14660  0.000  0.000  0.000 0.0000000000
14663  0.000  0.000  0.000 0.0000000000
14664  0.000  0.000  0.000 0.0000000000
14665  0.000  0.000  0.000 0.0000000000
14666  0.000  0.000  0.000 0.0000000000
14667  0.000  0.000  0.000 0.0000000000
14668  0.000  0.000  0.000 0.0000000000
14669  0.000  0.000  0.000 0.0000000000
14673  0.000  0.000  0.000 0.0000000000
14674  0.000  0.000  0.000 0.0000000000
14675  0.000  0.000  0.000 0.0000000000
14676  0.000  0.000  0.000 0.0000000000
14677  0.000  0.000  0.000 0.0000000000
14678  0.000  0.000  0.000 0.0000000000
14679  0.000  0.000  0.000 0.0000000000
14683  0.000  0.000  0.000 0.0000000000
14684  0.000  0.000  0.000 0.0000000000
14685  0.000  0.000  0.000 0.0000000000
14686  0.000  0.000  0.000 0.0000000000
14687  0.000  0.000  0.000 0.0000000000
14691  0.000  0.000  0.000 0.0000000000
14692  0.000  0.000  0.000 0.0000000000
14699  0.000  0.000  0.000 0.0000000000
14700  0.000  0.000  0.000 0.0000000000
14701  0.000  0.000  0.000 0.0000000000
14702  0.000  0.000  0.000 0.0000000000
14703  0.000  0.000  0.000 0.0000000000
14704  0.000  0.000  0.000 0.0000000000
14705  0.000  0.000  0.000 0.0000000000
14706  0.000  0.000  0.000 0.0000000000
14707  0.000  0.000  0.000 0.0000000000
14708  0.000  0.000  0.000 0.0000000000
14717  0.000  0.000  0.000 0.0000000000
14718  0.000  0.000  0.000 0.0000000000
14719  0.000  0.000  0.000 0.0000000000
14720  0.000  0.000  0.000 0.0000000000
14721  0.000  0.000  0.000 0.0000000000
14722  0.000  0.000  0.000 0.0000000000
14826  0.000  0.000  0.000 0.0000000000
14841  0.000  0.000  0.000 0.0000000000
14842  0.000  0.000  0.000 0.0000000000
14843  0.000  0.000  0.000 0.0000000000
14855  0.000  0.000  0.000 0.0000000000
14856  0.000  0.000  0.000 0.0000000000
14866  0.000  0.000  0.000 0.0000000000
14867  0.000  0.000  0.000 0.0000000000
14877  0.000  0.000  0.000 0.0000000000
14878  0.000  0.000  0.000 0.0000000000
14879  0.000  0.000  0.000 0.0000000000
14880  0.000  0.000  0.000 0.0000000000
14881  0.000  0.000  0.000 0.0000000000
14894  0.000  0.000  0.000 0.0000000000
14895  0.000  0.000  0.000 0.0000000000
14896  0.000  0.000  0.000 0.0000000000
15320  0.000  0.000  0.000 0.0000000000
15325  0.000  0.000  0.000 0.0000000000
15326  0.000  0.000  0.000 0.0000000000
15330  0.000  0.000  0.000 0.0000000000
15331  0.000  0.000  0.000 0.0000000000
15332  0.000  0.000  0.000 0.0000000000
15336  0.000  0.000  0.000 0.0000000000
15337  0.000  0.000  0.000 0.0000000000
15338  0.000  0.000  0.000 0.0000000000
15342  0.000  0.000  0.000 0.0000000000
15343  0.000  0.000  0.000 0.0000000000
15344  0.000  0.000  0.000 0.0000000000
15345  0.000  0.000  0.000 0.0000000000
15346  0.000  0.000  0.000 0.0000000000
15347  0.000  0.000  0.000 0.0000000000
15357  0.000  0.000  0.000 0.0000000000
15358  0.000  0.000  0.000 0.0000000000
15359  0.000  0.000  0.000 0.0000000000
15360  0.000  0.000  0.000 0.0000000000
15361  0.000  0.000  0.000 0.0000000000
15362  0.000  0.000  0.000 0.0000000000
15363  0.000  0.000  0.000 0.0000000000
15364  0.000  0.000  0.000 0.0000000000
15370  0.000  0.000  0.000 0.0000000000
15371  0.000  0.000  0.000 0.0000000000
15372  0.000  0.000  0.000 0.0000000000
15481  0.000  0.000  0.000 0.0000000000
15482  0.000  0.000  0.000 0.0000000000
15497  0.000  0.000  0.000 0.0000000000
15498  0.000  0.000  0.000 0.0000000000
15499  0.000  0.000  0.000 0.0000000000
15508  0.000  0.000  0.000 0.0000000000
15509  0.000  0.000  0.000 0.0000000000
15519  0.000  0.000  0.000 0.0000000000
15520  0.000  0.000  0.000 0.0000000000
15531  0.000  0.000  0.000 0.0000000000
15532  0.000  0.000  0.000 0.0000000000
15533  0.000  0.000  0.000 0.0000000000
15534  0.000  0.000  0.000 0.0000000000
15535  0.000  0.000  0.000 0.0000000000
16004  0.000  0.000  0.000 0.0000000000
16005  0.000  0.000  0.000 0.0000000000
16008  0.000  0.000  0.000 0.0000000000
16009  0.000  0.000  0.000 0.0000000000
16012  0.000  0.000  0.000 0.0000000000
16013  0.000  0.000  0.000 0.0000000000
16014  0.000  0.000  0.000 0.0000000000
16017  0.000  0.000  0.000 0.0000000000
16018  0.000  0.000  0.000 0.0000000000
16019  0.000  0.000  0.000 0.0000000000
16020  0.000  0.000  0.000 0.0000000000
16021  0.000  0.000  0.000 0.0000000000
16029  0.000  0.000  0.000 0.0000000000
16030  0.000  0.000  0.000 0.0000000000
16031  0.000  0.000  0.000 0.0000000000
16032  0.000  0.000  0.000 0.0000000000
16033  0.000  0.000  0.000 0.0000000000
16034  0.000  0.000  0.000 0.0000000000
16035  0.000  0.000  0.000 0.0000000000
16036  0.000  0.000  0.000 0.0000000000
16043  0.000  0.000  0.000 0.0000000000
16044  0.000  0.000  0.000 0.0000000000
16045  0.000  0.000  0.000 0.0000000000
16046  0.000  0.000  0.000 0.0000000000
16147  0.000  0.000  0.000 0.0000000000
16160  0.000  0.000  0.000 0.0000000000
16161  0.000  0.000  0.000 0.0000000000
16162  0.000  0.000  0.000 0.0000000000
16174  0.000  0.000  0.000 0.0000000000
16175  0.000  0.000  0.000 0.0000000000
16176  0.000  0.000  0.000 0.0000000000
16185  0.000  0.000  0.000 0.0000000000
16186  0.000  0.000  0.000 0.0000000000
16196  0.000  0.000  0.000 0.0000000000
16197  0.000  0.000  0.000 0.0000000000
16198  0.000  0.000  0.000 0.0000000000
16199  0.000  0.000  0.000 0.0000000000
16209  0.000  0.000  0.000 0.0000000000
16210  0.000  0.000  0.000 0.0000000000
16211  0.000  0.000  0.000 0.0000000000
16212  0.000  0.000  0.000 0.0000000000
16213  0.000  0.000  0.000 0.0000000000
16700  0.000  0.000  0.000 0.0000000000
16704  0.000  0.000  0.000 0.0000000000
16705  0.000  0.000  0.000 0.0000000000
16706  0.000  0.000  0.000 0.0000000000
16709  0.000  0.000  0.000 0.0000000000
16710  0.000  0.000  0.000 0.0000000000
16711  0.000  0.000  0.000 0.0000000000
16712  0.000  0.000  0.000 0.0000000000
16713  0.000  0.000  0.000 0.0000000000
16714  0.000  0.000  0.000 0.0000000000
16719  0.000  0.000  0.000 0.0000000000
16720  0.000  0.000  0.000 0.0000000000
16721  0.000  0.000  0.000 0.0000000000
16722  0.000  0.000  0.000 0.0000000000
16723  0.000  0.000  0.000 0.0000000000
16724  0.000  0.000  0.000 0.0000000000
16725  0.000  0.000  0.000 0.0000000000
16726  0.000  0.000  0.000 0.0000000000
16727  0.000  0.000  0.000 0.0000000000
16736  0.000  0.000  0.000 0.0000000000
16737  0.000  0.000  0.000 0.0000000000
16738  0.000  0.000  0.000 0.0000000000
16739  0.000  0.000  0.000 0.0000000000
16849  0.000  0.000  0.000 0.0000000000
16850  0.000  0.000  0.000 0.0000000000
16863  0.000  0.000  0.000 0.0000000000
16864  0.000  0.000  0.000 0.0000000000
16865  0.000  0.000  0.000 0.0000000000
16876  0.000  0.000  0.000 0.0000000000
16877  0.000  0.000  0.000 0.0000000000
16886  0.000  0.000  0.000 0.0000000000
16896  0.000  0.000  0.000 0.0000000000
16897  0.000  0.000  0.000 0.0000000000
16898  0.000  0.000  0.000 0.0000000000
16899  0.000  0.000  0.000 0.0000000000
16913  0.000  0.000  0.000 0.0000000000
16914  0.000  0.000  0.000 0.0000000000
16915  0.000  0.000  0.000 0.0000000000
17439  0.000  0.000  0.000 0.0000000000
17440  0.000  0.000  0.000 0.0000000000
17444  0.000  0.000  0.000 0.0000000000
17445  0.000  0.000  0.000 0.0000000000
17449  0.000  0.000  0.000 0.0000000000
17450  0.000  0.000  0.000 0.0000000000
17453  0.000  0.000  0.000 0.0000000000
17454  0.000  0.000  0.000 0.0000000000
17455  0.000  0.000  0.000 0.0000000000
17456  0.000  0.000  0.000 0.0000000000
17457  0.000  0.000  0.000 0.0000000000
17458  0.000  0.000  0.000 0.0000000000
17459  0.000  0.000  0.000 0.0000000000
17581  0.000  0.000  0.000 0.0000000000
17582  0.000  0.000  0.000 0.0000000000
17583  0.000  0.000  0.000 0.0000000000
17596  0.000  0.000  0.000 0.0000000000
17597  0.000  0.000  0.000 0.0000000000
17598  0.000  0.000  0.000 0.0000000000
17609  0.000  0.000  0.000 0.0000000000
17610  0.000  0.000  0.000 0.0000000000
17619  0.000  0.000  0.000 0.0000000000
17630  0.000  0.000  0.000 0.0000000000
17631  0.000  0.000  0.000 0.0000000000
17632  0.000  0.000  0.000 0.0000000000
17633  0.000  0.000  0.000 0.0000000000
18182  0.000  0.000  0.000 0.0000000000
18183  0.000  0.000  0.000 0.0000000000
18187  0.000  0.000  0.000 0.0000000000
18188  0.000  0.000  0.000 0.0000000000
18189  0.000  0.000  0.000 0.0000000000
18190  0.000  0.000  0.000 0.0000000000
18194  0.000  0.000  0.000 0.0000000000
18195  0.000  0.000  0.000 0.0000000000
18196  0.000  0.000  0.000 0.0000000000
18197  0.000  0.000  0.000 0.0000000000
18198  0.000  0.000  0.000 0.0000000000
18199  0.000  0.000  0.000 0.0000000000
18329  0.000  0.000  0.000 0.0000000000
18330  0.000  0.000  0.000 0.0000000000
18342  0.000  0.000  0.000 0.0000000000
18343  0.000  0.000  0.000 0.0000000000
18354  0.000  0.000  0.000 0.0000000000
18363  0.000  0.000  0.000 0.0000000000
18374  0.000  0.000  0.000 0.0000000000
18375  0.000  0.000  0.000 0.0000000000
18376  0.000  0.000  0.000 0.0000000000
18377  0.000  0.000  0.000 0.0000000000
18921  0.000  0.000  0.000 0.0000000000
18922  0.000  0.000  0.000 0.0000000000
18923  0.000  0.000  0.000 0.0000000000
18927  0.000  0.000  0.000 0.0000000000
18928  0.000  0.000  0.000 0.0000000000
18929  0.000  0.000  0.000 0.0000000000
18930  0.000  0.000  0.000 0.0000000000
18935  0.000  0.000  0.000 0.0000000000
18936  0.000  0.000  0.000 0.0000000000
18937  0.000  0.000  0.000 0.0000000000
19068  0.000  0.000  0.000 0.0000000000
19080  0.000  0.000  0.000 0.0000000000
19081  0.000  0.000  0.000 0.0000000000
19093  0.000  0.000  0.000 0.0000000000
19094  0.000  0.000  0.000 0.0000000000
19104  0.000  0.000  0.000 0.0000000000
19113  0.000  0.000  0.000 0.0000000000
19114  0.000  0.000  0.000 0.0000000000
19115  0.000  0.000  0.000 0.0000000000
19128  0.000  0.000  0.000 0.0000000000
19129  0.000  0.000  0.000 0.0000000000
19130  0.000  0.000  0.000 0.0000000000
19131  0.000  0.000  0.000 0.0000000000
19700  0.000  0.000  0.000 0.0000000000
19701  0.000  0.000  0.000 0.0000000000
19702  0.000  0.000  0.000 0.0000000000
19825  0.000  0.000  0.000 0.0000000000
19826  0.000  0.000  0.000 0.0000000000
19838  0.000  0.000  0.000 0.0000000000
19839  0.000  0.000  0.000 0.0000000000
19840  0.000  0.000  0.000 0.0000000000
19851  0.000  0.000  0.000 0.0000000000
19852  0.000  0.000  0.000 0.0000000000
19860  0.000  0.000  0.000 0.0000000000
19868  0.000  0.000  0.000 0.0000000000
19869  0.000  0.000  0.000 0.0000000000
19870  0.000  0.000  0.000 0.0000000000
19871  0.000  0.000  0.000 0.0000000000
19884  0.000  0.000  0.000 0.0000000000
19885  0.000  0.000  0.000 0.0000000000
19886  0.000  0.000  0.000 0.0000000000
20624  0.000  0.000  0.000 0.0000000000
20625  0.000  0.000  0.000 0.0000000000
20636  0.000  0.000  0.000 0.0000000000
20637  0.000  0.000  0.000 0.0000000000
20650  0.000  0.000  0.000 0.0000000000
20651  0.000  0.000  0.000 0.0000000000
20660  0.000  0.000  0.000 0.0000000000
20661  0.000  0.000  0.000 0.0000000000
20670  0.000  0.000  0.000 0.0000000000
20671  0.000  0.000  0.000 0.0000000000
20672  0.000  0.000  0.000 0.0000000000
20673  0.000  0.000  0.000 0.0000000000
21460  0.000  0.000  0.000 0.0000000000
21461  0.000  0.000  0.000 0.0000000000
21472  0.000  0.000  0.000 0.0000000000
21473  0.000  0.000  0.000 0.0000000000
21485  0.000  0.000  0.000 0.0000000000
21486  0.000  0.000  0.000 0.0000000000
21495  0.000  0.000  0.000 0.0000000000
21496  0.000  0.000  0.000 0.0000000000
21497  0.000  0.000  0.000 0.0000000000
21498  0.000  0.000  0.000 0.0000000000
21499  0.000  0.000  0.000 0.0000000000
21508  0.000  0.000  0.000 0.0000000000
21509  0.000  0.000  0.000 0.0000000000
21510  0.000  0.000  0.000 0.0000000000
21511  0.000  0.000  0.000 0.0000000000
22311  0.000  0.000  0.000 0.0000000000
22320  0.000  0.000  0.000 0.0000000000
22321  0.000  0.000  0.000 0.0000000000
22331  0.000  0.000  0.000 0.0000000000
22332  0.000  0.000  0.000 0.0000000000
22343  0.000  0.000  0.000 0.0000000000
22344  0.000  0.000  0.000 0.0000000000
22354  0.000  0.000  0.000 0.0000000000
22355  0.000  0.000  0.000 0.0000000000
22356  0.000  0.000  0.000 0.0000000000
22357  0.000  0.000  0.000 0.0000000000
22358  0.000  0.000  0.000 0.0000000000
22369  0.000  0.000  0.000 0.0000000000
22370  0.000  0.000  0.000 0.0000000000
22371  0.000  0.000  0.000 0.0000000000
23138  0.000  0.000  0.000 0.0000000000
23139  0.000  0.000  0.000 0.0000000000
23150  0.000  0.000  0.000 0.0000000000
23151  0.000  0.000  0.000 0.0000000000
23152  0.000  0.000  0.000 0.0000000000
23162  0.000  0.000  0.000 0.0000000000
23163  0.000  0.000  0.000 0.0000000000
23173  0.000  0.000  0.000 0.0000000000
23182  0.000  0.000  0.000 0.0000000000
23183  0.000  0.000  0.000 0.0000000000
23184  0.000  0.000  0.000 0.0000000000
23185  0.000  0.000  0.000 0.0000000000
23186  0.000  0.000  0.000 0.0000000000
23913  0.000  0.000  0.000 0.0000000000
23914  0.000  0.000  0.000 0.0000000000
23924  0.000  0.000  0.000 0.0000000000
23925  0.000  0.000  0.000 0.0000000000
23935  0.000  0.000  0.000 0.0000000000
23946  0.000  0.000  0.000 0.0000000000
23957  0.000  0.000  0.000 0.0000000000
23958  0.000  0.000  0.000 0.0000000000
23959  0.000  0.000  0.000 0.0000000000
23960  0.000  0.000  0.000 0.0000000000
23961  0.000  0.000  0.000 0.0000000000
24656  0.000  0.000  0.000 0.0000000000
24657  0.000  0.000  0.000 0.0000000000
24663  0.000  0.000  0.000 0.0000000000
24664  0.000  0.000  0.000 0.0000000000
24665  0.000  0.000  0.000 0.0000000000
24677  0.000  0.000  0.000 0.0000000000
24678  0.000  0.000  0.000 0.0000000000
24687  0.000  0.000  0.000 0.0000000000
24698  0.000  0.000  0.000 0.0000000000
24699  0.000  0.000  0.000 0.0000000000
24700  0.000  0.000  0.000 0.0000000000
24701  0.000  0.000  0.000 0.0000000000
24715  0.000  0.000  0.000 0.0000000000
24716  0.000  0.000  0.000 0.0000000000
24717  0.000  0.000  0.000 0.0000000000
24718  0.000  0.000  0.000 0.0000000000
24719  0.000  0.000  0.000 0.0000000000
25444  0.000  0.000  0.000 0.0000000000
25445  0.000  0.000  0.000 0.0000000000
25451  0.000  0.000  0.000 0.0000000000
25452  0.000  0.000  0.000 0.0000000000
25464  0.000  0.000  0.000 0.0000000000
25472  0.000  0.000  0.000 0.0000000000
25482  0.000  0.000  0.000 0.0000000000
25483  0.000  0.000  0.000 0.0000000000
25484  0.000  0.000  0.000 0.0000000000
25485  0.000  0.000  0.000 0.0000000000
25497  0.000  0.000  0.000 0.0000000000
25498  0.000  0.000  0.000 0.0000000000
26238  0.000  0.000  0.000 0.0000000000
26239  0.000  0.000  0.000 0.0000000000
26247  0.000  0.000  0.000 0.0000000000
26248  0.000  0.000  0.000 0.0000000000
26260  0.000  0.000  0.000 0.0000000000
26270  0.000  0.000  0.000 0.0000000000
26271  0.000  0.000  0.000 0.0000000000
26272  0.000  0.000  0.000 0.0000000000
26273  0.000  0.000  0.000 0.0000000000
26284  0.000  0.000  0.000 0.0000000000
26285  0.000  0.000  0.000 0.0000000000
26286  0.000  0.000  0.000 0.0000000000
26287  0.000  0.000  0.000 0.0000000000
27022  0.000  0.000  0.000 0.0000000000
27023  0.000  0.000  0.000 0.0000000000
27030  0.000  0.000  0.000 0.0000000000
27031  0.000  0.000  0.000 0.0000000000
27039  0.000  0.000  0.000 0.0000000000
27040  0.000  0.000  0.000 0.0000000000
27051  0.000  0.000  0.000 0.0000000000
27061  0.000  0.000  0.000 0.0000000000
27062  0.000  0.000  0.000 0.0000000000
27063  0.000  0.000  0.000 0.0000000000
27064  0.000  0.000  0.000 0.0000000000
27075  0.000  0.000  0.000 0.0000000000
27076  0.000  0.000  0.000 0.0000000000
27793  0.000  0.000  0.000 0.0000000000
27801  0.000  0.000  0.000 0.0000000000
27802  0.000  0.000  0.000 0.0000000000
27808  0.000  0.000  0.000 0.0000000000
27814  0.000  0.000  0.000 0.0000000000
27815  0.000  0.000  0.000 0.0000000000
27828  0.000  0.000  0.000 0.0000000000
27829  0.000  0.000  0.000 0.0000000000
27838  0.000  0.000  0.000 0.0000000000
27839  0.000  0.000  0.000 0.0000000000
27840  0.000  0.000  0.000 0.0000000000
27841  0.000  0.000  0.000 0.0000000000
28560  0.000  0.000  0.000 0.0000000000
28567  0.000  0.000  0.000 0.0000000000
28568  0.000  0.000  0.000 0.0000000000
28576  0.000  0.000  0.000 0.0000000000
28577  0.000  0.000  0.000 0.0000000000
28582  0.000  0.000  0.000 0.0000000000
28590  0.000  0.000  0.000 0.0000000000
28591  0.000  0.000  0.000 0.0000000000
28604  0.000  0.000  0.000 0.0000000000
28605  0.000  0.000  0.000 0.0000000000
28606  0.000  0.000  0.000 0.0000000000
28607  0.000  0.000  0.000 0.0000000000
28608  0.000  0.000  0.000 0.0000000000
28617  0.000  0.000  0.000 0.0000000000
28618  0.000  0.000  0.000 0.0000000000
28619  0.000  0.000  0.000 0.0000000000
29335  0.000  0.000  0.000 0.0000000000
29339  0.000  0.000  0.000 0.0000000000
29340  0.000  0.000  0.000 0.0000000000
29346  0.000  0.000  0.000 0.0000000000
29347  0.000  0.000  0.000 0.0000000000
29352  0.000  0.000  0.000 0.0000000000
29357  0.000  0.000  0.000 0.0000000000
29367  0.000  0.000  0.000 0.0000000000
29368  0.000  0.000  0.000 0.0000000000
29380  0.000  0.000  0.000 0.0000000000
29381  0.000  0.000  0.000 0.0000000000
29382  0.000  0.000  0.000 0.0000000000
29383  0.000  0.000  0.000 0.0000000000
30049  0.000  0.000  0.000 0.0000000000
30052  0.000  0.000  0.000 0.0000000000
30055  0.000  0.000  0.000 0.0000000000
30058  0.000  0.000  0.000 0.0000000000
30061  0.000  0.000  0.000 0.0000000000
30062  0.000  0.000  0.000 0.0000000000
30065  0.000  0.000  0.000 0.0000000000
30066  0.000  0.000  0.000 0.0000000000
30068  0.000  0.000  0.000 0.0000000000
30070  0.000  0.000  0.000 0.0000000000
30073  0.000  0.000  0.000 0.0000000000
30074  0.000  0.000  0.000 0.0000000000
30079  0.000  0.000  0.000 0.0000000000
30080  0.000  0.000  0.000 0.0000000000
30085  0.000  0.000  0.000 0.0000000000
30091  0.000  0.000  0.000 0.0000000000
30101  0.000  0.000  0.000 0.0000000000
30102  0.000  0.000  0.000 0.0000000000
30103  0.000  0.000  0.000 0.0000000000
30104  0.000  0.000  0.000 0.0000000000
30105  0.000  0.000  0.000 0.0000000000
30116  0.000  0.000  0.000 0.0000000000
30117  0.000  0.000  0.000 0.0000000000
30118  0.000  0.000  0.000 0.0000000000
30880  0.000  0.000  0.000 0.0000000000
30885  0.000  0.000  0.000 0.0000000000
30888  0.000  0.000  0.000 0.0000000000
30891  0.000  0.000  0.000 0.0000000000
30894  0.000  0.000  0.000 0.0000000000
30897  0.000  0.000  0.000 0.0000000000
30900  0.000  0.000  0.000 0.0000000000
30902  0.000  0.000  0.000 0.0000000000
30905  0.000  0.000  0.000 0.0000000000
30906  0.000  0.000  0.000 0.0000000000
30908  0.000  0.000  0.000 0.0000000000
30909  0.000  0.000  0.000 0.0000000000
30912  0.000  0.000  0.000 0.0000000000
30913  0.000  0.000  0.000 0.0000000000
30916  0.000  0.000  0.000 0.0000000000
30917  0.000  0.000  0.000 0.0000000000
30922  0.000  0.000  0.000 0.0000000000
30927  0.000  0.000  0.000 0.0000000000
30933  0.000  0.000  0.000 0.0000000000
30934  0.000  0.000  0.000 0.0000000000
30944  0.000  0.000  0.000 0.0000000000
30945  0.000  0.000  0.000 0.0000000000
30946  0.000  0.000  0.000 0.0000000000
30947  0.000  0.000  0.000 0.0000000000
30948  0.000  0.000  0.000 0.0000000000
31702  0.000  0.000  0.000 0.0000000000
31703  0.000  0.000  0.000 0.0000000000
31707  0.000  0.000  0.000 0.0000000000
31708  0.000  0.000  0.000 0.0000000000
31710  0.000  0.000  0.000 0.0000000000
31713  0.000  0.000  0.000 0.0000000000
31716  0.000  0.000  0.000 0.0000000000
31719  0.000  0.000  0.000 0.0000000000
31722  0.000  0.000  0.000 0.0000000000
31724  0.000  0.000  0.000 0.0000000000
31727  0.000  0.000  0.000 0.0000000000
31729  0.000  0.000  0.000 0.0000000000
31732  0.000  0.000  0.000 0.0000000000
31734  0.000  0.000  0.000 0.0000000000
31740  0.000  0.000  0.000 0.0000000000
31745  0.000  0.000  0.000 0.0000000000
31746  0.000  0.000  0.000 0.0000000000
31752  0.000  0.000  0.000 0.0000000000
31753  0.000  0.000  0.000 0.0000000000
31754  0.000  0.000  0.000 0.0000000000
31755  0.000  0.000  0.000 0.0000000000
31756  0.000  0.000  0.000 0.0000000000
31765  0.000  0.000  0.000 0.0000000000
31766  0.000  0.000  0.000 0.0000000000
31767  0.000  0.000  0.000 0.0000000000
31768  0.000  0.000  0.000 0.0000000000
32917  0.000  0.000  0.000 0.0000000000
32918  0.000  0.000  0.000 0.0000000000
32921  0.000  0.000  0.000 0.0000000000
32922  0.000  0.000  0.000 0.0000000000
32924  0.000  0.000  0.000 0.0000000000
32927  0.000  0.000  0.000 0.0000000000
32930  0.000  0.000  0.000 0.0000000000
32933  0.000  0.000  0.000 0.0000000000
32936  0.000  0.000  0.000 0.0000000000
32938  0.000  0.000  0.000 0.0000000000
32941  0.000  0.000  0.000 0.0000000000
32943  0.000  0.000  0.000 0.0000000000
32946  0.000  0.000  0.000 0.0000000000
32947  0.000  0.000  0.000 0.0000000000
32949  0.000  0.000  0.000 0.0000000000
32950  0.000  0.000  0.000 0.0000000000
32956  0.000  0.000  0.000 0.0000000000
32957  0.000  0.000  0.000 0.0000000000
32963  0.000  0.000  0.000 0.0000000000
32964  0.000  0.000  0.000 0.0000000000
32965  0.000  0.000  0.000 0.0000000000
32972  0.000  0.000  0.000 0.0000000000
32973  0.000  0.000  0.000 0.0000000000
32974  0.000  0.000  0.000 0.0000000000
32975  0.000  0.000  0.000 0.0000000000
33715  0.000  0.000  0.000 0.0000000000
33719  0.000  0.000  0.000 0.0000000000
33720  0.000  0.000  0.000 0.0000000000
33722  0.000  0.000  0.000 0.0000000000
33725  0.000  0.000  0.000 0.0000000000
33728  0.000  0.000  0.000 0.0000000000
33731  0.000  0.000  0.000 0.0000000000
33734  0.000  0.000  0.000 0.0000000000
33736  0.000  0.000  0.000 0.0000000000
33737  0.000  0.000  0.000 0.0000000000
33740  0.000  0.000  0.000 0.0000000000
33741  0.000  0.000  0.000 0.0000000000
33743  0.000  0.000  0.000 0.0000000000
33744  0.000  0.000  0.000 0.0000000000
33745  0.000  0.000  0.000 0.0000000000
33748  0.000  0.000  0.000 0.0000000000
33749  0.000  0.000  0.000 0.0000000000
33750  0.000  0.000  0.000 0.0000000000
33752  0.000  0.000  0.000 0.0000000000
33753  0.000  0.000  0.000 0.0000000000
33759  0.000  0.000  0.000 0.0000000000
33760  0.000  0.000  0.000 0.0000000000
33761  0.000  0.000  0.000 0.0000000000
33767  0.000  0.000  0.000 0.0000000000
33768  0.000  0.000  0.000 0.0000000000
33769  0.000  0.000  0.000 0.0000000000
33770  0.000  0.000  0.000 0.0000000000
33776  0.000  0.000  0.000 0.0000000000
33777  0.000  0.000  0.000 0.0000000000
33778  0.000  0.000  0.000 0.0000000000
34442  0.000  0.000  0.000 0.0000000000
34445  0.000  0.000  0.000 0.0000000000
34448  0.000  0.000  0.000 0.0000000000
34451  0.000  0.000  0.000 0.0000000000
34454  0.000  0.000  0.000 0.0000000000
34455  0.000  0.000  0.000 0.0000000000
34458  0.000  0.000  0.000 0.0000000000
34459  0.000  0.000  0.000 0.0000000000
34461  0.000  0.000  0.000 0.0000000000
34462  0.000  0.000  0.000 0.0000000000
34463  0.000  0.000  0.000 0.0000000000
34466  0.000  0.000  0.000 0.0000000000
34467  0.000  0.000  0.000 0.0000000000
34470  0.000  0.000  0.000 0.0000000000
34471  0.000  0.000  0.000 0.0000000000
34472  0.000  0.000  0.000 0.0000000000
34475  0.000  0.000  0.000 0.0000000000
34476  0.000  0.000  0.000 0.0000000000
34479  0.000  0.000  0.000 0.0000000000
34480  0.000  0.000  0.000 0.0000000000
34487  0.000  0.000  0.000 0.0000000000
34488  0.000  0.000  0.000 0.0000000000
34489  0.000  0.000  0.000 0.0000000000
34497  0.000  0.000  0.000 0.0000000000
34498  0.000  0.000  0.000 0.0000000000
35239  0.000  0.000  0.000 0.0000000000
35243  0.000  0.000  0.000 0.0000000000
35244  0.000  0.000  0.000 0.0000000000
35247  0.000  0.000  0.000 0.0000000000
35248  0.000  0.000  0.000 0.0000000000
35251  0.000  0.000  0.000 0.0000000000
35252  0.000  0.000  0.000 0.0000000000
35255  0.000  0.000  0.000 0.0000000000
35256  0.000  0.000  0.000 0.0000000000
35258  0.000  0.000  0.000 0.0000000000
35259  0.000  0.000  0.000 0.0000000000
36144  0.000  0.000  0.000 0.0000000000
36149  0.000  0.000  0.000 0.0000000000
36150  0.000  0.000  0.000 0.0000000000
36154  0.000  0.000  0.000 0.0000000000
36157  0.000  0.000  0.000 0.0000000000
36158  0.000  0.000  0.000 0.0000000000
36161  0.000  0.000  0.000 0.0000000000
36162  0.000  0.000  0.000 0.0000000000
