#!ascii label  , from subject Woofsurfer vox2ras=TkReg coords=white
2427
70471  0.000  0.000  0.000 0.0000000000
70472  0.000  0.000  0.000 0.0000000000
70473  0.000  0.000  0.000 0.0000000000
70489  0.000  0.000  0.000 0.0000000000
70490  0.000  0.000  0.000 0.0000000000
71101  0.000  0.000  0.000 0.0000000000
71102  0.000  0.000  0.000 0.0000000000
71103  0.000  0.000  0.000 0.0000000000
71104  0.000  0.000  0.000 0.0000000000
71115  0.000  0.000  0.000 0.0000000000
71116  0.000  0.000  0.000 0.0000000000
71117  0.000  0.000  0.000 0.0000000000
71728  0.000  0.000  0.000 0.0000000000
71729  0.000  0.000  0.000 0.0000000000
71730  0.000  0.000  0.000 0.0000000000
71737  0.000  0.000  0.000 0.0000000000
71738  0.000  0.000  0.000 0.0000000000
71739  0.000  0.000  0.000 0.0000000000
72317  0.000  0.000  0.000 0.0000000000
72318  0.000  0.000  0.000 0.0000000000
72319  0.000  0.000  0.000 0.0000000000
72320  0.000  0.000  0.000 0.0000000000
72321  0.000  0.000  0.000 0.0000000000
72322  0.000  0.000  0.000 0.0000000000
72327  0.000  0.000  0.000 0.0000000000
72328  0.000  0.000  0.000 0.0000000000
72329  0.000  0.000  0.000 0.0000000000
72330  0.000  0.000  0.000 0.0000000000
72887  0.000  0.000  0.000 0.0000000000
72888  0.000  0.000  0.000 0.0000000000
72889  0.000  0.000  0.000 0.0000000000
72890  0.000  0.000  0.000 0.0000000000
72891  0.000  0.000  0.000 0.0000000000
72892  0.000  0.000  0.000 0.0000000000
73422  0.000  0.000  0.000 0.0000000000
73439  0.000  0.000  0.000 0.0000000000
73440  0.000  0.000  0.000 0.0000000000
73441  0.000  0.000  0.000 0.0000000000
73442  0.000  0.000  0.000 0.0000000000
73443  0.000  0.000  0.000 0.0000000000
73444  0.000  0.000  0.000 0.0000000000
73959  0.000  0.000  0.000 0.0000000000
73960  0.000  0.000  0.000 0.0000000000
73972  0.000  0.000  0.000 0.0000000000
73973  0.000  0.000  0.000 0.0000000000
73974  0.000  0.000  0.000 0.0000000000
73975  0.000  0.000  0.000 0.0000000000
73976  0.000  0.000  0.000 0.0000000000
74569  0.000  0.000  0.000 0.0000000000
74570  0.000  0.000  0.000 0.0000000000
74571  0.000  0.000  0.000 0.0000000000
74572  0.000  0.000  0.000 0.0000000000
74578  0.000  0.000  0.000 0.0000000000
74579  0.000  0.000  0.000 0.0000000000
74580  0.000  0.000  0.000 0.0000000000
74581  0.000  0.000  0.000 0.0000000000
74582  0.000  0.000  0.000 0.0000000000
75136  0.000  0.000  0.000 0.0000000000
75149  0.000  0.000  0.000 0.0000000000
75150  0.000  0.000  0.000 0.0000000000
75151  0.000  0.000  0.000 0.0000000000
75152  0.000  0.000  0.000 0.0000000000
75153  0.000  0.000  0.000 0.0000000000
75154  0.000  0.000  0.000 0.0000000000
75155  0.000  0.000  0.000 0.0000000000
75156  0.000  0.000  0.000 0.0000000000
75157  0.000  0.000  0.000 0.0000000000
75707  0.000  0.000  0.000 0.0000000000
75708  0.000  0.000  0.000 0.0000000000
75720  0.000  0.000  0.000 0.0000000000
75721  0.000  0.000  0.000 0.0000000000
75722  0.000  0.000  0.000 0.0000000000
75723  0.000  0.000  0.000 0.0000000000
75724  0.000  0.000  0.000 0.0000000000
76292  0.000  0.000  0.000 0.0000000000
76293  0.000  0.000  0.000 0.0000000000
76303  0.000  0.000  0.000 0.0000000000
76304  0.000  0.000  0.000 0.0000000000
76305  0.000  0.000  0.000 0.0000000000
76306  0.000  0.000  0.000 0.0000000000
76307  0.000  0.000  0.000 0.0000000000
76844  0.000  0.000  0.000 0.0000000000
76845  0.000  0.000  0.000 0.0000000000
76853  0.000  0.000  0.000 0.0000000000
76854  0.000  0.000  0.000 0.0000000000
76855  0.000  0.000  0.000 0.0000000000
76856  0.000  0.000  0.000 0.0000000000
76857  0.000  0.000  0.000 0.0000000000
77396  0.000  0.000  0.000 0.0000000000
77397  0.000  0.000  0.000 0.0000000000
77398  0.000  0.000  0.000 0.0000000000
77399  0.000  0.000  0.000 0.0000000000
77404  0.000  0.000  0.000 0.0000000000
77405  0.000  0.000  0.000 0.0000000000
77406  0.000  0.000  0.000 0.0000000000
77407  0.000  0.000  0.000 0.0000000000
77952  0.000  0.000  0.000 0.0000000000
77953  0.000  0.000  0.000 0.0000000000
77954  0.000  0.000  0.000 0.0000000000
77955  0.000  0.000  0.000 0.0000000000
77956  0.000  0.000  0.000 0.0000000000
77957  0.000  0.000  0.000 0.0000000000
77958  0.000  0.000  0.000 0.0000000000
77962  0.000  0.000  0.000 0.0000000000
77963  0.000  0.000  0.000 0.0000000000
77964  0.000  0.000  0.000 0.0000000000
78506  0.000  0.000  0.000 0.0000000000
78507  0.000  0.000  0.000 0.0000000000
78508  0.000  0.000  0.000 0.0000000000
78509  0.000  0.000  0.000 0.0000000000
78510  0.000  0.000  0.000 0.0000000000
78511  0.000  0.000  0.000 0.0000000000
78512  0.000  0.000  0.000 0.0000000000
79053  0.000  0.000  0.000 0.0000000000
79054  0.000  0.000  0.000 0.0000000000
79055  0.000  0.000  0.000 0.0000000000
79062  0.000  0.000  0.000 0.0000000000
79063  0.000  0.000  0.000 0.0000000000
79064  0.000  0.000  0.000 0.0000000000
79065  0.000  0.000  0.000 0.0000000000
79066  0.000  0.000  0.000 0.0000000000
79067  0.000  0.000  0.000 0.0000000000
79068  0.000  0.000  0.000 0.0000000000
79069  0.000  0.000  0.000 0.0000000000
79554  0.000  0.000  0.000 0.0000000000
79560  0.000  0.000  0.000 0.0000000000
79561  0.000  0.000  0.000 0.0000000000
79562  0.000  0.000  0.000 0.0000000000
79563  0.000  0.000  0.000 0.0000000000
79569  0.000  0.000  0.000 0.0000000000
79570  0.000  0.000  0.000 0.0000000000
79571  0.000  0.000  0.000 0.0000000000
79572  0.000  0.000  0.000 0.0000000000
79573  0.000  0.000  0.000 0.0000000000
79577  0.000  0.000  0.000 0.0000000000
79578  0.000  0.000  0.000 0.0000000000
79579  0.000  0.000  0.000 0.0000000000
79580  0.000  0.000  0.000 0.0000000000
79581  0.000  0.000  0.000 0.0000000000
79582  0.000  0.000  0.000 0.0000000000
79583  0.000  0.000  0.000 0.0000000000
79584  0.000  0.000  0.000 0.0000000000
79587  0.000  0.000  0.000 0.0000000000
79588  0.000  0.000  0.000 0.0000000000
79589  0.000  0.000  0.000 0.0000000000
79590  0.000  0.000  0.000 0.0000000000
79591  0.000  0.000  0.000 0.0000000000
79592  0.000  0.000  0.000 0.0000000000
80079  0.000  0.000  0.000 0.0000000000
80080  0.000  0.000  0.000 0.0000000000
80081  0.000  0.000  0.000 0.0000000000
80082  0.000  0.000  0.000 0.0000000000
80092  0.000  0.000  0.000 0.0000000000
80093  0.000  0.000  0.000 0.0000000000
80094  0.000  0.000  0.000 0.0000000000
80095  0.000  0.000  0.000 0.0000000000
80096  0.000  0.000  0.000 0.0000000000
80097  0.000  0.000  0.000 0.0000000000
80098  0.000  0.000  0.000 0.0000000000
80099  0.000  0.000  0.000 0.0000000000
80100  0.000  0.000  0.000 0.0000000000
80106  0.000  0.000  0.000 0.0000000000
80107  0.000  0.000  0.000 0.0000000000
80108  0.000  0.000  0.000 0.0000000000
80109  0.000  0.000  0.000 0.0000000000
80110  0.000  0.000  0.000 0.0000000000
80111  0.000  0.000  0.000 0.0000000000
80115  0.000  0.000  0.000 0.0000000000
80116  0.000  0.000  0.000 0.0000000000
80117  0.000  0.000  0.000 0.0000000000
80118  0.000  0.000  0.000 0.0000000000
80600  0.000  0.000  0.000 0.0000000000
80601  0.000  0.000  0.000 0.0000000000
80606  0.000  0.000  0.000 0.0000000000
80607  0.000  0.000  0.000 0.0000000000
80608  0.000  0.000  0.000 0.0000000000
80609  0.000  0.000  0.000 0.0000000000
80610  0.000  0.000  0.000 0.0000000000
80611  0.000  0.000  0.000 0.0000000000
80617  0.000  0.000  0.000 0.0000000000
80618  0.000  0.000  0.000 0.0000000000
80619  0.000  0.000  0.000 0.0000000000
80620  0.000  0.000  0.000 0.0000000000
80621  0.000  0.000  0.000 0.0000000000
80622  0.000  0.000  0.000 0.0000000000
81092  0.000  0.000  0.000 0.0000000000
81093  0.000  0.000  0.000 0.0000000000
81094  0.000  0.000  0.000 0.0000000000
81095  0.000  0.000  0.000 0.0000000000
81096  0.000  0.000  0.000 0.0000000000
81102  0.000  0.000  0.000 0.0000000000
81103  0.000  0.000  0.000 0.0000000000
81108  0.000  0.000  0.000 0.0000000000
81109  0.000  0.000  0.000 0.0000000000
81110  0.000  0.000  0.000 0.0000000000
81111  0.000  0.000  0.000 0.0000000000
81117  0.000  0.000  0.000 0.0000000000
81118  0.000  0.000  0.000 0.0000000000
81119  0.000  0.000  0.000 0.0000000000
81120  0.000  0.000  0.000 0.0000000000
81121  0.000  0.000  0.000 0.0000000000
81130  0.000  0.000  0.000 0.0000000000
81131  0.000  0.000  0.000 0.0000000000
81132  0.000  0.000  0.000 0.0000000000
81133  0.000  0.000  0.000 0.0000000000
81571  0.000  0.000  0.000 0.0000000000
81572  0.000  0.000  0.000 0.0000000000
81575  0.000  0.000  0.000 0.0000000000
81576  0.000  0.000  0.000 0.0000000000
81577  0.000  0.000  0.000 0.0000000000
81578  0.000  0.000  0.000 0.0000000000
81579  0.000  0.000  0.000 0.0000000000
81583  0.000  0.000  0.000 0.0000000000
81584  0.000  0.000  0.000 0.0000000000
81587  0.000  0.000  0.000 0.0000000000
81588  0.000  0.000  0.000 0.0000000000
81589  0.000  0.000  0.000 0.0000000000
81590  0.000  0.000  0.000 0.0000000000
81591  0.000  0.000  0.000 0.0000000000
81594  0.000  0.000  0.000 0.0000000000
81595  0.000  0.000  0.000 0.0000000000
81596  0.000  0.000  0.000 0.0000000000
81597  0.000  0.000  0.000 0.0000000000
81606  0.000  0.000  0.000 0.0000000000
81607  0.000  0.000  0.000 0.0000000000
81608  0.000  0.000  0.000 0.0000000000
82052  0.000  0.000  0.000 0.0000000000
82055  0.000  0.000  0.000 0.0000000000
82058  0.000  0.000  0.000 0.0000000000
82062  0.000  0.000  0.000 0.0000000000
82066  0.000  0.000  0.000 0.0000000000
82070  0.000  0.000  0.000 0.0000000000
82071  0.000  0.000  0.000 0.0000000000
82075  0.000  0.000  0.000 0.0000000000
82076  0.000  0.000  0.000 0.0000000000
82079  0.000  0.000  0.000 0.0000000000
82080  0.000  0.000  0.000 0.0000000000
82081  0.000  0.000  0.000 0.0000000000
82082  0.000  0.000  0.000 0.0000000000
82084  0.000  0.000  0.000 0.0000000000
82085  0.000  0.000  0.000 0.0000000000
82086  0.000  0.000  0.000 0.0000000000
82087  0.000  0.000  0.000 0.0000000000
82091  0.000  0.000  0.000 0.0000000000
82092  0.000  0.000  0.000 0.0000000000
82093  0.000  0.000  0.000 0.0000000000
82094  0.000  0.000  0.000 0.0000000000
82097  0.000  0.000  0.000 0.0000000000
82098  0.000  0.000  0.000 0.0000000000
82099  0.000  0.000  0.000 0.0000000000
82100  0.000  0.000  0.000 0.0000000000
82101  0.000  0.000  0.000 0.0000000000
82104  0.000  0.000  0.000 0.0000000000
82105  0.000  0.000  0.000 0.0000000000
82106  0.000  0.000  0.000 0.0000000000
82112  0.000  0.000  0.000 0.0000000000
82113  0.000  0.000  0.000 0.0000000000
82114  0.000  0.000  0.000 0.0000000000
82524  0.000  0.000  0.000 0.0000000000
82530  0.000  0.000  0.000 0.0000000000
82535  0.000  0.000  0.000 0.0000000000
82589  0.000  0.000  0.000 0.0000000000
82592  0.000  0.000  0.000 0.0000000000
82595  0.000  0.000  0.000 0.0000000000
82599  0.000  0.000  0.000 0.0000000000
82602  0.000  0.000  0.000 0.0000000000
82605  0.000  0.000  0.000 0.0000000000
82606  0.000  0.000  0.000 0.0000000000
82609  0.000  0.000  0.000 0.0000000000
82610  0.000  0.000  0.000 0.0000000000
82613  0.000  0.000  0.000 0.0000000000
82614  0.000  0.000  0.000 0.0000000000
82615  0.000  0.000  0.000 0.0000000000
82616  0.000  0.000  0.000 0.0000000000
82619  0.000  0.000  0.000 0.0000000000
82620  0.000  0.000  0.000 0.0000000000
82621  0.000  0.000  0.000 0.0000000000
82622  0.000  0.000  0.000 0.0000000000
82626  0.000  0.000  0.000 0.0000000000
82627  0.000  0.000  0.000 0.0000000000
82628  0.000  0.000  0.000 0.0000000000
82629  0.000  0.000  0.000 0.0000000000
82630  0.000  0.000  0.000 0.0000000000
82634  0.000  0.000  0.000 0.0000000000
82635  0.000  0.000  0.000 0.0000000000
82636  0.000  0.000  0.000 0.0000000000
82639  0.000  0.000  0.000 0.0000000000
82640  0.000  0.000  0.000 0.0000000000
82641  0.000  0.000  0.000 0.0000000000
82647  0.000  0.000  0.000 0.0000000000
82648  0.000  0.000  0.000 0.0000000000
82649  0.000  0.000  0.000 0.0000000000
82650  0.000  0.000  0.000 0.0000000000
82657  0.000  0.000  0.000 0.0000000000
83109  0.000  0.000  0.000 0.0000000000
83110  0.000  0.000  0.000 0.0000000000
83115  0.000  0.000  0.000 0.0000000000
83116  0.000  0.000  0.000 0.0000000000
83121  0.000  0.000  0.000 0.0000000000
83122  0.000  0.000  0.000 0.0000000000
83124  0.000  0.000  0.000 0.0000000000
83125  0.000  0.000  0.000 0.0000000000
83128  0.000  0.000  0.000 0.0000000000
83129  0.000  0.000  0.000 0.0000000000
83132  0.000  0.000  0.000 0.0000000000
83133  0.000  0.000  0.000 0.0000000000
83136  0.000  0.000  0.000 0.0000000000
83137  0.000  0.000  0.000 0.0000000000
83140  0.000  0.000  0.000 0.0000000000
83141  0.000  0.000  0.000 0.0000000000
83144  0.000  0.000  0.000 0.0000000000
83145  0.000  0.000  0.000 0.0000000000
83148  0.000  0.000  0.000 0.0000000000
83149  0.000  0.000  0.000 0.0000000000
83153  0.000  0.000  0.000 0.0000000000
83154  0.000  0.000  0.000 0.0000000000
83157  0.000  0.000  0.000 0.0000000000
83158  0.000  0.000  0.000 0.0000000000
83161  0.000  0.000  0.000 0.0000000000
83162  0.000  0.000  0.000 0.0000000000
83164  0.000  0.000  0.000 0.0000000000
83165  0.000  0.000  0.000 0.0000000000
83168  0.000  0.000  0.000 0.0000000000
83169  0.000  0.000  0.000 0.0000000000
83170  0.000  0.000  0.000 0.0000000000
83171  0.000  0.000  0.000 0.0000000000
83172  0.000  0.000  0.000 0.0000000000
83173  0.000  0.000  0.000 0.0000000000
83176  0.000  0.000  0.000 0.0000000000
83177  0.000  0.000  0.000 0.0000000000
83178  0.000  0.000  0.000 0.0000000000
83179  0.000  0.000  0.000 0.0000000000
83180  0.000  0.000  0.000 0.0000000000
83181  0.000  0.000  0.000 0.0000000000
83184  0.000  0.000  0.000 0.0000000000
83185  0.000  0.000  0.000 0.0000000000
83186  0.000  0.000  0.000 0.0000000000
83187  0.000  0.000  0.000 0.0000000000
83188  0.000  0.000  0.000 0.0000000000
83189  0.000  0.000  0.000 0.0000000000
83190  0.000  0.000  0.000 0.0000000000
83192  0.000  0.000  0.000 0.0000000000
83193  0.000  0.000  0.000 0.0000000000
83194  0.000  0.000  0.000 0.0000000000
83195  0.000  0.000  0.000 0.0000000000
83196  0.000  0.000  0.000 0.0000000000
83197  0.000  0.000  0.000 0.0000000000
83198  0.000  0.000  0.000 0.0000000000
83199  0.000  0.000  0.000 0.0000000000
83201  0.000  0.000  0.000 0.0000000000
83202  0.000  0.000  0.000 0.0000000000
83203  0.000  0.000  0.000 0.0000000000
83204  0.000  0.000  0.000 0.0000000000
83205  0.000  0.000  0.000 0.0000000000
83206  0.000  0.000  0.000 0.0000000000
83207  0.000  0.000  0.000 0.0000000000
83208  0.000  0.000  0.000 0.0000000000
83209  0.000  0.000  0.000 0.0000000000
83211  0.000  0.000  0.000 0.0000000000
83212  0.000  0.000  0.000 0.0000000000
83213  0.000  0.000  0.000 0.0000000000
83214  0.000  0.000  0.000 0.0000000000
83215  0.000  0.000  0.000 0.0000000000
83216  0.000  0.000  0.000 0.0000000000
83217  0.000  0.000  0.000 0.0000000000
83218  0.000  0.000  0.000 0.0000000000
83219  0.000  0.000  0.000 0.0000000000
83222  0.000  0.000  0.000 0.0000000000
83223  0.000  0.000  0.000 0.0000000000
83224  0.000  0.000  0.000 0.0000000000
83225  0.000  0.000  0.000 0.0000000000
83226  0.000  0.000  0.000 0.0000000000
83227  0.000  0.000  0.000 0.0000000000
83228  0.000  0.000  0.000 0.0000000000
83229  0.000  0.000  0.000 0.0000000000
83230  0.000  0.000  0.000 0.0000000000
83234  0.000  0.000  0.000 0.0000000000
83235  0.000  0.000  0.000 0.0000000000
83236  0.000  0.000  0.000 0.0000000000
83237  0.000  0.000  0.000 0.0000000000
83238  0.000  0.000  0.000 0.0000000000
83239  0.000  0.000  0.000 0.0000000000
83240  0.000  0.000  0.000 0.0000000000
83241  0.000  0.000  0.000 0.0000000000
83244  0.000  0.000  0.000 0.0000000000
83245  0.000  0.000  0.000 0.0000000000
83246  0.000  0.000  0.000 0.0000000000
83247  0.000  0.000  0.000 0.0000000000
83248  0.000  0.000  0.000 0.0000000000
83249  0.000  0.000  0.000 0.0000000000
83250  0.000  0.000  0.000 0.0000000000
83253  0.000  0.000  0.000 0.0000000000
83254  0.000  0.000  0.000 0.0000000000
83255  0.000  0.000  0.000 0.0000000000
83256  0.000  0.000  0.000 0.0000000000
83257  0.000  0.000  0.000 0.0000000000
83258  0.000  0.000  0.000 0.0000000000
83259  0.000  0.000  0.000 0.0000000000
83260  0.000  0.000  0.000 0.0000000000
83263  0.000  0.000  0.000 0.0000000000
83264  0.000  0.000  0.000 0.0000000000
83265  0.000  0.000  0.000 0.0000000000
83266  0.000  0.000  0.000 0.0000000000
83267  0.000  0.000  0.000 0.0000000000
83268  0.000  0.000  0.000 0.0000000000
83269  0.000  0.000  0.000 0.0000000000
83272  0.000  0.000  0.000 0.0000000000
83273  0.000  0.000  0.000 0.0000000000
83274  0.000  0.000  0.000 0.0000000000
83275  0.000  0.000  0.000 0.0000000000
83278  0.000  0.000  0.000 0.0000000000
83279  0.000  0.000  0.000 0.0000000000
83280  0.000  0.000  0.000 0.0000000000
83284  0.000  0.000  0.000 0.0000000000
83285  0.000  0.000  0.000 0.0000000000
83288  0.000  0.000  0.000 0.0000000000
83289  0.000  0.000  0.000 0.0000000000
83293  0.000  0.000  0.000 0.0000000000
83294  0.000  0.000  0.000 0.0000000000
83295  0.000  0.000  0.000 0.0000000000
83302  0.000  0.000  0.000 0.0000000000
83303  0.000  0.000  0.000 0.0000000000
83749  0.000  0.000  0.000 0.0000000000
83750  0.000  0.000  0.000 0.0000000000
83754  0.000  0.000  0.000 0.0000000000
83755  0.000  0.000  0.000 0.0000000000
83760  0.000  0.000  0.000 0.0000000000
83761  0.000  0.000  0.000 0.0000000000
83763  0.000  0.000  0.000 0.0000000000
83764  0.000  0.000  0.000 0.0000000000
83766  0.000  0.000  0.000 0.0000000000
83767  0.000  0.000  0.000 0.0000000000
83770  0.000  0.000  0.000 0.0000000000
83771  0.000  0.000  0.000 0.0000000000
83774  0.000  0.000  0.000 0.0000000000
83775  0.000  0.000  0.000 0.0000000000
83779  0.000  0.000  0.000 0.0000000000
83780  0.000  0.000  0.000 0.0000000000
83783  0.000  0.000  0.000 0.0000000000
83784  0.000  0.000  0.000 0.0000000000
83787  0.000  0.000  0.000 0.0000000000
83788  0.000  0.000  0.000 0.0000000000
83791  0.000  0.000  0.000 0.0000000000
83792  0.000  0.000  0.000 0.0000000000
83795  0.000  0.000  0.000 0.0000000000
83796  0.000  0.000  0.000 0.0000000000
83799  0.000  0.000  0.000 0.0000000000
83800  0.000  0.000  0.000 0.0000000000
83803  0.000  0.000  0.000 0.0000000000
83804  0.000  0.000  0.000 0.0000000000
83807  0.000  0.000  0.000 0.0000000000
83808  0.000  0.000  0.000 0.0000000000
83809  0.000  0.000  0.000 0.0000000000
83810  0.000  0.000  0.000 0.0000000000
83811  0.000  0.000  0.000 0.0000000000
83812  0.000  0.000  0.000 0.0000000000
83815  0.000  0.000  0.000 0.0000000000
83816  0.000  0.000  0.000 0.0000000000
83817  0.000  0.000  0.000 0.0000000000
83818  0.000  0.000  0.000 0.0000000000
83819  0.000  0.000  0.000 0.0000000000
83820  0.000  0.000  0.000 0.0000000000
83821  0.000  0.000  0.000 0.0000000000
83824  0.000  0.000  0.000 0.0000000000
83825  0.000  0.000  0.000 0.0000000000
83826  0.000  0.000  0.000 0.0000000000
83827  0.000  0.000  0.000 0.0000000000
83828  0.000  0.000  0.000 0.0000000000
83829  0.000  0.000  0.000 0.0000000000
83832  0.000  0.000  0.000 0.0000000000
83833  0.000  0.000  0.000 0.0000000000
83834  0.000  0.000  0.000 0.0000000000
83835  0.000  0.000  0.000 0.0000000000
83836  0.000  0.000  0.000 0.0000000000
83839  0.000  0.000  0.000 0.0000000000
83840  0.000  0.000  0.000 0.0000000000
83841  0.000  0.000  0.000 0.0000000000
83842  0.000  0.000  0.000 0.0000000000
83843  0.000  0.000  0.000 0.0000000000
83846  0.000  0.000  0.000 0.0000000000
83847  0.000  0.000  0.000 0.0000000000
83848  0.000  0.000  0.000 0.0000000000
83851  0.000  0.000  0.000 0.0000000000
83852  0.000  0.000  0.000 0.0000000000
83853  0.000  0.000  0.000 0.0000000000
83854  0.000  0.000  0.000 0.0000000000
83857  0.000  0.000  0.000 0.0000000000
83858  0.000  0.000  0.000 0.0000000000
83859  0.000  0.000  0.000 0.0000000000
83860  0.000  0.000  0.000 0.0000000000
83861  0.000  0.000  0.000 0.0000000000
83864  0.000  0.000  0.000 0.0000000000
83865  0.000  0.000  0.000 0.0000000000
83866  0.000  0.000  0.000 0.0000000000
83867  0.000  0.000  0.000 0.0000000000
83870  0.000  0.000  0.000 0.0000000000
83871  0.000  0.000  0.000 0.0000000000
83872  0.000  0.000  0.000 0.0000000000
83873  0.000  0.000  0.000 0.0000000000
83874  0.000  0.000  0.000 0.0000000000
83875  0.000  0.000  0.000 0.0000000000
83876  0.000  0.000  0.000 0.0000000000
83879  0.000  0.000  0.000 0.0000000000
83880  0.000  0.000  0.000 0.0000000000
83881  0.000  0.000  0.000 0.0000000000
83882  0.000  0.000  0.000 0.0000000000
83883  0.000  0.000  0.000 0.0000000000
83884  0.000  0.000  0.000 0.0000000000
83885  0.000  0.000  0.000 0.0000000000
83888  0.000  0.000  0.000 0.0000000000
83889  0.000  0.000  0.000 0.0000000000
83890  0.000  0.000  0.000 0.0000000000
83893  0.000  0.000  0.000 0.0000000000
83894  0.000  0.000  0.000 0.0000000000
83898  0.000  0.000  0.000 0.0000000000
83899  0.000  0.000  0.000 0.0000000000
83902  0.000  0.000  0.000 0.0000000000
83903  0.000  0.000  0.000 0.0000000000
83904  0.000  0.000  0.000 0.0000000000
83907  0.000  0.000  0.000 0.0000000000
83908  0.000  0.000  0.000 0.0000000000
83909  0.000  0.000  0.000 0.0000000000
83914  0.000  0.000  0.000 0.0000000000
83915  0.000  0.000  0.000 0.0000000000
84404  0.000  0.000  0.000 0.0000000000
84405  0.000  0.000  0.000 0.0000000000
84410  0.000  0.000  0.000 0.0000000000
84411  0.000  0.000  0.000 0.0000000000
84416  0.000  0.000  0.000 0.0000000000
84417  0.000  0.000  0.000 0.0000000000
84419  0.000  0.000  0.000 0.0000000000
84420  0.000  0.000  0.000 0.0000000000
84422  0.000  0.000  0.000 0.0000000000
84423  0.000  0.000  0.000 0.0000000000
84426  0.000  0.000  0.000 0.0000000000
84427  0.000  0.000  0.000 0.0000000000
84430  0.000  0.000  0.000 0.0000000000
84431  0.000  0.000  0.000 0.0000000000
84435  0.000  0.000  0.000 0.0000000000
84436  0.000  0.000  0.000 0.0000000000
84439  0.000  0.000  0.000 0.0000000000
84440  0.000  0.000  0.000 0.0000000000
84444  0.000  0.000  0.000 0.0000000000
84445  0.000  0.000  0.000 0.0000000000
84448  0.000  0.000  0.000 0.0000000000
84449  0.000  0.000  0.000 0.0000000000
84452  0.000  0.000  0.000 0.0000000000
84453  0.000  0.000  0.000 0.0000000000
84456  0.000  0.000  0.000 0.0000000000
84457  0.000  0.000  0.000 0.0000000000
84461  0.000  0.000  0.000 0.0000000000
84462  0.000  0.000  0.000 0.0000000000
84465  0.000  0.000  0.000 0.0000000000
84466  0.000  0.000  0.000 0.0000000000
84467  0.000  0.000  0.000 0.0000000000
84468  0.000  0.000  0.000 0.0000000000
84469  0.000  0.000  0.000 0.0000000000
84473  0.000  0.000  0.000 0.0000000000
84474  0.000  0.000  0.000 0.0000000000
84475  0.000  0.000  0.000 0.0000000000
84476  0.000  0.000  0.000 0.0000000000
84477  0.000  0.000  0.000 0.0000000000
84478  0.000  0.000  0.000 0.0000000000
84481  0.000  0.000  0.000 0.0000000000
84482  0.000  0.000  0.000 0.0000000000
84483  0.000  0.000  0.000 0.0000000000
84484  0.000  0.000  0.000 0.0000000000
84485  0.000  0.000  0.000 0.0000000000
84486  0.000  0.000  0.000 0.0000000000
84487  0.000  0.000  0.000 0.0000000000
84490  0.000  0.000  0.000 0.0000000000
84491  0.000  0.000  0.000 0.0000000000
84492  0.000  0.000  0.000 0.0000000000
84493  0.000  0.000  0.000 0.0000000000
84494  0.000  0.000  0.000 0.0000000000
84495  0.000  0.000  0.000 0.0000000000
84496  0.000  0.000  0.000 0.0000000000
84499  0.000  0.000  0.000 0.0000000000
84500  0.000  0.000  0.000 0.0000000000
84501  0.000  0.000  0.000 0.0000000000
84502  0.000  0.000  0.000 0.0000000000
84503  0.000  0.000  0.000 0.0000000000
84504  0.000  0.000  0.000 0.0000000000
84505  0.000  0.000  0.000 0.0000000000
84508  0.000  0.000  0.000 0.0000000000
84509  0.000  0.000  0.000 0.0000000000
84510  0.000  0.000  0.000 0.0000000000
84511  0.000  0.000  0.000 0.0000000000
84512  0.000  0.000  0.000 0.0000000000
84516  0.000  0.000  0.000 0.0000000000
84517  0.000  0.000  0.000 0.0000000000
84518  0.000  0.000  0.000 0.0000000000
84519  0.000  0.000  0.000 0.0000000000
84520  0.000  0.000  0.000 0.0000000000
84523  0.000  0.000  0.000 0.0000000000
84524  0.000  0.000  0.000 0.0000000000
84525  0.000  0.000  0.000 0.0000000000
84526  0.000  0.000  0.000 0.0000000000
84527  0.000  0.000  0.000 0.0000000000
84529  0.000  0.000  0.000 0.0000000000
84530  0.000  0.000  0.000 0.0000000000
84531  0.000  0.000  0.000 0.0000000000
84534  0.000  0.000  0.000 0.0000000000
84535  0.000  0.000  0.000 0.0000000000
84536  0.000  0.000  0.000 0.0000000000
84537  0.000  0.000  0.000 0.0000000000
84538  0.000  0.000  0.000 0.0000000000
84539  0.000  0.000  0.000 0.0000000000
84542  0.000  0.000  0.000 0.0000000000
84543  0.000  0.000  0.000 0.0000000000
84544  0.000  0.000  0.000 0.0000000000
84545  0.000  0.000  0.000 0.0000000000
84546  0.000  0.000  0.000 0.0000000000
84547  0.000  0.000  0.000 0.0000000000
84548  0.000  0.000  0.000 0.0000000000
84549  0.000  0.000  0.000 0.0000000000
84552  0.000  0.000  0.000 0.0000000000
84553  0.000  0.000  0.000 0.0000000000
84554  0.000  0.000  0.000 0.0000000000
84555  0.000  0.000  0.000 0.0000000000
84556  0.000  0.000  0.000 0.0000000000
84559  0.000  0.000  0.000 0.0000000000
84562  0.000  0.000  0.000 0.0000000000
84565  0.000  0.000  0.000 0.0000000000
84566  0.000  0.000  0.000 0.0000000000
84569  0.000  0.000  0.000 0.0000000000
84570  0.000  0.000  0.000 0.0000000000
84571  0.000  0.000  0.000 0.0000000000
84576  0.000  0.000  0.000 0.0000000000
84577  0.000  0.000  0.000 0.0000000000
84578  0.000  0.000  0.000 0.0000000000
85088  0.000  0.000  0.000 0.0000000000
85089  0.000  0.000  0.000 0.0000000000
85097  0.000  0.000  0.000 0.0000000000
85098  0.000  0.000  0.000 0.0000000000
85109  0.000  0.000  0.000 0.0000000000
85110  0.000  0.000  0.000 0.0000000000
85118  0.000  0.000  0.000 0.0000000000
85119  0.000  0.000  0.000 0.0000000000
85128  0.000  0.000  0.000 0.0000000000
85129  0.000  0.000  0.000 0.0000000000
85140  0.000  0.000  0.000 0.0000000000
85141  0.000  0.000  0.000 0.0000000000
85152  0.000  0.000  0.000 0.0000000000
85153  0.000  0.000  0.000 0.0000000000
85163  0.000  0.000  0.000 0.0000000000
85164  0.000  0.000  0.000 0.0000000000
85172  0.000  0.000  0.000 0.0000000000
85173  0.000  0.000  0.000 0.0000000000
85176  0.000  0.000  0.000 0.0000000000
85177  0.000  0.000  0.000 0.0000000000
85180  0.000  0.000  0.000 0.0000000000
85181  0.000  0.000  0.000 0.0000000000
85182  0.000  0.000  0.000 0.0000000000
85186  0.000  0.000  0.000 0.0000000000
85187  0.000  0.000  0.000 0.0000000000
85188  0.000  0.000  0.000 0.0000000000
85189  0.000  0.000  0.000 0.0000000000
85193  0.000  0.000  0.000 0.0000000000
85194  0.000  0.000  0.000 0.0000000000
85195  0.000  0.000  0.000 0.0000000000
85196  0.000  0.000  0.000 0.0000000000
85197  0.000  0.000  0.000 0.0000000000
85198  0.000  0.000  0.000 0.0000000000
85201  0.000  0.000  0.000 0.0000000000
85202  0.000  0.000  0.000 0.0000000000
85203  0.000  0.000  0.000 0.0000000000
85204  0.000  0.000  0.000 0.0000000000
85205  0.000  0.000  0.000 0.0000000000
85206  0.000  0.000  0.000 0.0000000000
85207  0.000  0.000  0.000 0.0000000000
85210  0.000  0.000  0.000 0.0000000000
85211  0.000  0.000  0.000 0.0000000000
85212  0.000  0.000  0.000 0.0000000000
85213  0.000  0.000  0.000 0.0000000000
85214  0.000  0.000  0.000 0.0000000000
85215  0.000  0.000  0.000 0.0000000000
85216  0.000  0.000  0.000 0.0000000000
85220  0.000  0.000  0.000 0.0000000000
85221  0.000  0.000  0.000 0.0000000000
85222  0.000  0.000  0.000 0.0000000000
85223  0.000  0.000  0.000 0.0000000000
85224  0.000  0.000  0.000 0.0000000000
85225  0.000  0.000  0.000 0.0000000000
85226  0.000  0.000  0.000 0.0000000000
85227  0.000  0.000  0.000 0.0000000000
85230  0.000  0.000  0.000 0.0000000000
85231  0.000  0.000  0.000 0.0000000000
85232  0.000  0.000  0.000 0.0000000000
85233  0.000  0.000  0.000 0.0000000000
85234  0.000  0.000  0.000 0.0000000000
85235  0.000  0.000  0.000 0.0000000000
85236  0.000  0.000  0.000 0.0000000000
85237  0.000  0.000  0.000 0.0000000000
85240  0.000  0.000  0.000 0.0000000000
85241  0.000  0.000  0.000 0.0000000000
85242  0.000  0.000  0.000 0.0000000000
85243  0.000  0.000  0.000 0.0000000000
85244  0.000  0.000  0.000 0.0000000000
85245  0.000  0.000  0.000 0.0000000000
85246  0.000  0.000  0.000 0.0000000000
85249  0.000  0.000  0.000 0.0000000000
85250  0.000  0.000  0.000 0.0000000000
85251  0.000  0.000  0.000 0.0000000000
85252  0.000  0.000  0.000 0.0000000000
85253  0.000  0.000  0.000 0.0000000000
85254  0.000  0.000  0.000 0.0000000000
85255  0.000  0.000  0.000 0.0000000000
85258  0.000  0.000  0.000 0.0000000000
85259  0.000  0.000  0.000 0.0000000000
85260  0.000  0.000  0.000 0.0000000000
85261  0.000  0.000  0.000 0.0000000000
85262  0.000  0.000  0.000 0.0000000000
85263  0.000  0.000  0.000 0.0000000000
85267  0.000  0.000  0.000 0.0000000000
85268  0.000  0.000  0.000 0.0000000000
85269  0.000  0.000  0.000 0.0000000000
85270  0.000  0.000  0.000 0.0000000000
85271  0.000  0.000  0.000 0.0000000000
85272  0.000  0.000  0.000 0.0000000000
85276  0.000  0.000  0.000 0.0000000000
85277  0.000  0.000  0.000 0.0000000000
85278  0.000  0.000  0.000 0.0000000000
85279  0.000  0.000  0.000 0.0000000000
85280  0.000  0.000  0.000 0.0000000000
85281  0.000  0.000  0.000 0.0000000000
85284  0.000  0.000  0.000 0.0000000000
85285  0.000  0.000  0.000 0.0000000000
85286  0.000  0.000  0.000 0.0000000000
85287  0.000  0.000  0.000 0.0000000000
85289  0.000  0.000  0.000 0.0000000000
85290  0.000  0.000  0.000 0.0000000000
85291  0.000  0.000  0.000 0.0000000000
85292  0.000  0.000  0.000 0.0000000000
85293  0.000  0.000  0.000 0.0000000000
85295  0.000  0.000  0.000 0.0000000000
85296  0.000  0.000  0.000 0.0000000000
85297  0.000  0.000  0.000 0.0000000000
85298  0.000  0.000  0.000 0.0000000000
85299  0.000  0.000  0.000 0.0000000000
85300  0.000  0.000  0.000 0.0000000000
85301  0.000  0.000  0.000 0.0000000000
85303  0.000  0.000  0.000 0.0000000000
85304  0.000  0.000  0.000 0.0000000000
85305  0.000  0.000  0.000 0.0000000000
85306  0.000  0.000  0.000 0.0000000000
85307  0.000  0.000  0.000 0.0000000000
85308  0.000  0.000  0.000 0.0000000000
85311  0.000  0.000  0.000 0.0000000000
85312  0.000  0.000  0.000 0.0000000000
85315  0.000  0.000  0.000 0.0000000000
85318  0.000  0.000  0.000 0.0000000000
85322  0.000  0.000  0.000 0.0000000000
85323  0.000  0.000  0.000 0.0000000000
85327  0.000  0.000  0.000 0.0000000000
85328  0.000  0.000  0.000 0.0000000000
85329  0.000  0.000  0.000 0.0000000000
85330  0.000  0.000  0.000 0.0000000000
85335  0.000  0.000  0.000 0.0000000000
85336  0.000  0.000  0.000 0.0000000000
85806  0.000  0.000  0.000 0.0000000000
85814  0.000  0.000  0.000 0.0000000000
85825  0.000  0.000  0.000 0.0000000000
85833  0.000  0.000  0.000 0.0000000000
85841  0.000  0.000  0.000 0.0000000000
85852  0.000  0.000  0.000 0.0000000000
85862  0.000  0.000  0.000 0.0000000000
85871  0.000  0.000  0.000 0.0000000000
85879  0.000  0.000  0.000 0.0000000000
85882  0.000  0.000  0.000 0.0000000000
85885  0.000  0.000  0.000 0.0000000000
85886  0.000  0.000  0.000 0.0000000000
85889  0.000  0.000  0.000 0.0000000000
85890  0.000  0.000  0.000 0.0000000000
85893  0.000  0.000  0.000 0.0000000000
85894  0.000  0.000  0.000 0.0000000000
85895  0.000  0.000  0.000 0.0000000000
85896  0.000  0.000  0.000 0.0000000000
85899  0.000  0.000  0.000 0.0000000000
85900  0.000  0.000  0.000 0.0000000000
85901  0.000  0.000  0.000 0.0000000000
85902  0.000  0.000  0.000 0.0000000000
85903  0.000  0.000  0.000 0.0000000000
85907  0.000  0.000  0.000 0.0000000000
85908  0.000  0.000  0.000 0.0000000000
85909  0.000  0.000  0.000 0.0000000000
85910  0.000  0.000  0.000 0.0000000000
85914  0.000  0.000  0.000 0.0000000000
85915  0.000  0.000  0.000 0.0000000000
85916  0.000  0.000  0.000 0.0000000000
85917  0.000  0.000  0.000 0.0000000000
85918  0.000  0.000  0.000 0.0000000000
85921  0.000  0.000  0.000 0.0000000000
85922  0.000  0.000  0.000 0.0000000000
85923  0.000  0.000  0.000 0.0000000000
85924  0.000  0.000  0.000 0.0000000000
85925  0.000  0.000  0.000 0.0000000000
85928  0.000  0.000  0.000 0.0000000000
85929  0.000  0.000  0.000 0.0000000000
85930  0.000  0.000  0.000 0.0000000000
85931  0.000  0.000  0.000 0.0000000000
85932  0.000  0.000  0.000 0.0000000000
85935  0.000  0.000  0.000 0.0000000000
85936  0.000  0.000  0.000 0.0000000000
85937  0.000  0.000  0.000 0.0000000000
85938  0.000  0.000  0.000 0.0000000000
85939  0.000  0.000  0.000 0.0000000000
85943  0.000  0.000  0.000 0.0000000000
85944  0.000  0.000  0.000 0.0000000000
85945  0.000  0.000  0.000 0.0000000000
85946  0.000  0.000  0.000 0.0000000000
85947  0.000  0.000  0.000 0.0000000000
85952  0.000  0.000  0.000 0.0000000000
85953  0.000  0.000  0.000 0.0000000000
85954  0.000  0.000  0.000 0.0000000000
85955  0.000  0.000  0.000 0.0000000000
85959  0.000  0.000  0.000 0.0000000000
85960  0.000  0.000  0.000 0.0000000000
85961  0.000  0.000  0.000 0.0000000000
85962  0.000  0.000  0.000 0.0000000000
85963  0.000  0.000  0.000 0.0000000000
85966  0.000  0.000  0.000 0.0000000000
85967  0.000  0.000  0.000 0.0000000000
85968  0.000  0.000  0.000 0.0000000000
85969  0.000  0.000  0.000 0.0000000000
85970  0.000  0.000  0.000 0.0000000000
85973  0.000  0.000  0.000 0.0000000000
85974  0.000  0.000  0.000 0.0000000000
85975  0.000  0.000  0.000 0.0000000000
85976  0.000  0.000  0.000 0.0000000000
85977  0.000  0.000  0.000 0.0000000000
85978  0.000  0.000  0.000 0.0000000000
85979  0.000  0.000  0.000 0.0000000000
85982  0.000  0.000  0.000 0.0000000000
85983  0.000  0.000  0.000 0.0000000000
85984  0.000  0.000  0.000 0.0000000000
85985  0.000  0.000  0.000 0.0000000000
85986  0.000  0.000  0.000 0.0000000000
85987  0.000  0.000  0.000 0.0000000000
85988  0.000  0.000  0.000 0.0000000000
85991  0.000  0.000  0.000 0.0000000000
85992  0.000  0.000  0.000 0.0000000000
85993  0.000  0.000  0.000 0.0000000000
85994  0.000  0.000  0.000 0.0000000000
85995  0.000  0.000  0.000 0.0000000000
85996  0.000  0.000  0.000 0.0000000000
85999  0.000  0.000  0.000 0.0000000000
86000  0.000  0.000  0.000 0.0000000000
86001  0.000  0.000  0.000 0.0000000000
86002  0.000  0.000  0.000 0.0000000000
86003  0.000  0.000  0.000 0.0000000000
86006  0.000  0.000  0.000 0.0000000000
86010  0.000  0.000  0.000 0.0000000000
86014  0.000  0.000  0.000 0.0000000000
86017  0.000  0.000  0.000 0.0000000000
86018  0.000  0.000  0.000 0.0000000000
86019  0.000  0.000  0.000 0.0000000000
86024  0.000  0.000  0.000 0.0000000000
86025  0.000  0.000  0.000 0.0000000000
86026  0.000  0.000  0.000 0.0000000000
86519  0.000  0.000  0.000 0.0000000000
86526  0.000  0.000  0.000 0.0000000000
86535  0.000  0.000  0.000 0.0000000000
86543  0.000  0.000  0.000 0.0000000000
86551  0.000  0.000  0.000 0.0000000000
86557  0.000  0.000  0.000 0.0000000000
86561  0.000  0.000  0.000 0.0000000000
86565  0.000  0.000  0.000 0.0000000000
86566  0.000  0.000  0.000 0.0000000000
86570  0.000  0.000  0.000 0.0000000000
86574  0.000  0.000  0.000 0.0000000000
86575  0.000  0.000  0.000 0.0000000000
86576  0.000  0.000  0.000 0.0000000000
86577  0.000  0.000  0.000 0.0000000000
86581  0.000  0.000  0.000 0.0000000000
86582  0.000  0.000  0.000 0.0000000000
86583  0.000  0.000  0.000 0.0000000000
86584  0.000  0.000  0.000 0.0000000000
86585  0.000  0.000  0.000 0.0000000000
86586  0.000  0.000  0.000 0.0000000000
86590  0.000  0.000  0.000 0.0000000000
86591  0.000  0.000  0.000 0.0000000000
86592  0.000  0.000  0.000 0.0000000000
86593  0.000  0.000  0.000 0.0000000000
86594  0.000  0.000  0.000 0.0000000000
86595  0.000  0.000  0.000 0.0000000000
86599  0.000  0.000  0.000 0.0000000000
86600  0.000  0.000  0.000 0.0000000000
86601  0.000  0.000  0.000 0.0000000000
86604  0.000  0.000  0.000 0.0000000000
86605  0.000  0.000  0.000 0.0000000000
86606  0.000  0.000  0.000 0.0000000000
86610  0.000  0.000  0.000 0.0000000000
86611  0.000  0.000  0.000 0.0000000000
86612  0.000  0.000  0.000 0.0000000000
86613  0.000  0.000  0.000 0.0000000000
86614  0.000  0.000  0.000 0.0000000000
86618  0.000  0.000  0.000 0.0000000000
86619  0.000  0.000  0.000 0.0000000000
86620  0.000  0.000  0.000 0.0000000000
86621  0.000  0.000  0.000 0.0000000000
86622  0.000  0.000  0.000 0.0000000000
86626  0.000  0.000  0.000 0.0000000000
86627  0.000  0.000  0.000 0.0000000000
86628  0.000  0.000  0.000 0.0000000000
86629  0.000  0.000  0.000 0.0000000000
86630  0.000  0.000  0.000 0.0000000000
86635  0.000  0.000  0.000 0.0000000000
86636  0.000  0.000  0.000 0.0000000000
86637  0.000  0.000  0.000 0.0000000000
86638  0.000  0.000  0.000 0.0000000000
86639  0.000  0.000  0.000 0.0000000000
86644  0.000  0.000  0.000 0.0000000000
86645  0.000  0.000  0.000 0.0000000000
86646  0.000  0.000  0.000 0.0000000000
86647  0.000  0.000  0.000 0.0000000000
86650  0.000  0.000  0.000 0.0000000000
86651  0.000  0.000  0.000 0.0000000000
86652  0.000  0.000  0.000 0.0000000000
86653  0.000  0.000  0.000 0.0000000000
86654  0.000  0.000  0.000 0.0000000000
86656  0.000  0.000  0.000 0.0000000000
86657  0.000  0.000  0.000 0.0000000000
86658  0.000  0.000  0.000 0.0000000000
86659  0.000  0.000  0.000 0.0000000000
86660  0.000  0.000  0.000 0.0000000000
86661  0.000  0.000  0.000 0.0000000000
86663  0.000  0.000  0.000 0.0000000000
86664  0.000  0.000  0.000 0.0000000000
86665  0.000  0.000  0.000 0.0000000000
86666  0.000  0.000  0.000 0.0000000000
86668  0.000  0.000  0.000 0.0000000000
86669  0.000  0.000  0.000 0.0000000000
86670  0.000  0.000  0.000 0.0000000000
86671  0.000  0.000  0.000 0.0000000000
86674  0.000  0.000  0.000 0.0000000000
86675  0.000  0.000  0.000 0.0000000000
86676  0.000  0.000  0.000 0.0000000000
86677  0.000  0.000  0.000 0.0000000000
86678  0.000  0.000  0.000 0.0000000000
86681  0.000  0.000  0.000 0.0000000000
86682  0.000  0.000  0.000 0.0000000000
86683  0.000  0.000  0.000 0.0000000000
86684  0.000  0.000  0.000 0.0000000000
86687  0.000  0.000  0.000 0.0000000000
86690  0.000  0.000  0.000 0.0000000000
86694  0.000  0.000  0.000 0.0000000000
86695  0.000  0.000  0.000 0.0000000000
86700  0.000  0.000  0.000 0.0000000000
86701  0.000  0.000  0.000 0.0000000000
86702  0.000  0.000  0.000 0.0000000000
87205  0.000  0.000  0.000 0.0000000000
87210  0.000  0.000  0.000 0.0000000000
87214  0.000  0.000  0.000 0.0000000000
87218  0.000  0.000  0.000 0.0000000000
87222  0.000  0.000  0.000 0.0000000000
87225  0.000  0.000  0.000 0.0000000000
87226  0.000  0.000  0.000 0.0000000000
87230  0.000  0.000  0.000 0.0000000000
87231  0.000  0.000  0.000 0.0000000000
87235  0.000  0.000  0.000 0.0000000000
87239  0.000  0.000  0.000 0.0000000000
87240  0.000  0.000  0.000 0.0000000000
87241  0.000  0.000  0.000 0.0000000000
87246  0.000  0.000  0.000 0.0000000000
87247  0.000  0.000  0.000 0.0000000000
87248  0.000  0.000  0.000 0.0000000000
87249  0.000  0.000  0.000 0.0000000000
87253  0.000  0.000  0.000 0.0000000000
87254  0.000  0.000  0.000 0.0000000000
87255  0.000  0.000  0.000 0.0000000000
87256  0.000  0.000  0.000 0.0000000000
87260  0.000  0.000  0.000 0.0000000000
87261  0.000  0.000  0.000 0.0000000000
87262  0.000  0.000  0.000 0.0000000000
87263  0.000  0.000  0.000 0.0000000000
87264  0.000  0.000  0.000 0.0000000000
87268  0.000  0.000  0.000 0.0000000000
87269  0.000  0.000  0.000 0.0000000000
87270  0.000  0.000  0.000 0.0000000000
87271  0.000  0.000  0.000 0.0000000000
87272  0.000  0.000  0.000 0.0000000000
87275  0.000  0.000  0.000 0.0000000000
87276  0.000  0.000  0.000 0.0000000000
87277  0.000  0.000  0.000 0.0000000000
87278  0.000  0.000  0.000 0.0000000000
87279  0.000  0.000  0.000 0.0000000000
87280  0.000  0.000  0.000 0.0000000000
87284  0.000  0.000  0.000 0.0000000000
87285  0.000  0.000  0.000 0.0000000000
87286  0.000  0.000  0.000 0.0000000000
87287  0.000  0.000  0.000 0.0000000000
87288  0.000  0.000  0.000 0.0000000000
87294  0.000  0.000  0.000 0.0000000000
87295  0.000  0.000  0.000 0.0000000000
87296  0.000  0.000  0.000 0.0000000000
87297  0.000  0.000  0.000 0.0000000000
87298  0.000  0.000  0.000 0.0000000000
87302  0.000  0.000  0.000 0.0000000000
87303  0.000  0.000  0.000 0.0000000000
87304  0.000  0.000  0.000 0.0000000000
87305  0.000  0.000  0.000 0.0000000000
87306  0.000  0.000  0.000 0.0000000000
87307  0.000  0.000  0.000 0.0000000000
87310  0.000  0.000  0.000 0.0000000000
87311  0.000  0.000  0.000 0.0000000000
87312  0.000  0.000  0.000 0.0000000000
87313  0.000  0.000  0.000 0.0000000000
87315  0.000  0.000  0.000 0.0000000000
87316  0.000  0.000  0.000 0.0000000000
87317  0.000  0.000  0.000 0.0000000000
87318  0.000  0.000  0.000 0.0000000000
87320  0.000  0.000  0.000 0.0000000000
87321  0.000  0.000  0.000 0.0000000000
87322  0.000  0.000  0.000 0.0000000000
87323  0.000  0.000  0.000 0.0000000000
87324  0.000  0.000  0.000 0.0000000000
87327  0.000  0.000  0.000 0.0000000000
87328  0.000  0.000  0.000 0.0000000000
87329  0.000  0.000  0.000 0.0000000000
87330  0.000  0.000  0.000 0.0000000000
87333  0.000  0.000  0.000 0.0000000000
87334  0.000  0.000  0.000 0.0000000000
87335  0.000  0.000  0.000 0.0000000000
87338  0.000  0.000  0.000 0.0000000000
87339  0.000  0.000  0.000 0.0000000000
87340  0.000  0.000  0.000 0.0000000000
87341  0.000  0.000  0.000 0.0000000000
87344  0.000  0.000  0.000 0.0000000000
87348  0.000  0.000  0.000 0.0000000000
87352  0.000  0.000  0.000 0.0000000000
87353  0.000  0.000  0.000 0.0000000000
87357  0.000  0.000  0.000 0.0000000000
87358  0.000  0.000  0.000 0.0000000000
87359  0.000  0.000  0.000 0.0000000000
87850  0.000  0.000  0.000 0.0000000000
87855  0.000  0.000  0.000 0.0000000000
87859  0.000  0.000  0.000 0.0000000000
87863  0.000  0.000  0.000 0.0000000000
87866  0.000  0.000  0.000 0.0000000000
87870  0.000  0.000  0.000 0.0000000000
87875  0.000  0.000  0.000 0.0000000000
87876  0.000  0.000  0.000 0.0000000000
87881  0.000  0.000  0.000 0.0000000000
87882  0.000  0.000  0.000 0.0000000000
87887  0.000  0.000  0.000 0.0000000000
87893  0.000  0.000  0.000 0.0000000000
87898  0.000  0.000  0.000 0.0000000000
87903  0.000  0.000  0.000 0.0000000000
87907  0.000  0.000  0.000 0.0000000000
87911  0.000  0.000  0.000 0.0000000000
87912  0.000  0.000  0.000 0.0000000000
87913  0.000  0.000  0.000 0.0000000000
87914  0.000  0.000  0.000 0.0000000000
87918  0.000  0.000  0.000 0.0000000000
87919  0.000  0.000  0.000 0.0000000000
87920  0.000  0.000  0.000 0.0000000000
87921  0.000  0.000  0.000 0.0000000000
87922  0.000  0.000  0.000 0.0000000000
87929  0.000  0.000  0.000 0.0000000000
87930  0.000  0.000  0.000 0.0000000000
87931  0.000  0.000  0.000 0.0000000000
87932  0.000  0.000  0.000 0.0000000000
87933  0.000  0.000  0.000 0.0000000000
87938  0.000  0.000  0.000 0.0000000000
87939  0.000  0.000  0.000 0.0000000000
87940  0.000  0.000  0.000 0.0000000000
87941  0.000  0.000  0.000 0.0000000000
87942  0.000  0.000  0.000 0.0000000000
87943  0.000  0.000  0.000 0.0000000000
87944  0.000  0.000  0.000 0.0000000000
87948  0.000  0.000  0.000 0.0000000000
87949  0.000  0.000  0.000 0.0000000000
87950  0.000  0.000  0.000 0.0000000000
87951  0.000  0.000  0.000 0.0000000000
87952  0.000  0.000  0.000 0.0000000000
87953  0.000  0.000  0.000 0.0000000000
87954  0.000  0.000  0.000 0.0000000000
87955  0.000  0.000  0.000 0.0000000000
87958  0.000  0.000  0.000 0.0000000000
87959  0.000  0.000  0.000 0.0000000000
87960  0.000  0.000  0.000 0.0000000000
87961  0.000  0.000  0.000 0.0000000000
87962  0.000  0.000  0.000 0.0000000000
87963  0.000  0.000  0.000 0.0000000000
87966  0.000  0.000  0.000 0.0000000000
87967  0.000  0.000  0.000 0.0000000000
87968  0.000  0.000  0.000 0.0000000000
87969  0.000  0.000  0.000 0.0000000000
87970  0.000  0.000  0.000 0.0000000000
87971  0.000  0.000  0.000 0.0000000000
87974  0.000  0.000  0.000 0.0000000000
87975  0.000  0.000  0.000 0.0000000000
87976  0.000  0.000  0.000 0.0000000000
87977  0.000  0.000  0.000 0.0000000000
87980  0.000  0.000  0.000 0.0000000000
87981  0.000  0.000  0.000 0.0000000000
87982  0.000  0.000  0.000 0.0000000000
87985  0.000  0.000  0.000 0.0000000000
87986  0.000  0.000  0.000 0.0000000000
87987  0.000  0.000  0.000 0.0000000000
87988  0.000  0.000  0.000 0.0000000000
87991  0.000  0.000  0.000 0.0000000000
87995  0.000  0.000  0.000 0.0000000000
87998  0.000  0.000  0.000 0.0000000000
87999  0.000  0.000  0.000 0.0000000000
88003  0.000  0.000  0.000 0.0000000000
88004  0.000  0.000  0.000 0.0000000000
88005  0.000  0.000  0.000 0.0000000000
88491  0.000  0.000  0.000 0.0000000000
88497  0.000  0.000  0.000 0.0000000000
88501  0.000  0.000  0.000 0.0000000000
88505  0.000  0.000  0.000 0.0000000000
88509  0.000  0.000  0.000 0.0000000000
88514  0.000  0.000  0.000 0.0000000000
88520  0.000  0.000  0.000 0.0000000000
88528  0.000  0.000  0.000 0.0000000000
88529  0.000  0.000  0.000 0.0000000000
88537  0.000  0.000  0.000 0.0000000000
88538  0.000  0.000  0.000 0.0000000000
88545  0.000  0.000  0.000 0.0000000000
88546  0.000  0.000  0.000 0.0000000000
88551  0.000  0.000  0.000 0.0000000000
88555  0.000  0.000  0.000 0.0000000000
88559  0.000  0.000  0.000 0.0000000000
88563  0.000  0.000  0.000 0.0000000000
88568  0.000  0.000  0.000 0.0000000000
88576  0.000  0.000  0.000 0.0000000000
88577  0.000  0.000  0.000 0.0000000000
88585  0.000  0.000  0.000 0.0000000000
88586  0.000  0.000  0.000 0.0000000000
88587  0.000  0.000  0.000 0.0000000000
88588  0.000  0.000  0.000 0.0000000000
88591  0.000  0.000  0.000 0.0000000000
88592  0.000  0.000  0.000 0.0000000000
88593  0.000  0.000  0.000 0.0000000000
88594  0.000  0.000  0.000 0.0000000000
88595  0.000  0.000  0.000 0.0000000000
88598  0.000  0.000  0.000 0.0000000000
88599  0.000  0.000  0.000 0.0000000000
88600  0.000  0.000  0.000 0.0000000000
88601  0.000  0.000  0.000 0.0000000000
88602  0.000  0.000  0.000 0.0000000000
88603  0.000  0.000  0.000 0.0000000000
88606  0.000  0.000  0.000 0.0000000000
88607  0.000  0.000  0.000 0.0000000000
88608  0.000  0.000  0.000 0.0000000000
88609  0.000  0.000  0.000 0.0000000000
88610  0.000  0.000  0.000 0.0000000000
88611  0.000  0.000  0.000 0.0000000000
88612  0.000  0.000  0.000 0.0000000000
88613  0.000  0.000  0.000 0.0000000000
88616  0.000  0.000  0.000 0.0000000000
88617  0.000  0.000  0.000 0.0000000000
88618  0.000  0.000  0.000 0.0000000000
88619  0.000  0.000  0.000 0.0000000000
88620  0.000  0.000  0.000 0.0000000000
88621  0.000  0.000  0.000 0.0000000000
88624  0.000  0.000  0.000 0.0000000000
88625  0.000  0.000  0.000 0.0000000000
88626  0.000  0.000  0.000 0.0000000000
88627  0.000  0.000  0.000 0.0000000000
88628  0.000  0.000  0.000 0.0000000000
88630  0.000  0.000  0.000 0.0000000000
88631  0.000  0.000  0.000 0.0000000000
88632  0.000  0.000  0.000 0.0000000000
88633  0.000  0.000  0.000 0.0000000000
88636  0.000  0.000  0.000 0.0000000000
88639  0.000  0.000  0.000 0.0000000000
88643  0.000  0.000  0.000 0.0000000000
88647  0.000  0.000  0.000 0.0000000000
88648  0.000  0.000  0.000 0.0000000000
89086  0.000  0.000  0.000 0.0000000000
89093  0.000  0.000  0.000 0.0000000000
89097  0.000  0.000  0.000 0.0000000000
89102  0.000  0.000  0.000 0.0000000000
89106  0.000  0.000  0.000 0.0000000000
89114  0.000  0.000  0.000 0.0000000000
89127  0.000  0.000  0.000 0.0000000000
89137  0.000  0.000  0.000 0.0000000000
89143  0.000  0.000  0.000 0.0000000000
89148  0.000  0.000  0.000 0.0000000000
89149  0.000  0.000  0.000 0.0000000000
89154  0.000  0.000  0.000 0.0000000000
89155  0.000  0.000  0.000 0.0000000000
89160  0.000  0.000  0.000 0.0000000000
89161  0.000  0.000  0.000 0.0000000000
89166  0.000  0.000  0.000 0.0000000000
89167  0.000  0.000  0.000 0.0000000000
89172  0.000  0.000  0.000 0.0000000000
89173  0.000  0.000  0.000 0.0000000000
89178  0.000  0.000  0.000 0.0000000000
89179  0.000  0.000  0.000 0.0000000000
89188  0.000  0.000  0.000 0.0000000000
89189  0.000  0.000  0.000 0.0000000000
89201  0.000  0.000  0.000 0.0000000000
89205  0.000  0.000  0.000 0.0000000000
89207  0.000  0.000  0.000 0.0000000000
89208  0.000  0.000  0.000 0.0000000000
89209  0.000  0.000  0.000 0.0000000000
89210  0.000  0.000  0.000 0.0000000000
89212  0.000  0.000  0.000 0.0000000000
89213  0.000  0.000  0.000 0.0000000000
89214  0.000  0.000  0.000 0.0000000000
89215  0.000  0.000  0.000 0.0000000000
89216  0.000  0.000  0.000 0.0000000000
89217  0.000  0.000  0.000 0.0000000000
89220  0.000  0.000  0.000 0.0000000000
89221  0.000  0.000  0.000 0.0000000000
89222  0.000  0.000  0.000 0.0000000000
89223  0.000  0.000  0.000 0.0000000000
89224  0.000  0.000  0.000 0.0000000000
89226  0.000  0.000  0.000 0.0000000000
89227  0.000  0.000  0.000 0.0000000000
89228  0.000  0.000  0.000 0.0000000000
89229  0.000  0.000  0.000 0.0000000000
89232  0.000  0.000  0.000 0.0000000000
89233  0.000  0.000  0.000 0.0000000000
89234  0.000  0.000  0.000 0.0000000000
89237  0.000  0.000  0.000 0.0000000000
89240  0.000  0.000  0.000 0.0000000000
89244  0.000  0.000  0.000 0.0000000000
89247  0.000  0.000  0.000 0.0000000000
89248  0.000  0.000  0.000 0.0000000000
89253  0.000  0.000  0.000 0.0000000000
89254  0.000  0.000  0.000 0.0000000000
89652  0.000  0.000  0.000 0.0000000000
89656  0.000  0.000  0.000 0.0000000000
89663  0.000  0.000  0.000 0.0000000000
89667  0.000  0.000  0.000 0.0000000000
89672  0.000  0.000  0.000 0.0000000000
89684  0.000  0.000  0.000 0.0000000000
89700  0.000  0.000  0.000 0.0000000000
89712  0.000  0.000  0.000 0.0000000000
89716  0.000  0.000  0.000 0.0000000000
89720  0.000  0.000  0.000 0.0000000000
89724  0.000  0.000  0.000 0.0000000000
89727  0.000  0.000  0.000 0.0000000000
89730  0.000  0.000  0.000 0.0000000000
89733  0.000  0.000  0.000 0.0000000000
89737  0.000  0.000  0.000 0.0000000000
89741  0.000  0.000  0.000 0.0000000000
89746  0.000  0.000  0.000 0.0000000000
89760  0.000  0.000  0.000 0.0000000000
89771  0.000  0.000  0.000 0.0000000000
89773  0.000  0.000  0.000 0.0000000000
89774  0.000  0.000  0.000 0.0000000000
89777  0.000  0.000  0.000 0.0000000000
89778  0.000  0.000  0.000 0.0000000000
89779  0.000  0.000  0.000 0.0000000000
89780  0.000  0.000  0.000 0.0000000000
89781  0.000  0.000  0.000 0.0000000000
89784  0.000  0.000  0.000 0.0000000000
89785  0.000  0.000  0.000 0.0000000000
89786  0.000  0.000  0.000 0.0000000000
89787  0.000  0.000  0.000 0.0000000000
89788  0.000  0.000  0.000 0.0000000000
89789  0.000  0.000  0.000 0.0000000000
89791  0.000  0.000  0.000 0.0000000000
89792  0.000  0.000  0.000 0.0000000000
89793  0.000  0.000  0.000 0.0000000000
89794  0.000  0.000  0.000 0.0000000000
89795  0.000  0.000  0.000 0.0000000000
89798  0.000  0.000  0.000 0.0000000000
89800  0.000  0.000  0.000 0.0000000000
89803  0.000  0.000  0.000 0.0000000000
89804  0.000  0.000  0.000 0.0000000000
89808  0.000  0.000  0.000 0.0000000000
89809  0.000  0.000  0.000 0.0000000000
89813  0.000  0.000  0.000 0.0000000000
89817  0.000  0.000  0.000 0.0000000000
89818  0.000  0.000  0.000 0.0000000000
90206  0.000  0.000  0.000 0.0000000000
90208  0.000  0.000  0.000 0.0000000000
90209  0.000  0.000  0.000 0.0000000000
90212  0.000  0.000  0.000 0.0000000000
90217  0.000  0.000  0.000 0.0000000000
90222  0.000  0.000  0.000 0.0000000000
90231  0.000  0.000  0.000 0.0000000000
90246  0.000  0.000  0.000 0.0000000000
90258  0.000  0.000  0.000 0.0000000000
90261  0.000  0.000  0.000 0.0000000000
90265  0.000  0.000  0.000 0.0000000000
90268  0.000  0.000  0.000 0.0000000000
90271  0.000  0.000  0.000 0.0000000000
90274  0.000  0.000  0.000 0.0000000000
90277  0.000  0.000  0.000 0.0000000000
90281  0.000  0.000  0.000 0.0000000000
90285  0.000  0.000  0.000 0.0000000000
90289  0.000  0.000  0.000 0.0000000000
90293  0.000  0.000  0.000 0.0000000000
90294  0.000  0.000  0.000 0.0000000000
90295  0.000  0.000  0.000 0.0000000000
90296  0.000  0.000  0.000 0.0000000000
90304  0.000  0.000  0.000 0.0000000000
90305  0.000  0.000  0.000 0.0000000000
90306  0.000  0.000  0.000 0.0000000000
90307  0.000  0.000  0.000 0.0000000000
90322  0.000  0.000  0.000 0.0000000000
90323  0.000  0.000  0.000 0.0000000000
90324  0.000  0.000  0.000 0.0000000000
90325  0.000  0.000  0.000 0.0000000000
90326  0.000  0.000  0.000 0.0000000000
90341  0.000  0.000  0.000 0.0000000000
90342  0.000  0.000  0.000 0.0000000000
90343  0.000  0.000  0.000 0.0000000000
90344  0.000  0.000  0.000 0.0000000000
90345  0.000  0.000  0.000 0.0000000000
90346  0.000  0.000  0.000 0.0000000000
90347  0.000  0.000  0.000 0.0000000000
90361  0.000  0.000  0.000 0.0000000000
90362  0.000  0.000  0.000 0.0000000000
90363  0.000  0.000  0.000 0.0000000000
90364  0.000  0.000  0.000 0.0000000000
90365  0.000  0.000  0.000 0.0000000000
90366  0.000  0.000  0.000 0.0000000000
90367  0.000  0.000  0.000 0.0000000000
90368  0.000  0.000  0.000 0.0000000000
90369  0.000  0.000  0.000 0.0000000000
90381  0.000  0.000  0.000 0.0000000000
90382  0.000  0.000  0.000 0.0000000000
90383  0.000  0.000  0.000 0.0000000000
90384  0.000  0.000  0.000 0.0000000000
90385  0.000  0.000  0.000 0.0000000000
90386  0.000  0.000  0.000 0.0000000000
90387  0.000  0.000  0.000 0.0000000000
90388  0.000  0.000  0.000 0.0000000000
90389  0.000  0.000  0.000 0.0000000000
90401  0.000  0.000  0.000 0.0000000000
90402  0.000  0.000  0.000 0.0000000000
90403  0.000  0.000  0.000 0.0000000000
90404  0.000  0.000  0.000 0.0000000000
90405  0.000  0.000  0.000 0.0000000000
90406  0.000  0.000  0.000 0.0000000000
90418  0.000  0.000  0.000 0.0000000000
90419  0.000  0.000  0.000 0.0000000000
90430  0.000  0.000  0.000 0.0000000000
90431  0.000  0.000  0.000 0.0000000000
90442  0.000  0.000  0.000 0.0000000000
90443  0.000  0.000  0.000 0.0000000000
90444  0.000  0.000  0.000 0.0000000000
90454  0.000  0.000  0.000 0.0000000000
90455  0.000  0.000  0.000 0.0000000000
90456  0.000  0.000  0.000 0.0000000000
90464  0.000  0.000  0.000 0.0000000000
90465  0.000  0.000  0.000 0.0000000000
90471  0.000  0.000  0.000 0.0000000000
90472  0.000  0.000  0.000 0.0000000000
90888  0.000  0.000  0.000 0.0000000000
90891  0.000  0.000  0.000 0.0000000000
90892  0.000  0.000  0.000 0.0000000000
90895  0.000  0.000  0.000 0.0000000000
90896  0.000  0.000  0.000 0.0000000000
90900  0.000  0.000  0.000 0.0000000000
90904  0.000  0.000  0.000 0.0000000000
90914  0.000  0.000  0.000 0.0000000000
90926  0.000  0.000  0.000 0.0000000000
90942  0.000  0.000  0.000 0.0000000000
90952  0.000  0.000  0.000 0.0000000000
90955  0.000  0.000  0.000 0.0000000000
90958  0.000  0.000  0.000 0.0000000000
90960  0.000  0.000  0.000 0.0000000000
90962  0.000  0.000  0.000 0.0000000000
90965  0.000  0.000  0.000 0.0000000000
90968  0.000  0.000  0.000 0.0000000000
90971  0.000  0.000  0.000 0.0000000000
90974  0.000  0.000  0.000 0.0000000000
90977  0.000  0.000  0.000 0.0000000000
90978  0.000  0.000  0.000 0.0000000000
90981  0.000  0.000  0.000 0.0000000000
90982  0.000  0.000  0.000 0.0000000000
90983  0.000  0.000  0.000 0.0000000000
90984  0.000  0.000  0.000 0.0000000000
90985  0.000  0.000  0.000 0.0000000000
90986  0.000  0.000  0.000 0.0000000000
90987  0.000  0.000  0.000 0.0000000000
90988  0.000  0.000  0.000 0.0000000000
90989  0.000  0.000  0.000 0.0000000000
90990  0.000  0.000  0.000 0.0000000000
90991  0.000  0.000  0.000 0.0000000000
90992  0.000  0.000  0.000 0.0000000000
90993  0.000  0.000  0.000 0.0000000000
90994  0.000  0.000  0.000 0.0000000000
90995  0.000  0.000  0.000 0.0000000000
90996  0.000  0.000  0.000 0.0000000000
90997  0.000  0.000  0.000 0.0000000000
90998  0.000  0.000  0.000 0.0000000000
90999  0.000  0.000  0.000 0.0000000000
91000  0.000  0.000  0.000 0.0000000000
91001  0.000  0.000  0.000 0.0000000000
91002  0.000  0.000  0.000 0.0000000000
91003  0.000  0.000  0.000 0.0000000000
91004  0.000  0.000  0.000 0.0000000000
91243  0.000  0.000  0.000 0.0000000000
91246  0.000  0.000  0.000 0.0000000000
91249  0.000  0.000  0.000 0.0000000000
91253  0.000  0.000  0.000 0.0000000000
91258  0.000  0.000  0.000 0.0000000000
91265  0.000  0.000  0.000 0.0000000000
91270  0.000  0.000  0.000 0.0000000000
91271  0.000  0.000  0.000 0.0000000000
91274  0.000  0.000  0.000 0.0000000000
91275  0.000  0.000  0.000 0.0000000000
91278  0.000  0.000  0.000 0.0000000000
91282  0.000  0.000  0.000 0.0000000000
91290  0.000  0.000  0.000 0.0000000000
91301  0.000  0.000  0.000 0.0000000000
91311  0.000  0.000  0.000 0.0000000000
91324  0.000  0.000  0.000 0.0000000000
91334  0.000  0.000  0.000 0.0000000000
91337  0.000  0.000  0.000 0.0000000000
91339  0.000  0.000  0.000 0.0000000000
91342  0.000  0.000  0.000 0.0000000000
91345  0.000  0.000  0.000 0.0000000000
91346  0.000  0.000  0.000 0.0000000000
91349  0.000  0.000  0.000 0.0000000000
91350  0.000  0.000  0.000 0.0000000000
91352  0.000  0.000  0.000 0.0000000000
91353  0.000  0.000  0.000 0.0000000000
91356  0.000  0.000  0.000 0.0000000000
91357  0.000  0.000  0.000 0.0000000000
91360  0.000  0.000  0.000 0.0000000000
91361  0.000  0.000  0.000 0.0000000000
91363  0.000  0.000  0.000 0.0000000000
91364  0.000  0.000  0.000 0.0000000000
91365  0.000  0.000  0.000 0.0000000000
91367  0.000  0.000  0.000 0.0000000000
91368  0.000  0.000  0.000 0.0000000000
91369  0.000  0.000  0.000 0.0000000000
91370  0.000  0.000  0.000 0.0000000000
91371  0.000  0.000  0.000 0.0000000000
91372  0.000  0.000  0.000 0.0000000000
91373  0.000  0.000  0.000 0.0000000000
91374  0.000  0.000  0.000 0.0000000000
91375  0.000  0.000  0.000 0.0000000000
91376  0.000  0.000  0.000 0.0000000000
91377  0.000  0.000  0.000 0.0000000000
91378  0.000  0.000  0.000 0.0000000000
91379  0.000  0.000  0.000 0.0000000000
91380  0.000  0.000  0.000 0.0000000000
91381  0.000  0.000  0.000 0.0000000000
91382  0.000  0.000  0.000 0.0000000000
91383  0.000  0.000  0.000 0.0000000000
91384  0.000  0.000  0.000 0.0000000000
91385  0.000  0.000  0.000 0.0000000000
91386  0.000  0.000  0.000 0.0000000000
91387  0.000  0.000  0.000 0.0000000000
91591  0.000  0.000  0.000 0.0000000000
91592  0.000  0.000  0.000 0.0000000000
91595  0.000  0.000  0.000 0.0000000000
91599  0.000  0.000  0.000 0.0000000000
91603  0.000  0.000  0.000 0.0000000000
91608  0.000  0.000  0.000 0.0000000000
91614  0.000  0.000  0.000 0.0000000000
91618  0.000  0.000  0.000 0.0000000000
91619  0.000  0.000  0.000 0.0000000000
91622  0.000  0.000  0.000 0.0000000000
91626  0.000  0.000  0.000 0.0000000000
91630  0.000  0.000  0.000 0.0000000000
91640  0.000  0.000  0.000 0.0000000000
91651  0.000  0.000  0.000 0.0000000000
91660  0.000  0.000  0.000 0.0000000000
91670  0.000  0.000  0.000 0.0000000000
91680  0.000  0.000  0.000 0.0000000000
91681  0.000  0.000  0.000 0.0000000000
91683  0.000  0.000  0.000 0.0000000000
91684  0.000  0.000  0.000 0.0000000000
91687  0.000  0.000  0.000 0.0000000000
91688  0.000  0.000  0.000 0.0000000000
91691  0.000  0.000  0.000 0.0000000000
91692  0.000  0.000  0.000 0.0000000000
91694  0.000  0.000  0.000 0.0000000000
91695  0.000  0.000  0.000 0.0000000000
91697  0.000  0.000  0.000 0.0000000000
91700  0.000  0.000  0.000 0.0000000000
91703  0.000  0.000  0.000 0.0000000000
91705  0.000  0.000  0.000 0.0000000000
91708  0.000  0.000  0.000 0.0000000000
91709  0.000  0.000  0.000 0.0000000000
91711  0.000  0.000  0.000 0.0000000000
91712  0.000  0.000  0.000 0.0000000000
91713  0.000  0.000  0.000 0.0000000000
91714  0.000  0.000  0.000 0.0000000000
91715  0.000  0.000  0.000 0.0000000000
91716  0.000  0.000  0.000 0.0000000000
91717  0.000  0.000  0.000 0.0000000000
91718  0.000  0.000  0.000 0.0000000000
91719  0.000  0.000  0.000 0.0000000000
91720  0.000  0.000  0.000 0.0000000000
91721  0.000  0.000  0.000 0.0000000000
91722  0.000  0.000  0.000 0.0000000000
91723  0.000  0.000  0.000 0.0000000000
91724  0.000  0.000  0.000 0.0000000000
91725  0.000  0.000  0.000 0.0000000000
91726  0.000  0.000  0.000 0.0000000000
91727  0.000  0.000  0.000 0.0000000000
91728  0.000  0.000  0.000 0.0000000000
91885  0.000  0.000  0.000 0.0000000000
91886  0.000  0.000  0.000 0.0000000000
91889  0.000  0.000  0.000 0.0000000000
91892  0.000  0.000  0.000 0.0000000000
91895  0.000  0.000  0.000 0.0000000000
91901  0.000  0.000  0.000 0.0000000000
91906  0.000  0.000  0.000 0.0000000000
91907  0.000  0.000  0.000 0.0000000000
91911  0.000  0.000  0.000 0.0000000000
91912  0.000  0.000  0.000 0.0000000000
91915  0.000  0.000  0.000 0.0000000000
91919  0.000  0.000  0.000 0.0000000000
91928  0.000  0.000  0.000 0.0000000000
91939  0.000  0.000  0.000 0.0000000000
91948  0.000  0.000  0.000 0.0000000000
91955  0.000  0.000  0.000 0.0000000000
91964  0.000  0.000  0.000 0.0000000000
91965  0.000  0.000  0.000 0.0000000000
91975  0.000  0.000  0.000 0.0000000000
91976  0.000  0.000  0.000 0.0000000000
91981  0.000  0.000  0.000 0.0000000000
91984  0.000  0.000  0.000 0.0000000000
91986  0.000  0.000  0.000 0.0000000000
91988  0.000  0.000  0.000 0.0000000000
91991  0.000  0.000  0.000 0.0000000000
91994  0.000  0.000  0.000 0.0000000000
91996  0.000  0.000  0.000 0.0000000000
91999  0.000  0.000  0.000 0.0000000000
92000  0.000  0.000  0.000 0.0000000000
92003  0.000  0.000  0.000 0.0000000000
92004  0.000  0.000  0.000 0.0000000000
92005  0.000  0.000  0.000 0.0000000000
92006  0.000  0.000  0.000 0.0000000000
92007  0.000  0.000  0.000 0.0000000000
92008  0.000  0.000  0.000 0.0000000000
92009  0.000  0.000  0.000 0.0000000000
92010  0.000  0.000  0.000 0.0000000000
92011  0.000  0.000  0.000 0.0000000000
92012  0.000  0.000  0.000 0.0000000000
92013  0.000  0.000  0.000 0.0000000000
92014  0.000  0.000  0.000 0.0000000000
92015  0.000  0.000  0.000 0.0000000000
92016  0.000  0.000  0.000 0.0000000000
92017  0.000  0.000  0.000 0.0000000000
92018  0.000  0.000  0.000 0.0000000000
92019  0.000  0.000  0.000 0.0000000000
92020  0.000  0.000  0.000 0.0000000000
92021  0.000  0.000  0.000 0.0000000000
92022  0.000  0.000  0.000 0.0000000000
92023  0.000  0.000  0.000 0.0000000000
92024  0.000  0.000  0.000 0.0000000000
92025  0.000  0.000  0.000 0.0000000000
92146  0.000  0.000  0.000 0.0000000000
92147  0.000  0.000  0.000 0.0000000000
92150  0.000  0.000  0.000 0.0000000000
92153  0.000  0.000  0.000 0.0000000000
92157  0.000  0.000  0.000 0.0000000000
92163  0.000  0.000  0.000 0.0000000000
92164  0.000  0.000  0.000 0.0000000000
92168  0.000  0.000  0.000 0.0000000000
92169  0.000  0.000  0.000 0.0000000000
92172  0.000  0.000  0.000 0.0000000000
92175  0.000  0.000  0.000 0.0000000000
92181  0.000  0.000  0.000 0.0000000000
92191  0.000  0.000  0.000 0.0000000000
92200  0.000  0.000  0.000 0.0000000000
92208  0.000  0.000  0.000 0.0000000000
92209  0.000  0.000  0.000 0.0000000000
92216  0.000  0.000  0.000 0.0000000000
92217  0.000  0.000  0.000 0.0000000000
92224  0.000  0.000  0.000 0.0000000000
92225  0.000  0.000  0.000 0.0000000000
92234  0.000  0.000  0.000 0.0000000000
92242  0.000  0.000  0.000 0.0000000000
92245  0.000  0.000  0.000 0.0000000000
92247  0.000  0.000  0.000 0.0000000000
92249  0.000  0.000  0.000 0.0000000000
92250  0.000  0.000  0.000 0.0000000000
92252  0.000  0.000  0.000 0.0000000000
92253  0.000  0.000  0.000 0.0000000000
92254  0.000  0.000  0.000 0.0000000000
92255  0.000  0.000  0.000 0.0000000000
92256  0.000  0.000  0.000 0.0000000000
92257  0.000  0.000  0.000 0.0000000000
92258  0.000  0.000  0.000 0.0000000000
92259  0.000  0.000  0.000 0.0000000000
92262  0.000  0.000  0.000 0.0000000000
92263  0.000  0.000  0.000 0.0000000000
92265  0.000  0.000  0.000 0.0000000000
92266  0.000  0.000  0.000 0.0000000000
92267  0.000  0.000  0.000 0.0000000000
92268  0.000  0.000  0.000 0.0000000000
92269  0.000  0.000  0.000 0.0000000000
92270  0.000  0.000  0.000 0.0000000000
92271  0.000  0.000  0.000 0.0000000000
92272  0.000  0.000  0.000 0.0000000000
92273  0.000  0.000  0.000 0.0000000000
92274  0.000  0.000  0.000 0.0000000000
92275  0.000  0.000  0.000 0.0000000000
92276  0.000  0.000  0.000 0.0000000000
92277  0.000  0.000  0.000 0.0000000000
92278  0.000  0.000  0.000 0.0000000000
92279  0.000  0.000  0.000 0.0000000000
92280  0.000  0.000  0.000 0.0000000000
92281  0.000  0.000  0.000 0.0000000000
92282  0.000  0.000  0.000 0.0000000000
92412  0.000  0.000  0.000 0.0000000000
92413  0.000  0.000  0.000 0.0000000000
92416  0.000  0.000  0.000 0.0000000000
92420  0.000  0.000  0.000 0.0000000000
92425  0.000  0.000  0.000 0.0000000000
92430  0.000  0.000  0.000 0.0000000000
92431  0.000  0.000  0.000 0.0000000000
92435  0.000  0.000  0.000 0.0000000000
92438  0.000  0.000  0.000 0.0000000000
92442  0.000  0.000  0.000 0.0000000000
92452  0.000  0.000  0.000 0.0000000000
92465  0.000  0.000  0.000 0.0000000000
92466  0.000  0.000  0.000 0.0000000000
92475  0.000  0.000  0.000 0.0000000000
92476  0.000  0.000  0.000 0.0000000000
92485  0.000  0.000  0.000 0.0000000000
92486  0.000  0.000  0.000 0.0000000000
92493  0.000  0.000  0.000 0.0000000000
92500  0.000  0.000  0.000 0.0000000000
92509  0.000  0.000  0.000 0.0000000000
92517  0.000  0.000  0.000 0.0000000000
92519  0.000  0.000  0.000 0.0000000000
92521  0.000  0.000  0.000 0.0000000000
92523  0.000  0.000  0.000 0.0000000000
92524  0.000  0.000  0.000 0.0000000000
92525  0.000  0.000  0.000 0.0000000000
92526  0.000  0.000  0.000 0.0000000000
92527  0.000  0.000  0.000 0.0000000000
92528  0.000  0.000  0.000 0.0000000000
92529  0.000  0.000  0.000 0.0000000000
92530  0.000  0.000  0.000 0.0000000000
92531  0.000  0.000  0.000 0.0000000000
92532  0.000  0.000  0.000 0.0000000000
92533  0.000  0.000  0.000 0.0000000000
92534  0.000  0.000  0.000 0.0000000000
92535  0.000  0.000  0.000 0.0000000000
92536  0.000  0.000  0.000 0.0000000000
92537  0.000  0.000  0.000 0.0000000000
92538  0.000  0.000  0.000 0.0000000000
92539  0.000  0.000  0.000 0.0000000000
92540  0.000  0.000  0.000 0.0000000000
92541  0.000  0.000  0.000 0.0000000000
92542  0.000  0.000  0.000 0.0000000000
92543  0.000  0.000  0.000 0.0000000000
92544  0.000  0.000  0.000 0.0000000000
92545  0.000  0.000  0.000 0.0000000000
92546  0.000  0.000  0.000 0.0000000000
92547  0.000  0.000  0.000 0.0000000000
92548  0.000  0.000  0.000 0.0000000000
92549  0.000  0.000  0.000 0.0000000000
92550  0.000  0.000  0.000 0.0000000000
92551  0.000  0.000  0.000 0.0000000000
92552  0.000  0.000  0.000 0.0000000000
92553  0.000  0.000  0.000 0.0000000000
92554  0.000  0.000  0.000 0.0000000000
92555  0.000  0.000  0.000 0.0000000000
92679  0.000  0.000  0.000 0.0000000000
92680  0.000  0.000  0.000 0.0000000000
92683  0.000  0.000  0.000 0.0000000000
92687  0.000  0.000  0.000 0.0000000000
92691  0.000  0.000  0.000 0.0000000000
92695  0.000  0.000  0.000 0.0000000000
92696  0.000  0.000  0.000 0.0000000000
92699  0.000  0.000  0.000 0.0000000000
92702  0.000  0.000  0.000 0.0000000000
92709  0.000  0.000  0.000 0.0000000000
92720  0.000  0.000  0.000 0.0000000000
92729  0.000  0.000  0.000 0.0000000000
92730  0.000  0.000  0.000 0.0000000000
92737  0.000  0.000  0.000 0.0000000000
92744  0.000  0.000  0.000 0.0000000000
92749  0.000  0.000  0.000 0.0000000000
92755  0.000  0.000  0.000 0.0000000000
92763  0.000  0.000  0.000 0.0000000000
92771  0.000  0.000  0.000 0.0000000000
92773  0.000  0.000  0.000 0.0000000000
92775  0.000  0.000  0.000 0.0000000000
92776  0.000  0.000  0.000 0.0000000000
92777  0.000  0.000  0.000 0.0000000000
92778  0.000  0.000  0.000 0.0000000000
92779  0.000  0.000  0.000 0.0000000000
92780  0.000  0.000  0.000 0.0000000000
92781  0.000  0.000  0.000 0.0000000000
92782  0.000  0.000  0.000 0.0000000000
92783  0.000  0.000  0.000 0.0000000000
92784  0.000  0.000  0.000 0.0000000000
92785  0.000  0.000  0.000 0.0000000000
92786  0.000  0.000  0.000 0.0000000000
92787  0.000  0.000  0.000 0.0000000000
92788  0.000  0.000  0.000 0.0000000000
92789  0.000  0.000  0.000 0.0000000000
92790  0.000  0.000  0.000 0.0000000000
92791  0.000  0.000  0.000 0.0000000000
92792  0.000  0.000  0.000 0.0000000000
92793  0.000  0.000  0.000 0.0000000000
92794  0.000  0.000  0.000 0.0000000000
92795  0.000  0.000  0.000 0.0000000000
92796  0.000  0.000  0.000 0.0000000000
92797  0.000  0.000  0.000 0.0000000000
92798  0.000  0.000  0.000 0.0000000000
92799  0.000  0.000  0.000 0.0000000000
92800  0.000  0.000  0.000 0.0000000000
92801  0.000  0.000  0.000 0.0000000000
92802  0.000  0.000  0.000 0.0000000000
92803  0.000  0.000  0.000 0.0000000000
92804  0.000  0.000  0.000 0.0000000000
92805  0.000  0.000  0.000 0.0000000000
92806  0.000  0.000  0.000 0.0000000000
92807  0.000  0.000  0.000 0.0000000000
92928  0.000  0.000  0.000 0.0000000000
92929  0.000  0.000  0.000 0.0000000000
92933  0.000  0.000  0.000 0.0000000000
92934  0.000  0.000  0.000 0.0000000000
92938  0.000  0.000  0.000 0.0000000000
92942  0.000  0.000  0.000 0.0000000000
92946  0.000  0.000  0.000 0.0000000000
92947  0.000  0.000  0.000 0.0000000000
92950  0.000  0.000  0.000 0.0000000000
92953  0.000  0.000  0.000 0.0000000000
92962  0.000  0.000  0.000 0.0000000000
92973  0.000  0.000  0.000 0.0000000000
92974  0.000  0.000  0.000 0.0000000000
92981  0.000  0.000  0.000 0.0000000000
92982  0.000  0.000  0.000 0.0000000000
92990  0.000  0.000  0.000 0.0000000000
92996  0.000  0.000  0.000 0.0000000000
93001  0.000  0.000  0.000 0.0000000000
93008  0.000  0.000  0.000 0.0000000000
93015  0.000  0.000  0.000 0.0000000000
93022  0.000  0.000  0.000 0.0000000000
93024  0.000  0.000  0.000 0.0000000000
93025  0.000  0.000  0.000 0.0000000000
93026  0.000  0.000  0.000 0.0000000000
93027  0.000  0.000  0.000 0.0000000000
93028  0.000  0.000  0.000 0.0000000000
93029  0.000  0.000  0.000 0.0000000000
93030  0.000  0.000  0.000 0.0000000000
93031  0.000  0.000  0.000 0.0000000000
93032  0.000  0.000  0.000 0.0000000000
93033  0.000  0.000  0.000 0.0000000000
93034  0.000  0.000  0.000 0.0000000000
93035  0.000  0.000  0.000 0.0000000000
93036  0.000  0.000  0.000 0.0000000000
93037  0.000  0.000  0.000 0.0000000000
93038  0.000  0.000  0.000 0.0000000000
93039  0.000  0.000  0.000 0.0000000000
93040  0.000  0.000  0.000 0.0000000000
93041  0.000  0.000  0.000 0.0000000000
93042  0.000  0.000  0.000 0.0000000000
93043  0.000  0.000  0.000 0.0000000000
93044  0.000  0.000  0.000 0.0000000000
93045  0.000  0.000  0.000 0.0000000000
93046  0.000  0.000  0.000 0.0000000000
93047  0.000  0.000  0.000 0.0000000000
93048  0.000  0.000  0.000 0.0000000000
93049  0.000  0.000  0.000 0.0000000000
93050  0.000  0.000  0.000 0.0000000000
93051  0.000  0.000  0.000 0.0000000000
93052  0.000  0.000  0.000 0.0000000000
93053  0.000  0.000  0.000 0.0000000000
93054  0.000  0.000  0.000 0.0000000000
93055  0.000  0.000  0.000 0.0000000000
93056  0.000  0.000  0.000 0.0000000000
93178  0.000  0.000  0.000 0.0000000000
93179  0.000  0.000  0.000 0.0000000000
93183  0.000  0.000  0.000 0.0000000000
93187  0.000  0.000  0.000 0.0000000000
93190  0.000  0.000  0.000 0.0000000000
93191  0.000  0.000  0.000 0.0000000000
93194  0.000  0.000  0.000 0.0000000000
93201  0.000  0.000  0.000 0.0000000000
93212  0.000  0.000  0.000 0.0000000000
93213  0.000  0.000  0.000 0.0000000000
93222  0.000  0.000  0.000 0.0000000000
93223  0.000  0.000  0.000 0.0000000000
93230  0.000  0.000  0.000 0.0000000000
93237  0.000  0.000  0.000 0.0000000000
93242  0.000  0.000  0.000 0.0000000000
93248  0.000  0.000  0.000 0.0000000000
93255  0.000  0.000  0.000 0.0000000000
93260  0.000  0.000  0.000 0.0000000000
93267  0.000  0.000  0.000 0.0000000000
93268  0.000  0.000  0.000 0.0000000000
93269  0.000  0.000  0.000 0.0000000000
93270  0.000  0.000  0.000 0.0000000000
93271  0.000  0.000  0.000 0.0000000000
93272  0.000  0.000  0.000 0.0000000000
93273  0.000  0.000  0.000 0.0000000000
93274  0.000  0.000  0.000 0.0000000000
93275  0.000  0.000  0.000 0.0000000000
93276  0.000  0.000  0.000 0.0000000000
93277  0.000  0.000  0.000 0.0000000000
93278  0.000  0.000  0.000 0.0000000000
93279  0.000  0.000  0.000 0.0000000000
93280  0.000  0.000  0.000 0.0000000000
93281  0.000  0.000  0.000 0.0000000000
93282  0.000  0.000  0.000 0.0000000000
93283  0.000  0.000  0.000 0.0000000000
93284  0.000  0.000  0.000 0.0000000000
93285  0.000  0.000  0.000 0.0000000000
93286  0.000  0.000  0.000 0.0000000000
93287  0.000  0.000  0.000 0.0000000000
93288  0.000  0.000  0.000 0.0000000000
93289  0.000  0.000  0.000 0.0000000000
93290  0.000  0.000  0.000 0.0000000000
93291  0.000  0.000  0.000 0.0000000000
93292  0.000  0.000  0.000 0.0000000000
93293  0.000  0.000  0.000 0.0000000000
93294  0.000  0.000  0.000 0.0000000000
93295  0.000  0.000  0.000 0.0000000000
93296  0.000  0.000  0.000 0.0000000000
93297  0.000  0.000  0.000 0.0000000000
93298  0.000  0.000  0.000 0.0000000000
93299  0.000  0.000  0.000 0.0000000000
93300  0.000  0.000  0.000 0.0000000000
93301  0.000  0.000  0.000 0.0000000000
93430  0.000  0.000  0.000 0.0000000000
93431  0.000  0.000  0.000 0.0000000000
93435  0.000  0.000  0.000 0.0000000000
93438  0.000  0.000  0.000 0.0000000000
93439  0.000  0.000  0.000 0.0000000000
93442  0.000  0.000  0.000 0.0000000000
93443  0.000  0.000  0.000 0.0000000000
93446  0.000  0.000  0.000 0.0000000000
93455  0.000  0.000  0.000 0.0000000000
93464  0.000  0.000  0.000 0.0000000000
93465  0.000  0.000  0.000 0.0000000000
93472  0.000  0.000  0.000 0.0000000000
93479  0.000  0.000  0.000 0.0000000000
93485  0.000  0.000  0.000 0.0000000000
93491  0.000  0.000  0.000 0.0000000000
93497  0.000  0.000  0.000 0.0000000000
93503  0.000  0.000  0.000 0.0000000000
93508  0.000  0.000  0.000 0.0000000000
93515  0.000  0.000  0.000 0.0000000000
93516  0.000  0.000  0.000 0.0000000000
93517  0.000  0.000  0.000 0.0000000000
93518  0.000  0.000  0.000 0.0000000000
93519  0.000  0.000  0.000 0.0000000000
93520  0.000  0.000  0.000 0.0000000000
93521  0.000  0.000  0.000 0.0000000000
93522  0.000  0.000  0.000 0.0000000000
93523  0.000  0.000  0.000 0.0000000000
93524  0.000  0.000  0.000 0.0000000000
93525  0.000  0.000  0.000 0.0000000000
93526  0.000  0.000  0.000 0.0000000000
93527  0.000  0.000  0.000 0.0000000000
93528  0.000  0.000  0.000 0.0000000000
93529  0.000  0.000  0.000 0.0000000000
93530  0.000  0.000  0.000 0.0000000000
93531  0.000  0.000  0.000 0.0000000000
93532  0.000  0.000  0.000 0.0000000000
93533  0.000  0.000  0.000 0.0000000000
93534  0.000  0.000  0.000 0.0000000000
93535  0.000  0.000  0.000 0.0000000000
93536  0.000  0.000  0.000 0.0000000000
93537  0.000  0.000  0.000 0.0000000000
93538  0.000  0.000  0.000 0.0000000000
93539  0.000  0.000  0.000 0.0000000000
93540  0.000  0.000  0.000 0.0000000000
93541  0.000  0.000  0.000 0.0000000000
93542  0.000  0.000  0.000 0.0000000000
93543  0.000  0.000  0.000 0.0000000000
93544  0.000  0.000  0.000 0.0000000000
93545  0.000  0.000  0.000 0.0000000000
93546  0.000  0.000  0.000 0.0000000000
93547  0.000  0.000  0.000 0.0000000000
93548  0.000  0.000  0.000 0.0000000000
93666  0.000  0.000  0.000 0.0000000000
93671  0.000  0.000  0.000 0.0000000000
93674  0.000  0.000  0.000 0.0000000000
93675  0.000  0.000  0.000 0.0000000000
93677  0.000  0.000  0.000 0.0000000000
93684  0.000  0.000  0.000 0.0000000000
93694  0.000  0.000  0.000 0.0000000000
93702  0.000  0.000  0.000 0.0000000000
93703  0.000  0.000  0.000 0.0000000000
93710  0.000  0.000  0.000 0.0000000000
93716  0.000  0.000  0.000 0.0000000000
93722  0.000  0.000  0.000 0.0000000000
93728  0.000  0.000  0.000 0.0000000000
93733  0.000  0.000  0.000 0.0000000000
93734  0.000  0.000  0.000 0.0000000000
93738  0.000  0.000  0.000 0.0000000000
93739  0.000  0.000  0.000 0.0000000000
93744  0.000  0.000  0.000 0.0000000000
93745  0.000  0.000  0.000 0.0000000000
93750  0.000  0.000  0.000 0.0000000000
93751  0.000  0.000  0.000 0.0000000000
93752  0.000  0.000  0.000 0.0000000000
93753  0.000  0.000  0.000 0.0000000000
93754  0.000  0.000  0.000 0.0000000000
93755  0.000  0.000  0.000 0.0000000000
93756  0.000  0.000  0.000 0.0000000000
93757  0.000  0.000  0.000 0.0000000000
93758  0.000  0.000  0.000 0.0000000000
93759  0.000  0.000  0.000 0.0000000000
93760  0.000  0.000  0.000 0.0000000000
93761  0.000  0.000  0.000 0.0000000000
93762  0.000  0.000  0.000 0.0000000000
93763  0.000  0.000  0.000 0.0000000000
93764  0.000  0.000  0.000 0.0000000000
93765  0.000  0.000  0.000 0.0000000000
93766  0.000  0.000  0.000 0.0000000000
93767  0.000  0.000  0.000 0.0000000000
93768  0.000  0.000  0.000 0.0000000000
93769  0.000  0.000  0.000 0.0000000000
93770  0.000  0.000  0.000 0.0000000000
93771  0.000  0.000  0.000 0.0000000000
93772  0.000  0.000  0.000 0.0000000000
93773  0.000  0.000  0.000 0.0000000000
93774  0.000  0.000  0.000 0.0000000000
93775  0.000  0.000  0.000 0.0000000000
93776  0.000  0.000  0.000 0.0000000000
93777  0.000  0.000  0.000 0.0000000000
93778  0.000  0.000  0.000 0.0000000000
93779  0.000  0.000  0.000 0.0000000000
93780  0.000  0.000  0.000 0.0000000000
93781  0.000  0.000  0.000 0.0000000000
93782  0.000  0.000  0.000 0.0000000000
93896  0.000  0.000  0.000 0.0000000000
93899  0.000  0.000  0.000 0.0000000000
93900  0.000  0.000  0.000 0.0000000000
93906  0.000  0.000  0.000 0.0000000000
93915  0.000  0.000  0.000 0.0000000000
93923  0.000  0.000  0.000 0.0000000000
93924  0.000  0.000  0.000 0.0000000000
93931  0.000  0.000  0.000 0.0000000000
93932  0.000  0.000  0.000 0.0000000000
93938  0.000  0.000  0.000 0.0000000000
93944  0.000  0.000  0.000 0.0000000000
93950  0.000  0.000  0.000 0.0000000000
93955  0.000  0.000  0.000 0.0000000000
93960  0.000  0.000  0.000 0.0000000000
93961  0.000  0.000  0.000 0.0000000000
93965  0.000  0.000  0.000 0.0000000000
93966  0.000  0.000  0.000 0.0000000000
93971  0.000  0.000  0.000 0.0000000000
93972  0.000  0.000  0.000 0.0000000000
93976  0.000  0.000  0.000 0.0000000000
93977  0.000  0.000  0.000 0.0000000000
93978  0.000  0.000  0.000 0.0000000000
93979  0.000  0.000  0.000 0.0000000000
93980  0.000  0.000  0.000 0.0000000000
93981  0.000  0.000  0.000 0.0000000000
93982  0.000  0.000  0.000 0.0000000000
93983  0.000  0.000  0.000 0.0000000000
93984  0.000  0.000  0.000 0.0000000000
93985  0.000  0.000  0.000 0.0000000000
93986  0.000  0.000  0.000 0.0000000000
93987  0.000  0.000  0.000 0.0000000000
93988  0.000  0.000  0.000 0.0000000000
93989  0.000  0.000  0.000 0.0000000000
93990  0.000  0.000  0.000 0.0000000000
93991  0.000  0.000  0.000 0.0000000000
93992  0.000  0.000  0.000 0.0000000000
93993  0.000  0.000  0.000 0.0000000000
93994  0.000  0.000  0.000 0.0000000000
93995  0.000  0.000  0.000 0.0000000000
93996  0.000  0.000  0.000 0.0000000000
93997  0.000  0.000  0.000 0.0000000000
93998  0.000  0.000  0.000 0.0000000000
93999  0.000  0.000  0.000 0.0000000000
94000  0.000  0.000  0.000 0.0000000000
94001  0.000  0.000  0.000 0.0000000000
94002  0.000  0.000  0.000 0.0000000000
94003  0.000  0.000  0.000 0.0000000000
94004  0.000  0.000  0.000 0.0000000000
94005  0.000  0.000  0.000 0.0000000000
94006  0.000  0.000  0.000 0.0000000000
94122  0.000  0.000  0.000 0.0000000000
94123  0.000  0.000  0.000 0.0000000000
94126  0.000  0.000  0.000 0.0000000000
94127  0.000  0.000  0.000 0.0000000000
94134  0.000  0.000  0.000 0.0000000000
94142  0.000  0.000  0.000 0.0000000000
94149  0.000  0.000  0.000 0.0000000000
94150  0.000  0.000  0.000 0.0000000000
94157  0.000  0.000  0.000 0.0000000000
94162  0.000  0.000  0.000 0.0000000000
94167  0.000  0.000  0.000 0.0000000000
94173  0.000  0.000  0.000 0.0000000000
94179  0.000  0.000  0.000 0.0000000000
94184  0.000  0.000  0.000 0.0000000000
94185  0.000  0.000  0.000 0.0000000000
94188  0.000  0.000  0.000 0.0000000000
94189  0.000  0.000  0.000 0.0000000000
94194  0.000  0.000  0.000 0.0000000000
94195  0.000  0.000  0.000 0.0000000000
94199  0.000  0.000  0.000 0.0000000000
94200  0.000  0.000  0.000 0.0000000000
94201  0.000  0.000  0.000 0.0000000000
94202  0.000  0.000  0.000 0.0000000000
94203  0.000  0.000  0.000 0.0000000000
94204  0.000  0.000  0.000 0.0000000000
94205  0.000  0.000  0.000 0.0000000000
94206  0.000  0.000  0.000 0.0000000000
94207  0.000  0.000  0.000 0.0000000000
94208  0.000  0.000  0.000 0.0000000000
94209  0.000  0.000  0.000 0.0000000000
94210  0.000  0.000  0.000 0.0000000000
94211  0.000  0.000  0.000 0.0000000000
94212  0.000  0.000  0.000 0.0000000000
94213  0.000  0.000  0.000 0.0000000000
94214  0.000  0.000  0.000 0.0000000000
94215  0.000  0.000  0.000 0.0000000000
94216  0.000  0.000  0.000 0.0000000000
94217  0.000  0.000  0.000 0.0000000000
94218  0.000  0.000  0.000 0.0000000000
94219  0.000  0.000  0.000 0.0000000000
94220  0.000  0.000  0.000 0.0000000000
94221  0.000  0.000  0.000 0.0000000000
94222  0.000  0.000  0.000 0.0000000000
94223  0.000  0.000  0.000 0.0000000000
94224  0.000  0.000  0.000 0.0000000000
94225  0.000  0.000  0.000 0.0000000000
94226  0.000  0.000  0.000 0.0000000000
94227  0.000  0.000  0.000 0.0000000000
94228  0.000  0.000  0.000 0.0000000000
94229  0.000  0.000  0.000 0.0000000000
94230  0.000  0.000  0.000 0.0000000000
94231  0.000  0.000  0.000 0.0000000000
94232  0.000  0.000  0.000 0.0000000000
94357  0.000  0.000  0.000 0.0000000000
94366  0.000  0.000  0.000 0.0000000000
94374  0.000  0.000  0.000 0.0000000000
94375  0.000  0.000  0.000 0.0000000000
94382  0.000  0.000  0.000 0.0000000000
94383  0.000  0.000  0.000 0.0000000000
94389  0.000  0.000  0.000 0.0000000000
94394  0.000  0.000  0.000 0.0000000000
94400  0.000  0.000  0.000 0.0000000000
94407  0.000  0.000  0.000 0.0000000000
94412  0.000  0.000  0.000 0.0000000000
94416  0.000  0.000  0.000 0.0000000000
94417  0.000  0.000  0.000 0.0000000000
94421  0.000  0.000  0.000 0.0000000000
94422  0.000  0.000  0.000 0.0000000000
94427  0.000  0.000  0.000 0.0000000000
94428  0.000  0.000  0.000 0.0000000000
94429  0.000  0.000  0.000 0.0000000000
94430  0.000  0.000  0.000 0.0000000000
94431  0.000  0.000  0.000 0.0000000000
94432  0.000  0.000  0.000 0.0000000000
94433  0.000  0.000  0.000 0.0000000000
94434  0.000  0.000  0.000 0.0000000000
94435  0.000  0.000  0.000 0.0000000000
94436  0.000  0.000  0.000 0.0000000000
94437  0.000  0.000  0.000 0.0000000000
94438  0.000  0.000  0.000 0.0000000000
94439  0.000  0.000  0.000 0.0000000000
94440  0.000  0.000  0.000 0.0000000000
94441  0.000  0.000  0.000 0.0000000000
94442  0.000  0.000  0.000 0.0000000000
94443  0.000  0.000  0.000 0.0000000000
94444  0.000  0.000  0.000 0.0000000000
94445  0.000  0.000  0.000 0.0000000000
94446  0.000  0.000  0.000 0.0000000000
94447  0.000  0.000  0.000 0.0000000000
94448  0.000  0.000  0.000 0.0000000000
94449  0.000  0.000  0.000 0.0000000000
94450  0.000  0.000  0.000 0.0000000000
94451  0.000  0.000  0.000 0.0000000000
94452  0.000  0.000  0.000 0.0000000000
94453  0.000  0.000  0.000 0.0000000000
94454  0.000  0.000  0.000 0.0000000000
94455  0.000  0.000  0.000 0.0000000000
94456  0.000  0.000  0.000 0.0000000000
94588  0.000  0.000  0.000 0.0000000000
94595  0.000  0.000  0.000 0.0000000000
94601  0.000  0.000  0.000 0.0000000000
94602  0.000  0.000  0.000 0.0000000000
94608  0.000  0.000  0.000 0.0000000000
94614  0.000  0.000  0.000 0.0000000000
94619  0.000  0.000  0.000 0.0000000000
94625  0.000  0.000  0.000 0.0000000000
94631  0.000  0.000  0.000 0.0000000000
94636  0.000  0.000  0.000 0.0000000000
94642  0.000  0.000  0.000 0.0000000000
94643  0.000  0.000  0.000 0.0000000000
94648  0.000  0.000  0.000 0.0000000000
94649  0.000  0.000  0.000 0.0000000000
94653  0.000  0.000  0.000 0.0000000000
94654  0.000  0.000  0.000 0.0000000000
94655  0.000  0.000  0.000 0.0000000000
94656  0.000  0.000  0.000 0.0000000000
94657  0.000  0.000  0.000 0.0000000000
94658  0.000  0.000  0.000 0.0000000000
94659  0.000  0.000  0.000 0.0000000000
94660  0.000  0.000  0.000 0.0000000000
94661  0.000  0.000  0.000 0.0000000000
94662  0.000  0.000  0.000 0.0000000000
94663  0.000  0.000  0.000 0.0000000000
94664  0.000  0.000  0.000 0.0000000000
94665  0.000  0.000  0.000 0.0000000000
94666  0.000  0.000  0.000 0.0000000000
94667  0.000  0.000  0.000 0.0000000000
94668  0.000  0.000  0.000 0.0000000000
94669  0.000  0.000  0.000 0.0000000000
94670  0.000  0.000  0.000 0.0000000000
94671  0.000  0.000  0.000 0.0000000000
94672  0.000  0.000  0.000 0.0000000000
94673  0.000  0.000  0.000 0.0000000000
94674  0.000  0.000  0.000 0.0000000000
94675  0.000  0.000  0.000 0.0000000000
94676  0.000  0.000  0.000 0.0000000000
94677  0.000  0.000  0.000 0.0000000000
94678  0.000  0.000  0.000 0.0000000000
94679  0.000  0.000  0.000 0.0000000000
94680  0.000  0.000  0.000 0.0000000000
94681  0.000  0.000  0.000 0.0000000000
94682  0.000  0.000  0.000 0.0000000000
94822  0.000  0.000  0.000 0.0000000000
94823  0.000  0.000  0.000 0.0000000000
94830  0.000  0.000  0.000 0.0000000000
94835  0.000  0.000  0.000 0.0000000000
94841  0.000  0.000  0.000 0.0000000000
94847  0.000  0.000  0.000 0.0000000000
94851  0.000  0.000  0.000 0.0000000000
94856  0.000  0.000  0.000 0.0000000000
94862  0.000  0.000  0.000 0.0000000000
94863  0.000  0.000  0.000 0.0000000000
94867  0.000  0.000  0.000 0.0000000000
94868  0.000  0.000  0.000 0.0000000000
94869  0.000  0.000  0.000 0.0000000000
94870  0.000  0.000  0.000 0.0000000000
94871  0.000  0.000  0.000 0.0000000000
94872  0.000  0.000  0.000 0.0000000000
94873  0.000  0.000  0.000 0.0000000000
94874  0.000  0.000  0.000 0.0000000000
94875  0.000  0.000  0.000 0.0000000000
94876  0.000  0.000  0.000 0.0000000000
94877  0.000  0.000  0.000 0.0000000000
94878  0.000  0.000  0.000 0.0000000000
94879  0.000  0.000  0.000 0.0000000000
94880  0.000  0.000  0.000 0.0000000000
94881  0.000  0.000  0.000 0.0000000000
94882  0.000  0.000  0.000 0.0000000000
94883  0.000  0.000  0.000 0.0000000000
94884  0.000  0.000  0.000 0.0000000000
94885  0.000  0.000  0.000 0.0000000000
94886  0.000  0.000  0.000 0.0000000000
94887  0.000  0.000  0.000 0.0000000000
94888  0.000  0.000  0.000 0.0000000000
94889  0.000  0.000  0.000 0.0000000000
94890  0.000  0.000  0.000 0.0000000000
94891  0.000  0.000  0.000 0.0000000000
94892  0.000  0.000  0.000 0.0000000000
94893  0.000  0.000  0.000 0.0000000000
94894  0.000  0.000  0.000 0.0000000000
94895  0.000  0.000  0.000 0.0000000000
95050  0.000  0.000  0.000 0.0000000000
95056  0.000  0.000  0.000 0.0000000000
95062  0.000  0.000  0.000 0.0000000000
95066  0.000  0.000  0.000 0.0000000000
95071  0.000  0.000  0.000 0.0000000000
95076  0.000  0.000  0.000 0.0000000000
95082  0.000  0.000  0.000 0.0000000000
95083  0.000  0.000  0.000 0.0000000000
95087  0.000  0.000  0.000 0.0000000000
95088  0.000  0.000  0.000 0.0000000000
95089  0.000  0.000  0.000 0.0000000000
95090  0.000  0.000  0.000 0.0000000000
95091  0.000  0.000  0.000 0.0000000000
95092  0.000  0.000  0.000 0.0000000000
95093  0.000  0.000  0.000 0.0000000000
95094  0.000  0.000  0.000 0.0000000000
95095  0.000  0.000  0.000 0.0000000000
95096  0.000  0.000  0.000 0.0000000000
95097  0.000  0.000  0.000 0.0000000000
95098  0.000  0.000  0.000 0.0000000000
95099  0.000  0.000  0.000 0.0000000000
95100  0.000  0.000  0.000 0.0000000000
95101  0.000  0.000  0.000 0.0000000000
95102  0.000  0.000  0.000 0.0000000000
95103  0.000  0.000  0.000 0.0000000000
95104  0.000  0.000  0.000 0.0000000000
95105  0.000  0.000  0.000 0.0000000000
95106  0.000  0.000  0.000 0.0000000000
95107  0.000  0.000  0.000 0.0000000000
95108  0.000  0.000  0.000 0.0000000000
95109  0.000  0.000  0.000 0.0000000000
95110  0.000  0.000  0.000 0.0000000000
95111  0.000  0.000  0.000 0.0000000000
95112  0.000  0.000  0.000 0.0000000000
95113  0.000  0.000  0.000 0.0000000000
95114  0.000  0.000  0.000 0.0000000000
95115  0.000  0.000  0.000 0.0000000000
95116  0.000  0.000  0.000 0.0000000000
95117  0.000  0.000  0.000 0.0000000000
95118  0.000  0.000  0.000 0.0000000000
95268  0.000  0.000  0.000 0.0000000000
95274  0.000  0.000  0.000 0.0000000000
95278  0.000  0.000  0.000 0.0000000000
95283  0.000  0.000  0.000 0.0000000000
95284  0.000  0.000  0.000 0.0000000000
95289  0.000  0.000  0.000 0.0000000000
95290  0.000  0.000  0.000 0.0000000000
95295  0.000  0.000  0.000 0.0000000000
95296  0.000  0.000  0.000 0.0000000000
95302  0.000  0.000  0.000 0.0000000000
95303  0.000  0.000  0.000 0.0000000000
95306  0.000  0.000  0.000 0.0000000000
95307  0.000  0.000  0.000 0.0000000000
95308  0.000  0.000  0.000 0.0000000000
95309  0.000  0.000  0.000 0.0000000000
95310  0.000  0.000  0.000 0.0000000000
95311  0.000  0.000  0.000 0.0000000000
95312  0.000  0.000  0.000 0.0000000000
95313  0.000  0.000  0.000 0.0000000000
95314  0.000  0.000  0.000 0.0000000000
95315  0.000  0.000  0.000 0.0000000000
95316  0.000  0.000  0.000 0.0000000000
95317  0.000  0.000  0.000 0.0000000000
95318  0.000  0.000  0.000 0.0000000000
95319  0.000  0.000  0.000 0.0000000000
95320  0.000  0.000  0.000 0.0000000000
95321  0.000  0.000  0.000 0.0000000000
95322  0.000  0.000  0.000 0.0000000000
95323  0.000  0.000  0.000 0.0000000000
95324  0.000  0.000  0.000 0.0000000000
95325  0.000  0.000  0.000 0.0000000000
95326  0.000  0.000  0.000 0.0000000000
95327  0.000  0.000  0.000 0.0000000000
95328  0.000  0.000  0.000 0.0000000000
95329  0.000  0.000  0.000 0.0000000000
95330  0.000  0.000  0.000 0.0000000000
95331  0.000  0.000  0.000 0.0000000000
95332  0.000  0.000  0.000 0.0000000000
95333  0.000  0.000  0.000 0.0000000000
95490  0.000  0.000  0.000 0.0000000000
95496  0.000  0.000  0.000 0.0000000000
95501  0.000  0.000  0.000 0.0000000000
95502  0.000  0.000  0.000 0.0000000000
95506  0.000  0.000  0.000 0.0000000000
95512  0.000  0.000  0.000 0.0000000000
95513  0.000  0.000  0.000 0.0000000000
95514  0.000  0.000  0.000 0.0000000000
95518  0.000  0.000  0.000 0.0000000000
95519  0.000  0.000  0.000 0.0000000000
95520  0.000  0.000  0.000 0.0000000000
95521  0.000  0.000  0.000 0.0000000000
95522  0.000  0.000  0.000 0.0000000000
95523  0.000  0.000  0.000 0.0000000000
95524  0.000  0.000  0.000 0.0000000000
95525  0.000  0.000  0.000 0.0000000000
95526  0.000  0.000  0.000 0.0000000000
95527  0.000  0.000  0.000 0.0000000000
95528  0.000  0.000  0.000 0.0000000000
95529  0.000  0.000  0.000 0.0000000000
95530  0.000  0.000  0.000 0.0000000000
95531  0.000  0.000  0.000 0.0000000000
95532  0.000  0.000  0.000 0.0000000000
95533  0.000  0.000  0.000 0.0000000000
95534  0.000  0.000  0.000 0.0000000000
95535  0.000  0.000  0.000 0.0000000000
95536  0.000  0.000  0.000 0.0000000000
95537  0.000  0.000  0.000 0.0000000000
95538  0.000  0.000  0.000 0.0000000000
95539  0.000  0.000  0.000 0.0000000000
95540  0.000  0.000  0.000 0.0000000000
95541  0.000  0.000  0.000 0.0000000000
95542  0.000  0.000  0.000 0.0000000000
95543  0.000  0.000  0.000 0.0000000000
95544  0.000  0.000  0.000 0.0000000000
95545  0.000  0.000  0.000 0.0000000000
95546  0.000  0.000  0.000 0.0000000000
95547  0.000  0.000  0.000 0.0000000000
95548  0.000  0.000  0.000 0.0000000000
95549  0.000  0.000  0.000 0.0000000000
95712  0.000  0.000  0.000 0.0000000000
95716  0.000  0.000  0.000 0.0000000000
95722  0.000  0.000  0.000 0.0000000000
95723  0.000  0.000  0.000 0.0000000000
95724  0.000  0.000  0.000 0.0000000000
95727  0.000  0.000  0.000 0.0000000000
95728  0.000  0.000  0.000 0.0000000000
95729  0.000  0.000  0.000 0.0000000000
95730  0.000  0.000  0.000 0.0000000000
95731  0.000  0.000  0.000 0.0000000000
95732  0.000  0.000  0.000 0.0000000000
95733  0.000  0.000  0.000 0.0000000000
95734  0.000  0.000  0.000 0.0000000000
95735  0.000  0.000  0.000 0.0000000000
95736  0.000  0.000  0.000 0.0000000000
95737  0.000  0.000  0.000 0.0000000000
95738  0.000  0.000  0.000 0.0000000000
95739  0.000  0.000  0.000 0.0000000000
95740  0.000  0.000  0.000 0.0000000000
95741  0.000  0.000  0.000 0.0000000000
95742  0.000  0.000  0.000 0.0000000000
95743  0.000  0.000  0.000 0.0000000000
95744  0.000  0.000  0.000 0.0000000000
95745  0.000  0.000  0.000 0.0000000000
95746  0.000  0.000  0.000 0.0000000000
95747  0.000  0.000  0.000 0.0000000000
95748  0.000  0.000  0.000 0.0000000000
95749  0.000  0.000  0.000 0.0000000000
95750  0.000  0.000  0.000 0.0000000000
95751  0.000  0.000  0.000 0.0000000000
95752  0.000  0.000  0.000 0.0000000000
95753  0.000  0.000  0.000 0.0000000000
95754  0.000  0.000  0.000 0.0000000000
95755  0.000  0.000  0.000 0.0000000000
95756  0.000  0.000  0.000 0.0000000000
95757  0.000  0.000  0.000 0.0000000000
95758  0.000  0.000  0.000 0.0000000000
95918  0.000  0.000  0.000 0.0000000000
95925  0.000  0.000  0.000 0.0000000000
95926  0.000  0.000  0.000 0.0000000000
95927  0.000  0.000  0.000 0.0000000000
95928  0.000  0.000  0.000 0.0000000000
95929  0.000  0.000  0.000 0.0000000000
95930  0.000  0.000  0.000 0.0000000000
95931  0.000  0.000  0.000 0.0000000000
95932  0.000  0.000  0.000 0.0000000000
95933  0.000  0.000  0.000 0.0000000000
95934  0.000  0.000  0.000 0.0000000000
95935  0.000  0.000  0.000 0.0000000000
95936  0.000  0.000  0.000 0.0000000000
95937  0.000  0.000  0.000 0.0000000000
95938  0.000  0.000  0.000 0.0000000000
95939  0.000  0.000  0.000 0.0000000000
95940  0.000  0.000  0.000 0.0000000000
95941  0.000  0.000  0.000 0.0000000000
95942  0.000  0.000  0.000 0.0000000000
95943  0.000  0.000  0.000 0.0000000000
95944  0.000  0.000  0.000 0.0000000000
95945  0.000  0.000  0.000 0.0000000000
95946  0.000  0.000  0.000 0.0000000000
95947  0.000  0.000  0.000 0.0000000000
95948  0.000  0.000  0.000 0.0000000000
96119  0.000  0.000  0.000 0.0000000000
96123  0.000  0.000  0.000 0.0000000000
96124  0.000  0.000  0.000 0.0000000000
96125  0.000  0.000  0.000 0.0000000000
96126  0.000  0.000  0.000 0.0000000000
96127  0.000  0.000  0.000 0.0000000000
96128  0.000  0.000  0.000 0.0000000000
96129  0.000  0.000  0.000 0.0000000000
96130  0.000  0.000  0.000 0.0000000000
96131  0.000  0.000  0.000 0.0000000000
96132  0.000  0.000  0.000 0.0000000000
96133  0.000  0.000  0.000 0.0000000000
96134  0.000  0.000  0.000 0.0000000000
96135  0.000  0.000  0.000 0.0000000000
96136  0.000  0.000  0.000 0.0000000000
96137  0.000  0.000  0.000 0.0000000000
96138  0.000  0.000  0.000 0.0000000000
96139  0.000  0.000  0.000 0.0000000000
96140  0.000  0.000  0.000 0.0000000000
96141  0.000  0.000  0.000 0.0000000000
96142  0.000  0.000  0.000 0.0000000000
96143  0.000  0.000  0.000 0.0000000000
96144  0.000  0.000  0.000 0.0000000000
96145  0.000  0.000  0.000 0.0000000000
96146  0.000  0.000  0.000 0.0000000000
96147  0.000  0.000  0.000 0.0000000000
96148  0.000  0.000  0.000 0.0000000000
96149  0.000  0.000  0.000 0.0000000000
96324  0.000  0.000  0.000 0.0000000000
96326  0.000  0.000  0.000 0.0000000000
96327  0.000  0.000  0.000 0.0000000000
96329  0.000  0.000  0.000 0.0000000000
96330  0.000  0.000  0.000 0.0000000000
96331  0.000  0.000  0.000 0.0000000000
96332  0.000  0.000  0.000 0.0000000000
96333  0.000  0.000  0.000 0.0000000000
96334  0.000  0.000  0.000 0.0000000000
96335  0.000  0.000  0.000 0.0000000000
96336  0.000  0.000  0.000 0.0000000000
96337  0.000  0.000  0.000 0.0000000000
96338  0.000  0.000  0.000 0.0000000000
96339  0.000  0.000  0.000 0.0000000000
96340  0.000  0.000  0.000 0.0000000000
96341  0.000  0.000  0.000 0.0000000000
96342  0.000  0.000  0.000 0.0000000000
96343  0.000  0.000  0.000 0.0000000000
96344  0.000  0.000  0.000 0.0000000000
96345  0.000  0.000  0.000 0.0000000000
96346  0.000  0.000  0.000 0.0000000000
96347  0.000  0.000  0.000 0.0000000000
96348  0.000  0.000  0.000 0.0000000000
96511  0.000  0.000  0.000 0.0000000000
96512  0.000  0.000  0.000 0.0000000000
96514  0.000  0.000  0.000 0.0000000000
96515  0.000  0.000  0.000 0.0000000000
96516  0.000  0.000  0.000 0.0000000000
96517  0.000  0.000  0.000 0.0000000000
96518  0.000  0.000  0.000 0.0000000000
96519  0.000  0.000  0.000 0.0000000000
96520  0.000  0.000  0.000 0.0000000000
96521  0.000  0.000  0.000 0.0000000000
96522  0.000  0.000  0.000 0.0000000000
96523  0.000  0.000  0.000 0.0000000000
96524  0.000  0.000  0.000 0.0000000000
96525  0.000  0.000  0.000 0.0000000000
96526  0.000  0.000  0.000 0.0000000000
96527  0.000  0.000  0.000 0.0000000000
96528  0.000  0.000  0.000 0.0000000000
96529  0.000  0.000  0.000 0.0000000000
96530  0.000  0.000  0.000 0.0000000000
96691  0.000  0.000  0.000 0.0000000000
96694  0.000  0.000  0.000 0.0000000000
96697  0.000  0.000  0.000 0.0000000000
96698  0.000  0.000  0.000 0.0000000000
96699  0.000  0.000  0.000 0.0000000000
96700  0.000  0.000  0.000 0.0000000000
96701  0.000  0.000  0.000 0.0000000000
96702  0.000  0.000  0.000 0.0000000000
96703  0.000  0.000  0.000 0.0000000000
96704  0.000  0.000  0.000 0.0000000000
96705  0.000  0.000  0.000 0.0000000000
96706  0.000  0.000  0.000 0.0000000000
96707  0.000  0.000  0.000 0.0000000000
96708  0.000  0.000  0.000 0.0000000000
96709  0.000  0.000  0.000 0.0000000000
96710  0.000  0.000  0.000 0.0000000000
96711  0.000  0.000  0.000 0.0000000000
96877  0.000  0.000  0.000 0.0000000000
96881  0.000  0.000  0.000 0.0000000000
96882  0.000  0.000  0.000 0.0000000000
96884  0.000  0.000  0.000 0.0000000000
96885  0.000  0.000  0.000 0.0000000000
