#!ascii label  , from subject Woofsurfer vox2ras=TkReg coords=white
2367
36542  0.000  0.000  0.000 0.0000000000
36543  0.000  0.000  0.000 0.0000000000
36544  0.000  0.000  0.000 0.0000000000
36545  0.000  0.000  0.000 0.0000000000
36552  0.000  0.000  0.000 0.0000000000
36553  0.000  0.000  0.000 0.0000000000
36554  0.000  0.000  0.000 0.0000000000
36555  0.000  0.000  0.000 0.0000000000
36556  0.000  0.000  0.000 0.0000000000
36557  0.000  0.000  0.000 0.0000000000
36558  0.000  0.000  0.000 0.0000000000
36559  0.000  0.000  0.000 0.0000000000
36567  0.000  0.000  0.000 0.0000000000
36568  0.000  0.000  0.000 0.0000000000
36569  0.000  0.000  0.000 0.0000000000
36570  0.000  0.000  0.000 0.0000000000
36571  0.000  0.000  0.000 0.0000000000
36572  0.000  0.000  0.000 0.0000000000
36573  0.000  0.000  0.000 0.0000000000
36579  0.000  0.000  0.000 0.0000000000
36580  0.000  0.000  0.000 0.0000000000
36581  0.000  0.000  0.000 0.0000000000
36582  0.000  0.000  0.000 0.0000000000
36583  0.000  0.000  0.000 0.0000000000
36584  0.000  0.000  0.000 0.0000000000
36585  0.000  0.000  0.000 0.0000000000
36590  0.000  0.000  0.000 0.0000000000
36591  0.000  0.000  0.000 0.0000000000
36592  0.000  0.000  0.000 0.0000000000
36593  0.000  0.000  0.000 0.0000000000
36594  0.000  0.000  0.000 0.0000000000
36595  0.000  0.000  0.000 0.0000000000
36601  0.000  0.000  0.000 0.0000000000
36602  0.000  0.000  0.000 0.0000000000
36603  0.000  0.000  0.000 0.0000000000
36604  0.000  0.000  0.000 0.0000000000
36605  0.000  0.000  0.000 0.0000000000
36611  0.000  0.000  0.000 0.0000000000
36612  0.000  0.000  0.000 0.0000000000
36613  0.000  0.000  0.000 0.0000000000
36614  0.000  0.000  0.000 0.0000000000
36621  0.000  0.000  0.000 0.0000000000
36622  0.000  0.000  0.000 0.0000000000
37381  0.000  0.000  0.000 0.0000000000
37382  0.000  0.000  0.000 0.0000000000
37383  0.000  0.000  0.000 0.0000000000
37384  0.000  0.000  0.000 0.0000000000
37390  0.000  0.000  0.000 0.0000000000
37391  0.000  0.000  0.000 0.0000000000
37392  0.000  0.000  0.000 0.0000000000
37393  0.000  0.000  0.000 0.0000000000
37394  0.000  0.000  0.000 0.0000000000
37395  0.000  0.000  0.000 0.0000000000
37396  0.000  0.000  0.000 0.0000000000
37397  0.000  0.000  0.000 0.0000000000
37398  0.000  0.000  0.000 0.0000000000
37399  0.000  0.000  0.000 0.0000000000
37405  0.000  0.000  0.000 0.0000000000
37406  0.000  0.000  0.000 0.0000000000
37407  0.000  0.000  0.000 0.0000000000
37408  0.000  0.000  0.000 0.0000000000
37409  0.000  0.000  0.000 0.0000000000
37410  0.000  0.000  0.000 0.0000000000
37411  0.000  0.000  0.000 0.0000000000
37412  0.000  0.000  0.000 0.0000000000
37413  0.000  0.000  0.000 0.0000000000
37414  0.000  0.000  0.000 0.0000000000
37418  0.000  0.000  0.000 0.0000000000
37419  0.000  0.000  0.000 0.0000000000
37420  0.000  0.000  0.000 0.0000000000
37421  0.000  0.000  0.000 0.0000000000
37422  0.000  0.000  0.000 0.0000000000
37423  0.000  0.000  0.000 0.0000000000
37424  0.000  0.000  0.000 0.0000000000
37425  0.000  0.000  0.000 0.0000000000
37429  0.000  0.000  0.000 0.0000000000
37430  0.000  0.000  0.000 0.0000000000
37433  0.000  0.000  0.000 0.0000000000
37434  0.000  0.000  0.000 0.0000000000
37437  0.000  0.000  0.000 0.0000000000
37438  0.000  0.000  0.000 0.0000000000
37441  0.000  0.000  0.000 0.0000000000
37442  0.000  0.000  0.000 0.0000000000
37443  0.000  0.000  0.000 0.0000000000
37446  0.000  0.000  0.000 0.0000000000
37447  0.000  0.000  0.000 0.0000000000
37448  0.000  0.000  0.000 0.0000000000
37449  0.000  0.000  0.000 0.0000000000
37454  0.000  0.000  0.000 0.0000000000
37455  0.000  0.000  0.000 0.0000000000
37456  0.000  0.000  0.000 0.0000000000
37457  0.000  0.000  0.000 0.0000000000
37458  0.000  0.000  0.000 0.0000000000
37463  0.000  0.000  0.000 0.0000000000
37464  0.000  0.000  0.000 0.0000000000
37465  0.000  0.000  0.000 0.0000000000
37466  0.000  0.000  0.000 0.0000000000
37467  0.000  0.000  0.000 0.0000000000
37472  0.000  0.000  0.000 0.0000000000
37473  0.000  0.000  0.000 0.0000000000
37474  0.000  0.000  0.000 0.0000000000
38199  0.000  0.000  0.000 0.0000000000
38200  0.000  0.000  0.000 0.0000000000
38201  0.000  0.000  0.000 0.0000000000
38202  0.000  0.000  0.000 0.0000000000
38208  0.000  0.000  0.000 0.0000000000
38209  0.000  0.000  0.000 0.0000000000
38210  0.000  0.000  0.000 0.0000000000
38211  0.000  0.000  0.000 0.0000000000
38212  0.000  0.000  0.000 0.0000000000
38213  0.000  0.000  0.000 0.0000000000
38214  0.000  0.000  0.000 0.0000000000
38215  0.000  0.000  0.000 0.0000000000
38216  0.000  0.000  0.000 0.0000000000
38217  0.000  0.000  0.000 0.0000000000
38218  0.000  0.000  0.000 0.0000000000
38223  0.000  0.000  0.000 0.0000000000
38224  0.000  0.000  0.000 0.0000000000
38225  0.000  0.000  0.000 0.0000000000
38226  0.000  0.000  0.000 0.0000000000
38227  0.000  0.000  0.000 0.0000000000
38228  0.000  0.000  0.000 0.0000000000
38229  0.000  0.000  0.000 0.0000000000
38230  0.000  0.000  0.000 0.0000000000
38231  0.000  0.000  0.000 0.0000000000
38234  0.000  0.000  0.000 0.0000000000
38237  0.000  0.000  0.000 0.0000000000
38241  0.000  0.000  0.000 0.0000000000
38244  0.000  0.000  0.000 0.0000000000
38245  0.000  0.000  0.000 0.0000000000
38248  0.000  0.000  0.000 0.0000000000
38249  0.000  0.000  0.000 0.0000000000
38250  0.000  0.000  0.000 0.0000000000
38253  0.000  0.000  0.000 0.0000000000
38254  0.000  0.000  0.000 0.0000000000
38255  0.000  0.000  0.000 0.0000000000
38259  0.000  0.000  0.000 0.0000000000
38260  0.000  0.000  0.000 0.0000000000
38264  0.000  0.000  0.000 0.0000000000
38265  0.000  0.000  0.000 0.0000000000
38268  0.000  0.000  0.000 0.0000000000
38269  0.000  0.000  0.000 0.0000000000
38270  0.000  0.000  0.000 0.0000000000
38273  0.000  0.000  0.000 0.0000000000
38274  0.000  0.000  0.000 0.0000000000
38275  0.000  0.000  0.000 0.0000000000
38276  0.000  0.000  0.000 0.0000000000
38277  0.000  0.000  0.000 0.0000000000
38281  0.000  0.000  0.000 0.0000000000
38282  0.000  0.000  0.000 0.0000000000
38283  0.000  0.000  0.000 0.0000000000
38284  0.000  0.000  0.000 0.0000000000
38285  0.000  0.000  0.000 0.0000000000
38289  0.000  0.000  0.000 0.0000000000
38290  0.000  0.000  0.000 0.0000000000
38291  0.000  0.000  0.000 0.0000000000
38292  0.000  0.000  0.000 0.0000000000
38298  0.000  0.000  0.000 0.0000000000
38299  0.000  0.000  0.000 0.0000000000
38987  0.000  0.000  0.000 0.0000000000
38988  0.000  0.000  0.000 0.0000000000
38989  0.000  0.000  0.000 0.0000000000
38990  0.000  0.000  0.000 0.0000000000
38991  0.000  0.000  0.000 0.0000000000
38992  0.000  0.000  0.000 0.0000000000
38993  0.000  0.000  0.000 0.0000000000
38994  0.000  0.000  0.000 0.0000000000
38995  0.000  0.000  0.000 0.0000000000
39002  0.000  0.000  0.000 0.0000000000
39003  0.000  0.000  0.000 0.0000000000
39004  0.000  0.000  0.000 0.0000000000
39005  0.000  0.000  0.000 0.0000000000
39006  0.000  0.000  0.000 0.0000000000
39007  0.000  0.000  0.000 0.0000000000
39008  0.000  0.000  0.000 0.0000000000
39009  0.000  0.000  0.000 0.0000000000
39012  0.000  0.000  0.000 0.0000000000
39015  0.000  0.000  0.000 0.0000000000
39018  0.000  0.000  0.000 0.0000000000
39019  0.000  0.000  0.000 0.0000000000
39022  0.000  0.000  0.000 0.0000000000
39023  0.000  0.000  0.000 0.0000000000
39024  0.000  0.000  0.000 0.0000000000
39026  0.000  0.000  0.000 0.0000000000
39027  0.000  0.000  0.000 0.0000000000
39028  0.000  0.000  0.000 0.0000000000
39029  0.000  0.000  0.000 0.0000000000
39030  0.000  0.000  0.000 0.0000000000
39033  0.000  0.000  0.000 0.0000000000
39034  0.000  0.000  0.000 0.0000000000
39035  0.000  0.000  0.000 0.0000000000
39036  0.000  0.000  0.000 0.0000000000
39038  0.000  0.000  0.000 0.0000000000
39039  0.000  0.000  0.000 0.0000000000
39040  0.000  0.000  0.000 0.0000000000
39041  0.000  0.000  0.000 0.0000000000
39043  0.000  0.000  0.000 0.0000000000
39044  0.000  0.000  0.000 0.0000000000
39045  0.000  0.000  0.000 0.0000000000
39046  0.000  0.000  0.000 0.0000000000
39049  0.000  0.000  0.000 0.0000000000
39050  0.000  0.000  0.000 0.0000000000
39051  0.000  0.000  0.000 0.0000000000
39052  0.000  0.000  0.000 0.0000000000
39053  0.000  0.000  0.000 0.0000000000
39056  0.000  0.000  0.000 0.0000000000
39057  0.000  0.000  0.000 0.0000000000
39058  0.000  0.000  0.000 0.0000000000
39059  0.000  0.000  0.000 0.0000000000
39062  0.000  0.000  0.000 0.0000000000
39063  0.000  0.000  0.000 0.0000000000
39066  0.000  0.000  0.000 0.0000000000
39067  0.000  0.000  0.000 0.0000000000
39070  0.000  0.000  0.000 0.0000000000
39071  0.000  0.000  0.000 0.0000000000
39072  0.000  0.000  0.000 0.0000000000
39073  0.000  0.000  0.000 0.0000000000
39077  0.000  0.000  0.000 0.0000000000
39078  0.000  0.000  0.000 0.0000000000
39079  0.000  0.000  0.000 0.0000000000
39080  0.000  0.000  0.000 0.0000000000
39081  0.000  0.000  0.000 0.0000000000
39085  0.000  0.000  0.000 0.0000000000
39086  0.000  0.000  0.000 0.0000000000
39087  0.000  0.000  0.000 0.0000000000
39088  0.000  0.000  0.000 0.0000000000
39093  0.000  0.000  0.000 0.0000000000
39094  0.000  0.000  0.000 0.0000000000
39735  0.000  0.000  0.000 0.0000000000
39736  0.000  0.000  0.000 0.0000000000
39737  0.000  0.000  0.000 0.0000000000
39738  0.000  0.000  0.000 0.0000000000
39739  0.000  0.000  0.000 0.0000000000
39740  0.000  0.000  0.000 0.0000000000
39741  0.000  0.000  0.000 0.0000000000
39749  0.000  0.000  0.000 0.0000000000
39750  0.000  0.000  0.000 0.0000000000
39751  0.000  0.000  0.000 0.0000000000
39752  0.000  0.000  0.000 0.0000000000
39753  0.000  0.000  0.000 0.0000000000
39754  0.000  0.000  0.000 0.0000000000
39755  0.000  0.000  0.000 0.0000000000
39756  0.000  0.000  0.000 0.0000000000
39757  0.000  0.000  0.000 0.0000000000
39758  0.000  0.000  0.000 0.0000000000
39765  0.000  0.000  0.000 0.0000000000
39766  0.000  0.000  0.000 0.0000000000
39767  0.000  0.000  0.000 0.0000000000
39770  0.000  0.000  0.000 0.0000000000
39773  0.000  0.000  0.000 0.0000000000
39774  0.000  0.000  0.000 0.0000000000
39776  0.000  0.000  0.000 0.0000000000
39777  0.000  0.000  0.000 0.0000000000
39778  0.000  0.000  0.000 0.0000000000
39782  0.000  0.000  0.000 0.0000000000
39783  0.000  0.000  0.000 0.0000000000
39784  0.000  0.000  0.000 0.0000000000
39789  0.000  0.000  0.000 0.0000000000
39790  0.000  0.000  0.000 0.0000000000
39791  0.000  0.000  0.000 0.0000000000
39818  0.000  0.000  0.000 0.0000000000
39819  0.000  0.000  0.000 0.0000000000
39827  0.000  0.000  0.000 0.0000000000
39828  0.000  0.000  0.000 0.0000000000
39829  0.000  0.000  0.000 0.0000000000
39830  0.000  0.000  0.000 0.0000000000
39831  0.000  0.000  0.000 0.0000000000
39842  0.000  0.000  0.000 0.0000000000
39843  0.000  0.000  0.000 0.0000000000
39844  0.000  0.000  0.000 0.0000000000
39845  0.000  0.000  0.000 0.0000000000
39846  0.000  0.000  0.000 0.0000000000
39847  0.000  0.000  0.000 0.0000000000
39860  0.000  0.000  0.000 0.0000000000
39861  0.000  0.000  0.000 0.0000000000
39862  0.000  0.000  0.000 0.0000000000
39863  0.000  0.000  0.000 0.0000000000
39864  0.000  0.000  0.000 0.0000000000
39865  0.000  0.000  0.000 0.0000000000
39866  0.000  0.000  0.000 0.0000000000
39879  0.000  0.000  0.000 0.0000000000
39880  0.000  0.000  0.000 0.0000000000
39892  0.000  0.000  0.000 0.0000000000
39893  0.000  0.000  0.000 0.0000000000
39904  0.000  0.000  0.000 0.0000000000
39905  0.000  0.000  0.000 0.0000000000
39906  0.000  0.000  0.000 0.0000000000
39907  0.000  0.000  0.000 0.0000000000
39916  0.000  0.000  0.000 0.0000000000
39917  0.000  0.000  0.000 0.0000000000
39918  0.000  0.000  0.000 0.0000000000
39919  0.000  0.000  0.000 0.0000000000
39928  0.000  0.000  0.000 0.0000000000
39929  0.000  0.000  0.000 0.0000000000
39930  0.000  0.000  0.000 0.0000000000
39940  0.000  0.000  0.000 0.0000000000
40591  0.000  0.000  0.000 0.0000000000
40592  0.000  0.000  0.000 0.0000000000
40593  0.000  0.000  0.000 0.0000000000
40594  0.000  0.000  0.000 0.0000000000
40595  0.000  0.000  0.000 0.0000000000
40596  0.000  0.000  0.000 0.0000000000
40597  0.000  0.000  0.000 0.0000000000
40598  0.000  0.000  0.000 0.0000000000
40606  0.000  0.000  0.000 0.0000000000
40607  0.000  0.000  0.000 0.0000000000
40608  0.000  0.000  0.000 0.0000000000
40609  0.000  0.000  0.000 0.0000000000
40610  0.000  0.000  0.000 0.0000000000
40615  0.000  0.000  0.000 0.0000000000
40618  0.000  0.000  0.000 0.0000000000
40619  0.000  0.000  0.000 0.0000000000
40621  0.000  0.000  0.000 0.0000000000
40622  0.000  0.000  0.000 0.0000000000
40623  0.000  0.000  0.000 0.0000000000
40626  0.000  0.000  0.000 0.0000000000
40627  0.000  0.000  0.000 0.0000000000
40628  0.000  0.000  0.000 0.0000000000
40634  0.000  0.000  0.000 0.0000000000
40635  0.000  0.000  0.000 0.0000000000
40702  0.000  0.000  0.000 0.0000000000
40703  0.000  0.000  0.000 0.0000000000
40704  0.000  0.000  0.000 0.0000000000
40705  0.000  0.000  0.000 0.0000000000
40706  0.000  0.000  0.000 0.0000000000
40707  0.000  0.000  0.000 0.0000000000
40713  0.000  0.000  0.000 0.0000000000
40714  0.000  0.000  0.000 0.0000000000
40715  0.000  0.000  0.000 0.0000000000
40716  0.000  0.000  0.000 0.0000000000
40717  0.000  0.000  0.000 0.0000000000
40718  0.000  0.000  0.000 0.0000000000
40719  0.000  0.000  0.000 0.0000000000
40727  0.000  0.000  0.000 0.0000000000
40728  0.000  0.000  0.000 0.0000000000
40729  0.000  0.000  0.000 0.0000000000
40730  0.000  0.000  0.000 0.0000000000
40731  0.000  0.000  0.000 0.0000000000
40732  0.000  0.000  0.000 0.0000000000
40733  0.000  0.000  0.000 0.0000000000
40734  0.000  0.000  0.000 0.0000000000
40744  0.000  0.000  0.000 0.0000000000
40745  0.000  0.000  0.000 0.0000000000
40746  0.000  0.000  0.000 0.0000000000
40747  0.000  0.000  0.000 0.0000000000
40748  0.000  0.000  0.000 0.0000000000
40749  0.000  0.000  0.000 0.0000000000
40750  0.000  0.000  0.000 0.0000000000
40761  0.000  0.000  0.000 0.0000000000
40762  0.000  0.000  0.000 0.0000000000
40763  0.000  0.000  0.000 0.0000000000
40764  0.000  0.000  0.000 0.0000000000
40765  0.000  0.000  0.000 0.0000000000
40778  0.000  0.000  0.000 0.0000000000
40779  0.000  0.000  0.000 0.0000000000
40780  0.000  0.000  0.000 0.0000000000
40791  0.000  0.000  0.000 0.0000000000
40792  0.000  0.000  0.000 0.0000000000
40805  0.000  0.000  0.000 0.0000000000
40820  0.000  0.000  0.000 0.0000000000
41601  0.000  0.000  0.000 0.0000000000
41602  0.000  0.000  0.000 0.0000000000
41603  0.000  0.000  0.000 0.0000000000
41604  0.000  0.000  0.000 0.0000000000
41612  0.000  0.000  0.000 0.0000000000
41613  0.000  0.000  0.000 0.0000000000
41614  0.000  0.000  0.000 0.0000000000
41615  0.000  0.000  0.000 0.0000000000
41616  0.000  0.000  0.000 0.0000000000
41617  0.000  0.000  0.000 0.0000000000
41618  0.000  0.000  0.000 0.0000000000
41619  0.000  0.000  0.000 0.0000000000
41620  0.000  0.000  0.000 0.0000000000
41621  0.000  0.000  0.000 0.0000000000
41622  0.000  0.000  0.000 0.0000000000
41631  0.000  0.000  0.000 0.0000000000
41632  0.000  0.000  0.000 0.0000000000
41633  0.000  0.000  0.000 0.0000000000
41634  0.000  0.000  0.000 0.0000000000
41638  0.000  0.000  0.000 0.0000000000
41642  0.000  0.000  0.000 0.0000000000
41643  0.000  0.000  0.000 0.0000000000
41644  0.000  0.000  0.000 0.0000000000
41647  0.000  0.000  0.000 0.0000000000
41648  0.000  0.000  0.000 0.0000000000
41649  0.000  0.000  0.000 0.0000000000
41655  0.000  0.000  0.000 0.0000000000
41656  0.000  0.000  0.000 0.0000000000
41723  0.000  0.000  0.000 0.0000000000
41724  0.000  0.000  0.000 0.0000000000
41725  0.000  0.000  0.000 0.0000000000
41729  0.000  0.000  0.000 0.0000000000
41730  0.000  0.000  0.000 0.0000000000
41731  0.000  0.000  0.000 0.0000000000
41732  0.000  0.000  0.000 0.0000000000
41733  0.000  0.000  0.000 0.0000000000
41734  0.000  0.000  0.000 0.0000000000
41735  0.000  0.000  0.000 0.0000000000
41739  0.000  0.000  0.000 0.0000000000
41740  0.000  0.000  0.000 0.0000000000
41741  0.000  0.000  0.000 0.0000000000
41742  0.000  0.000  0.000 0.0000000000
41743  0.000  0.000  0.000 0.0000000000
41744  0.000  0.000  0.000 0.0000000000
41745  0.000  0.000  0.000 0.0000000000
41746  0.000  0.000  0.000 0.0000000000
41752  0.000  0.000  0.000 0.0000000000
41753  0.000  0.000  0.000 0.0000000000
41754  0.000  0.000  0.000 0.0000000000
41755  0.000  0.000  0.000 0.0000000000
41756  0.000  0.000  0.000 0.0000000000
41757  0.000  0.000  0.000 0.0000000000
41763  0.000  0.000  0.000 0.0000000000
41764  0.000  0.000  0.000 0.0000000000
41765  0.000  0.000  0.000 0.0000000000
41766  0.000  0.000  0.000 0.0000000000
41767  0.000  0.000  0.000 0.0000000000
41768  0.000  0.000  0.000 0.0000000000
41774  0.000  0.000  0.000 0.0000000000
41775  0.000  0.000  0.000 0.0000000000
41776  0.000  0.000  0.000 0.0000000000
41777  0.000  0.000  0.000 0.0000000000
41783  0.000  0.000  0.000 0.0000000000
41784  0.000  0.000  0.000 0.0000000000
41785  0.000  0.000  0.000 0.0000000000
41786  0.000  0.000  0.000 0.0000000000
41792  0.000  0.000  0.000 0.0000000000
41793  0.000  0.000  0.000 0.0000000000
42507  0.000  0.000  0.000 0.0000000000
42508  0.000  0.000  0.000 0.0000000000
42509  0.000  0.000  0.000 0.0000000000
42510  0.000  0.000  0.000 0.0000000000
42511  0.000  0.000  0.000 0.0000000000
42512  0.000  0.000  0.000 0.0000000000
42513  0.000  0.000  0.000 0.0000000000
42524  0.000  0.000  0.000 0.0000000000
42525  0.000  0.000  0.000 0.0000000000
42526  0.000  0.000  0.000 0.0000000000
42527  0.000  0.000  0.000 0.0000000000
42528  0.000  0.000  0.000 0.0000000000
42529  0.000  0.000  0.000 0.0000000000
42530  0.000  0.000  0.000 0.0000000000
42531  0.000  0.000  0.000 0.0000000000
42532  0.000  0.000  0.000 0.0000000000
42539  0.000  0.000  0.000 0.0000000000
42542  0.000  0.000  0.000 0.0000000000
42544  0.000  0.000  0.000 0.0000000000
42545  0.000  0.000  0.000 0.0000000000
42546  0.000  0.000  0.000 0.0000000000
42549  0.000  0.000  0.000 0.0000000000
42550  0.000  0.000  0.000 0.0000000000
42556  0.000  0.000  0.000 0.0000000000
42621  0.000  0.000  0.000 0.0000000000
42622  0.000  0.000  0.000 0.0000000000
42623  0.000  0.000  0.000 0.0000000000
42624  0.000  0.000  0.000 0.0000000000
42629  0.000  0.000  0.000 0.0000000000
42630  0.000  0.000  0.000 0.0000000000
42631  0.000  0.000  0.000 0.0000000000
42632  0.000  0.000  0.000 0.0000000000
42633  0.000  0.000  0.000 0.0000000000
42638  0.000  0.000  0.000 0.0000000000
42639  0.000  0.000  0.000 0.0000000000
42640  0.000  0.000  0.000 0.0000000000
42641  0.000  0.000  0.000 0.0000000000
42642  0.000  0.000  0.000 0.0000000000
42643  0.000  0.000  0.000 0.0000000000
42648  0.000  0.000  0.000 0.0000000000
42649  0.000  0.000  0.000 0.0000000000
42650  0.000  0.000  0.000 0.0000000000
42651  0.000  0.000  0.000 0.0000000000
42652  0.000  0.000  0.000 0.0000000000
42657  0.000  0.000  0.000 0.0000000000
42658  0.000  0.000  0.000 0.0000000000
42659  0.000  0.000  0.000 0.0000000000
42660  0.000  0.000  0.000 0.0000000000
42664  0.000  0.000  0.000 0.0000000000
42665  0.000  0.000  0.000 0.0000000000
42666  0.000  0.000  0.000 0.0000000000
42667  0.000  0.000  0.000 0.0000000000
42668  0.000  0.000  0.000 0.0000000000
42673  0.000  0.000  0.000 0.0000000000
42674  0.000  0.000  0.000 0.0000000000
42675  0.000  0.000  0.000 0.0000000000
42676  0.000  0.000  0.000 0.0000000000
42677  0.000  0.000  0.000 0.0000000000
42682  0.000  0.000  0.000 0.0000000000
42684  0.000  0.000  0.000 0.0000000000
43343  0.000  0.000  0.000 0.0000000000
43344  0.000  0.000  0.000 0.0000000000
43345  0.000  0.000  0.000 0.0000000000
43346  0.000  0.000  0.000 0.0000000000
43347  0.000  0.000  0.000 0.0000000000
43348  0.000  0.000  0.000 0.0000000000
43349  0.000  0.000  0.000 0.0000000000
43350  0.000  0.000  0.000 0.0000000000
43351  0.000  0.000  0.000 0.0000000000
43352  0.000  0.000  0.000 0.0000000000
43353  0.000  0.000  0.000 0.0000000000
43363  0.000  0.000  0.000 0.0000000000
43364  0.000  0.000  0.000 0.0000000000
43365  0.000  0.000  0.000 0.0000000000
43366  0.000  0.000  0.000 0.0000000000
43367  0.000  0.000  0.000 0.0000000000
43368  0.000  0.000  0.000 0.0000000000
43369  0.000  0.000  0.000 0.0000000000
43370  0.000  0.000  0.000 0.0000000000
43375  0.000  0.000  0.000 0.0000000000
43380  0.000  0.000  0.000 0.0000000000
43381  0.000  0.000  0.000 0.0000000000
43383  0.000  0.000  0.000 0.0000000000
43384  0.000  0.000  0.000 0.0000000000
43385  0.000  0.000  0.000 0.0000000000
43388  0.000  0.000  0.000 0.0000000000
43389  0.000  0.000  0.000 0.0000000000
43390  0.000  0.000  0.000 0.0000000000
43467  0.000  0.000  0.000 0.0000000000
43468  0.000  0.000  0.000 0.0000000000
43469  0.000  0.000  0.000 0.0000000000
43474  0.000  0.000  0.000 0.0000000000
43475  0.000  0.000  0.000 0.0000000000
43476  0.000  0.000  0.000 0.0000000000
43477  0.000  0.000  0.000 0.0000000000
43481  0.000  0.000  0.000 0.0000000000
43482  0.000  0.000  0.000 0.0000000000
43483  0.000  0.000  0.000 0.0000000000
43484  0.000  0.000  0.000 0.0000000000
43485  0.000  0.000  0.000 0.0000000000
43490  0.000  0.000  0.000 0.0000000000
43491  0.000  0.000  0.000 0.0000000000
43492  0.000  0.000  0.000 0.0000000000
43493  0.000  0.000  0.000 0.0000000000
43494  0.000  0.000  0.000 0.0000000000
43499  0.000  0.000  0.000 0.0000000000
43500  0.000  0.000  0.000 0.0000000000
43501  0.000  0.000  0.000 0.0000000000
43502  0.000  0.000  0.000 0.0000000000
43508  0.000  0.000  0.000 0.0000000000
43509  0.000  0.000  0.000 0.0000000000
43510  0.000  0.000  0.000 0.0000000000
43511  0.000  0.000  0.000 0.0000000000
43512  0.000  0.000  0.000 0.0000000000
43516  0.000  0.000  0.000 0.0000000000
43517  0.000  0.000  0.000 0.0000000000
43518  0.000  0.000  0.000 0.0000000000
43519  0.000  0.000  0.000 0.0000000000
43520  0.000  0.000  0.000 0.0000000000
43526  0.000  0.000  0.000 0.0000000000
43527  0.000  0.000  0.000 0.0000000000
43528  0.000  0.000  0.000 0.0000000000
43529  0.000  0.000  0.000 0.0000000000
43530  0.000  0.000  0.000 0.0000000000
43536  0.000  0.000  0.000 0.0000000000
43537  0.000  0.000  0.000 0.0000000000
43538  0.000  0.000  0.000 0.0000000000
43539  0.000  0.000  0.000 0.0000000000
43547  0.000  0.000  0.000 0.0000000000
43557  0.000  0.000  0.000 0.0000000000
43558  0.000  0.000  0.000 0.0000000000
43571  0.000  0.000  0.000 0.0000000000
43572  0.000  0.000  0.000 0.0000000000
43590  0.000  0.000  0.000 0.0000000000
44243  0.000  0.000  0.000 0.0000000000
44244  0.000  0.000  0.000 0.0000000000
44245  0.000  0.000  0.000 0.0000000000
44246  0.000  0.000  0.000 0.0000000000
44247  0.000  0.000  0.000 0.0000000000
44248  0.000  0.000  0.000 0.0000000000
44249  0.000  0.000  0.000 0.0000000000
44250  0.000  0.000  0.000 0.0000000000
44251  0.000  0.000  0.000 0.0000000000
44252  0.000  0.000  0.000 0.0000000000
44253  0.000  0.000  0.000 0.0000000000
44260  0.000  0.000  0.000 0.0000000000
44261  0.000  0.000  0.000 0.0000000000
44262  0.000  0.000  0.000 0.0000000000
44263  0.000  0.000  0.000 0.0000000000
44267  0.000  0.000  0.000 0.0000000000
44271  0.000  0.000  0.000 0.0000000000
44272  0.000  0.000  0.000 0.0000000000
44274  0.000  0.000  0.000 0.0000000000
44275  0.000  0.000  0.000 0.0000000000
44278  0.000  0.000  0.000 0.0000000000
44279  0.000  0.000  0.000 0.0000000000
44280  0.000  0.000  0.000 0.0000000000
44349  0.000  0.000  0.000 0.0000000000
44350  0.000  0.000  0.000 0.0000000000
44351  0.000  0.000  0.000 0.0000000000
44357  0.000  0.000  0.000 0.0000000000
44358  0.000  0.000  0.000 0.0000000000
44359  0.000  0.000  0.000 0.0000000000
44360  0.000  0.000  0.000 0.0000000000
44365  0.000  0.000  0.000 0.0000000000
44366  0.000  0.000  0.000 0.0000000000
44367  0.000  0.000  0.000 0.0000000000
44374  0.000  0.000  0.000 0.0000000000
44375  0.000  0.000  0.000 0.0000000000
44376  0.000  0.000  0.000 0.0000000000
44377  0.000  0.000  0.000 0.0000000000
44382  0.000  0.000  0.000 0.0000000000
44383  0.000  0.000  0.000 0.0000000000
44384  0.000  0.000  0.000 0.0000000000
44385  0.000  0.000  0.000 0.0000000000
44390  0.000  0.000  0.000 0.0000000000
44391  0.000  0.000  0.000 0.0000000000
44392  0.000  0.000  0.000 0.0000000000
44398  0.000  0.000  0.000 0.0000000000
44399  0.000  0.000  0.000 0.0000000000
44400  0.000  0.000  0.000 0.0000000000
44406  0.000  0.000  0.000 0.0000000000
44407  0.000  0.000  0.000 0.0000000000
44408  0.000  0.000  0.000 0.0000000000
44417  0.000  0.000  0.000 0.0000000000
44418  0.000  0.000  0.000 0.0000000000
44430  0.000  0.000  0.000 0.0000000000
44431  0.000  0.000  0.000 0.0000000000
44443  0.000  0.000  0.000 0.0000000000
44444  0.000  0.000  0.000 0.0000000000
45023  0.000  0.000  0.000 0.0000000000
45024  0.000  0.000  0.000 0.0000000000
45025  0.000  0.000  0.000 0.0000000000
45026  0.000  0.000  0.000 0.0000000000
45027  0.000  0.000  0.000 0.0000000000
45028  0.000  0.000  0.000 0.0000000000
45029  0.000  0.000  0.000 0.0000000000
45030  0.000  0.000  0.000 0.0000000000
45031  0.000  0.000  0.000 0.0000000000
45032  0.000  0.000  0.000 0.0000000000
45033  0.000  0.000  0.000 0.0000000000
45034  0.000  0.000  0.000 0.0000000000
45035  0.000  0.000  0.000 0.0000000000
45040  0.000  0.000  0.000 0.0000000000
45041  0.000  0.000  0.000 0.0000000000
45042  0.000  0.000  0.000 0.0000000000
45043  0.000  0.000  0.000 0.0000000000
45047  0.000  0.000  0.000 0.0000000000
45051  0.000  0.000  0.000 0.0000000000
45052  0.000  0.000  0.000 0.0000000000
45054  0.000  0.000  0.000 0.0000000000
45055  0.000  0.000  0.000 0.0000000000
45058  0.000  0.000  0.000 0.0000000000
45059  0.000  0.000  0.000 0.0000000000
45060  0.000  0.000  0.000 0.0000000000
45133  0.000  0.000  0.000 0.0000000000
45134  0.000  0.000  0.000 0.0000000000
45135  0.000  0.000  0.000 0.0000000000
45139  0.000  0.000  0.000 0.0000000000
45140  0.000  0.000  0.000 0.0000000000
45141  0.000  0.000  0.000 0.0000000000
45146  0.000  0.000  0.000 0.0000000000
45147  0.000  0.000  0.000 0.0000000000
45148  0.000  0.000  0.000 0.0000000000
45152  0.000  0.000  0.000 0.0000000000
45153  0.000  0.000  0.000 0.0000000000
45154  0.000  0.000  0.000 0.0000000000
45158  0.000  0.000  0.000 0.0000000000
45159  0.000  0.000  0.000 0.0000000000
45160  0.000  0.000  0.000 0.0000000000
45164  0.000  0.000  0.000 0.0000000000
45165  0.000  0.000  0.000 0.0000000000
45166  0.000  0.000  0.000 0.0000000000
45170  0.000  0.000  0.000 0.0000000000
45171  0.000  0.000  0.000 0.0000000000
45172  0.000  0.000  0.000 0.0000000000
45173  0.000  0.000  0.000 0.0000000000
45178  0.000  0.000  0.000 0.0000000000
45179  0.000  0.000  0.000 0.0000000000
45187  0.000  0.000  0.000 0.0000000000
45188  0.000  0.000  0.000 0.0000000000
45199  0.000  0.000  0.000 0.0000000000
45856  0.000  0.000  0.000 0.0000000000
45857  0.000  0.000  0.000 0.0000000000
45858  0.000  0.000  0.000 0.0000000000
45859  0.000  0.000  0.000 0.0000000000
45860  0.000  0.000  0.000 0.0000000000
45861  0.000  0.000  0.000 0.0000000000
45862  0.000  0.000  0.000 0.0000000000
45863  0.000  0.000  0.000 0.0000000000
45864  0.000  0.000  0.000 0.0000000000
45865  0.000  0.000  0.000 0.0000000000
45866  0.000  0.000  0.000 0.0000000000
45867  0.000  0.000  0.000 0.0000000000
45868  0.000  0.000  0.000 0.0000000000
45869  0.000  0.000  0.000 0.0000000000
45874  0.000  0.000  0.000 0.0000000000
45875  0.000  0.000  0.000 0.0000000000
45876  0.000  0.000  0.000 0.0000000000
45877  0.000  0.000  0.000 0.0000000000
45881  0.000  0.000  0.000 0.0000000000
45882  0.000  0.000  0.000 0.0000000000
45886  0.000  0.000  0.000 0.0000000000
45887  0.000  0.000  0.000 0.0000000000
45890  0.000  0.000  0.000 0.0000000000
45891  0.000  0.000  0.000 0.0000000000
45895  0.000  0.000  0.000 0.0000000000
45896  0.000  0.000  0.000 0.0000000000
45897  0.000  0.000  0.000 0.0000000000
45985  0.000  0.000  0.000 0.0000000000
45986  0.000  0.000  0.000 0.0000000000
45990  0.000  0.000  0.000 0.0000000000
45991  0.000  0.000  0.000 0.0000000000
45995  0.000  0.000  0.000 0.0000000000
45996  0.000  0.000  0.000 0.0000000000
46000  0.000  0.000  0.000 0.0000000000
46001  0.000  0.000  0.000 0.0000000000
46002  0.000  0.000  0.000 0.0000000000
46006  0.000  0.000  0.000 0.0000000000
46007  0.000  0.000  0.000 0.0000000000
46008  0.000  0.000  0.000 0.0000000000
46009  0.000  0.000  0.000 0.0000000000
46013  0.000  0.000  0.000 0.0000000000
46014  0.000  0.000  0.000 0.0000000000
46015  0.000  0.000  0.000 0.0000000000
46019  0.000  0.000  0.000 0.0000000000
46020  0.000  0.000  0.000 0.0000000000
46021  0.000  0.000  0.000 0.0000000000
46022  0.000  0.000  0.000 0.0000000000
46029  0.000  0.000  0.000 0.0000000000
46030  0.000  0.000  0.000 0.0000000000
46590  0.000  0.000  0.000 0.0000000000
46591  0.000  0.000  0.000 0.0000000000
46592  0.000  0.000  0.000 0.0000000000
46593  0.000  0.000  0.000 0.0000000000
46594  0.000  0.000  0.000 0.0000000000
46595  0.000  0.000  0.000 0.0000000000
46596  0.000  0.000  0.000 0.0000000000
46597  0.000  0.000  0.000 0.0000000000
46598  0.000  0.000  0.000 0.0000000000
46599  0.000  0.000  0.000 0.0000000000
46600  0.000  0.000  0.000 0.0000000000
46601  0.000  0.000  0.000 0.0000000000
46602  0.000  0.000  0.000 0.0000000000
46603  0.000  0.000  0.000 0.0000000000
46609  0.000  0.000  0.000 0.0000000000
46610  0.000  0.000  0.000 0.0000000000
46611  0.000  0.000  0.000 0.0000000000
46612  0.000  0.000  0.000 0.0000000000
46613  0.000  0.000  0.000 0.0000000000
46614  0.000  0.000  0.000 0.0000000000
46618  0.000  0.000  0.000 0.0000000000
46619  0.000  0.000  0.000 0.0000000000
46623  0.000  0.000  0.000 0.0000000000
46624  0.000  0.000  0.000 0.0000000000
46627  0.000  0.000  0.000 0.0000000000
46628  0.000  0.000  0.000 0.0000000000
46632  0.000  0.000  0.000 0.0000000000
46633  0.000  0.000  0.000 0.0000000000
46634  0.000  0.000  0.000 0.0000000000
46635  0.000  0.000  0.000 0.0000000000
46642  0.000  0.000  0.000 0.0000000000
46744  0.000  0.000  0.000 0.0000000000
46745  0.000  0.000  0.000 0.0000000000
46746  0.000  0.000  0.000 0.0000000000
46752  0.000  0.000  0.000 0.0000000000
46753  0.000  0.000  0.000 0.0000000000
46754  0.000  0.000  0.000 0.0000000000
46760  0.000  0.000  0.000 0.0000000000
46761  0.000  0.000  0.000 0.0000000000
46767  0.000  0.000  0.000 0.0000000000
46768  0.000  0.000  0.000 0.0000000000
46769  0.000  0.000  0.000 0.0000000000
46776  0.000  0.000  0.000 0.0000000000
46777  0.000  0.000  0.000 0.0000000000
47461  0.000  0.000  0.000 0.0000000000
47462  0.000  0.000  0.000 0.0000000000
47463  0.000  0.000  0.000 0.0000000000
47464  0.000  0.000  0.000 0.0000000000
47465  0.000  0.000  0.000 0.0000000000
47466  0.000  0.000  0.000 0.0000000000
47467  0.000  0.000  0.000 0.0000000000
47468  0.000  0.000  0.000 0.0000000000
47469  0.000  0.000  0.000 0.0000000000
47470  0.000  0.000  0.000 0.0000000000
47471  0.000  0.000  0.000 0.0000000000
47479  0.000  0.000  0.000 0.0000000000
47480  0.000  0.000  0.000 0.0000000000
47481  0.000  0.000  0.000 0.0000000000
47482  0.000  0.000  0.000 0.0000000000
47483  0.000  0.000  0.000 0.0000000000
47484  0.000  0.000  0.000 0.0000000000
47485  0.000  0.000  0.000 0.0000000000
47494  0.000  0.000  0.000 0.0000000000
47495  0.000  0.000  0.000 0.0000000000
47496  0.000  0.000  0.000 0.0000000000
47500  0.000  0.000  0.000 0.0000000000
47503  0.000  0.000  0.000 0.0000000000
47506  0.000  0.000  0.000 0.0000000000
47507  0.000  0.000  0.000 0.0000000000
47508  0.000  0.000  0.000 0.0000000000
47509  0.000  0.000  0.000 0.0000000000
47515  0.000  0.000  0.000 0.0000000000
47516  0.000  0.000  0.000 0.0000000000
47517  0.000  0.000  0.000 0.0000000000
47589  0.000  0.000  0.000 0.0000000000
47590  0.000  0.000  0.000 0.0000000000
47594  0.000  0.000  0.000 0.0000000000
47595  0.000  0.000  0.000 0.0000000000
47596  0.000  0.000  0.000 0.0000000000
47600  0.000  0.000  0.000 0.0000000000
47601  0.000  0.000  0.000 0.0000000000
47602  0.000  0.000  0.000 0.0000000000
47607  0.000  0.000  0.000 0.0000000000
47608  0.000  0.000  0.000 0.0000000000
47609  0.000  0.000  0.000 0.0000000000
47613  0.000  0.000  0.000 0.0000000000
47614  0.000  0.000  0.000 0.0000000000
48206  0.000  0.000  0.000 0.0000000000
48207  0.000  0.000  0.000 0.0000000000
48208  0.000  0.000  0.000 0.0000000000
48209  0.000  0.000  0.000 0.0000000000
48210  0.000  0.000  0.000 0.0000000000
48211  0.000  0.000  0.000 0.0000000000
48212  0.000  0.000  0.000 0.0000000000
48213  0.000  0.000  0.000 0.0000000000
48214  0.000  0.000  0.000 0.0000000000
48219  0.000  0.000  0.000 0.0000000000
48220  0.000  0.000  0.000 0.0000000000
48221  0.000  0.000  0.000 0.0000000000
48222  0.000  0.000  0.000 0.0000000000
48223  0.000  0.000  0.000 0.0000000000
48224  0.000  0.000  0.000 0.0000000000
48225  0.000  0.000  0.000 0.0000000000
48226  0.000  0.000  0.000 0.0000000000
48237  0.000  0.000  0.000 0.0000000000
48238  0.000  0.000  0.000 0.0000000000
48239  0.000  0.000  0.000 0.0000000000
48240  0.000  0.000  0.000 0.0000000000
48244  0.000  0.000  0.000 0.0000000000
48247  0.000  0.000  0.000 0.0000000000
48250  0.000  0.000  0.000 0.0000000000
48251  0.000  0.000  0.000 0.0000000000
48252  0.000  0.000  0.000 0.0000000000
48256  0.000  0.000  0.000 0.0000000000
48257  0.000  0.000  0.000 0.0000000000
48258  0.000  0.000  0.000 0.0000000000
48259  0.000  0.000  0.000 0.0000000000
48260  0.000  0.000  0.000 0.0000000000
48267  0.000  0.000  0.000 0.0000000000
48268  0.000  0.000  0.000 0.0000000000
48269  0.000  0.000  0.000 0.0000000000
48354  0.000  0.000  0.000 0.0000000000
48355  0.000  0.000  0.000 0.0000000000
48359  0.000  0.000  0.000 0.0000000000
48360  0.000  0.000  0.000 0.0000000000
48361  0.000  0.000  0.000 0.0000000000
48364  0.000  0.000  0.000 0.0000000000
48365  0.000  0.000  0.000 0.0000000000
48366  0.000  0.000  0.000 0.0000000000
48367  0.000  0.000  0.000 0.0000000000
48371  0.000  0.000  0.000 0.0000000000
48372  0.000  0.000  0.000 0.0000000000
48373  0.000  0.000  0.000 0.0000000000
49180  0.000  0.000  0.000 0.0000000000
49181  0.000  0.000  0.000 0.0000000000
49182  0.000  0.000  0.000 0.0000000000
49183  0.000  0.000  0.000 0.0000000000
49184  0.000  0.000  0.000 0.0000000000
49185  0.000  0.000  0.000 0.0000000000
49186  0.000  0.000  0.000 0.0000000000
49192  0.000  0.000  0.000 0.0000000000
49193  0.000  0.000  0.000 0.0000000000
49194  0.000  0.000  0.000 0.0000000000
49195  0.000  0.000  0.000 0.0000000000
49196  0.000  0.000  0.000 0.0000000000
49197  0.000  0.000  0.000 0.0000000000
49198  0.000  0.000  0.000 0.0000000000
49199  0.000  0.000  0.000 0.0000000000
49200  0.000  0.000  0.000 0.0000000000
49213  0.000  0.000  0.000 0.0000000000
49214  0.000  0.000  0.000 0.0000000000
49215  0.000  0.000  0.000 0.0000000000
49216  0.000  0.000  0.000 0.0000000000
49217  0.000  0.000  0.000 0.0000000000
49227  0.000  0.000  0.000 0.0000000000
49228  0.000  0.000  0.000 0.0000000000
49230  0.000  0.000  0.000 0.0000000000
49233  0.000  0.000  0.000 0.0000000000
49234  0.000  0.000  0.000 0.0000000000
49237  0.000  0.000  0.000 0.0000000000
49238  0.000  0.000  0.000 0.0000000000
49239  0.000  0.000  0.000 0.0000000000
49245  0.000  0.000  0.000 0.0000000000
49246  0.000  0.000  0.000 0.0000000000
49247  0.000  0.000  0.000 0.0000000000
49248  0.000  0.000  0.000 0.0000000000
49249  0.000  0.000  0.000 0.0000000000
49267  0.000  0.000  0.000 0.0000000000
49268  0.000  0.000  0.000 0.0000000000
49269  0.000  0.000  0.000 0.0000000000
49338  0.000  0.000  0.000 0.0000000000
49339  0.000  0.000  0.000 0.0000000000
49344  0.000  0.000  0.000 0.0000000000
49345  0.000  0.000  0.000 0.0000000000
49346  0.000  0.000  0.000 0.0000000000
49351  0.000  0.000  0.000 0.0000000000
49352  0.000  0.000  0.000 0.0000000000
49353  0.000  0.000  0.000 0.0000000000
49971  0.000  0.000  0.000 0.0000000000
49972  0.000  0.000  0.000 0.0000000000
49973  0.000  0.000  0.000 0.0000000000
49974  0.000  0.000  0.000 0.0000000000
49980  0.000  0.000  0.000 0.0000000000
49981  0.000  0.000  0.000 0.0000000000
49982  0.000  0.000  0.000 0.0000000000
49983  0.000  0.000  0.000 0.0000000000
49984  0.000  0.000  0.000 0.0000000000
49985  0.000  0.000  0.000 0.0000000000
49986  0.000  0.000  0.000 0.0000000000
49987  0.000  0.000  0.000 0.0000000000
49988  0.000  0.000  0.000 0.0000000000
49997  0.000  0.000  0.000 0.0000000000
49998  0.000  0.000  0.000 0.0000000000
49999  0.000  0.000  0.000 0.0000000000
50000  0.000  0.000  0.000 0.0000000000
50001  0.000  0.000  0.000 0.0000000000
50002  0.000  0.000  0.000 0.0000000000
50013  0.000  0.000  0.000 0.0000000000
50014  0.000  0.000  0.000 0.0000000000
50017  0.000  0.000  0.000 0.0000000000
50018  0.000  0.000  0.000 0.0000000000
50022  0.000  0.000  0.000 0.0000000000
50023  0.000  0.000  0.000 0.0000000000
50027  0.000  0.000  0.000 0.0000000000
50028  0.000  0.000  0.000 0.0000000000
50032  0.000  0.000  0.000 0.0000000000
50033  0.000  0.000  0.000 0.0000000000
50034  0.000  0.000  0.000 0.0000000000
50035  0.000  0.000  0.000 0.0000000000
50036  0.000  0.000  0.000 0.0000000000
50051  0.000  0.000  0.000 0.0000000000
50052  0.000  0.000  0.000 0.0000000000
50053  0.000  0.000  0.000 0.0000000000
50054  0.000  0.000  0.000 0.0000000000
50055  0.000  0.000  0.000 0.0000000000
50056  0.000  0.000  0.000 0.0000000000
50057  0.000  0.000  0.000 0.0000000000
50058  0.000  0.000  0.000 0.0000000000
50059  0.000  0.000  0.000 0.0000000000
50163  0.000  0.000  0.000 0.0000000000
50164  0.000  0.000  0.000 0.0000000000
50170  0.000  0.000  0.000 0.0000000000
50171  0.000  0.000  0.000 0.0000000000
50780  0.000  0.000  0.000 0.0000000000
50781  0.000  0.000  0.000 0.0000000000
50782  0.000  0.000  0.000 0.0000000000
50783  0.000  0.000  0.000 0.0000000000
50784  0.000  0.000  0.000 0.0000000000
50785  0.000  0.000  0.000 0.0000000000
50786  0.000  0.000  0.000 0.0000000000
50792  0.000  0.000  0.000 0.0000000000
50793  0.000  0.000  0.000 0.0000000000
50794  0.000  0.000  0.000 0.0000000000
50795  0.000  0.000  0.000 0.0000000000
50796  0.000  0.000  0.000 0.0000000000
50797  0.000  0.000  0.000 0.0000000000
50798  0.000  0.000  0.000 0.0000000000
50799  0.000  0.000  0.000 0.0000000000
50800  0.000  0.000  0.000 0.0000000000
50811  0.000  0.000  0.000 0.0000000000
50812  0.000  0.000  0.000 0.0000000000
50813  0.000  0.000  0.000 0.0000000000
50814  0.000  0.000  0.000 0.0000000000
50817  0.000  0.000  0.000 0.0000000000
50820  0.000  0.000  0.000 0.0000000000
50823  0.000  0.000  0.000 0.0000000000
50824  0.000  0.000  0.000 0.0000000000
50827  0.000  0.000  0.000 0.0000000000
50828  0.000  0.000  0.000 0.0000000000
50829  0.000  0.000  0.000 0.0000000000
50842  0.000  0.000  0.000 0.0000000000
50843  0.000  0.000  0.000 0.0000000000
50844  0.000  0.000  0.000 0.0000000000
50845  0.000  0.000  0.000 0.0000000000
50846  0.000  0.000  0.000 0.0000000000
50847  0.000  0.000  0.000 0.0000000000
50848  0.000  0.000  0.000 0.0000000000
50849  0.000  0.000  0.000 0.0000000000
50850  0.000  0.000  0.000 0.0000000000
50851  0.000  0.000  0.000 0.0000000000
50852  0.000  0.000  0.000 0.0000000000
51567  0.000  0.000  0.000 0.0000000000
51568  0.000  0.000  0.000 0.0000000000
51569  0.000  0.000  0.000 0.0000000000
51570  0.000  0.000  0.000 0.0000000000
51576  0.000  0.000  0.000 0.0000000000
51577  0.000  0.000  0.000 0.0000000000
51578  0.000  0.000  0.000 0.0000000000
51579  0.000  0.000  0.000 0.0000000000
51580  0.000  0.000  0.000 0.0000000000
51581  0.000  0.000  0.000 0.0000000000
51582  0.000  0.000  0.000 0.0000000000
51583  0.000  0.000  0.000 0.0000000000
51584  0.000  0.000  0.000 0.0000000000
51596  0.000  0.000  0.000 0.0000000000
51597  0.000  0.000  0.000 0.0000000000
51598  0.000  0.000  0.000 0.0000000000
51599  0.000  0.000  0.000 0.0000000000
51600  0.000  0.000  0.000 0.0000000000
51608  0.000  0.000  0.000 0.0000000000
51609  0.000  0.000  0.000 0.0000000000
51612  0.000  0.000  0.000 0.0000000000
51613  0.000  0.000  0.000 0.0000000000
51616  0.000  0.000  0.000 0.0000000000
51617  0.000  0.000  0.000 0.0000000000
51620  0.000  0.000  0.000 0.0000000000
51621  0.000  0.000  0.000 0.0000000000
51633  0.000  0.000  0.000 0.0000000000
51634  0.000  0.000  0.000 0.0000000000
51635  0.000  0.000  0.000 0.0000000000
51636  0.000  0.000  0.000 0.0000000000
51637  0.000  0.000  0.000 0.0000000000
51638  0.000  0.000  0.000 0.0000000000
51639  0.000  0.000  0.000 0.0000000000
51640  0.000  0.000  0.000 0.0000000000
51641  0.000  0.000  0.000 0.0000000000
51642  0.000  0.000  0.000 0.0000000000
51643  0.000  0.000  0.000 0.0000000000
51644  0.000  0.000  0.000 0.0000000000
51650  0.000  0.000  0.000 0.0000000000
51651  0.000  0.000  0.000 0.0000000000
51652  0.000  0.000  0.000 0.0000000000
51653  0.000  0.000  0.000 0.0000000000
51654  0.000  0.000  0.000 0.0000000000
51655  0.000  0.000  0.000 0.0000000000
51656  0.000  0.000  0.000 0.0000000000
51657  0.000  0.000  0.000 0.0000000000
51658  0.000  0.000  0.000 0.0000000000
51659  0.000  0.000  0.000 0.0000000000
52401  0.000  0.000  0.000 0.0000000000
52402  0.000  0.000  0.000 0.0000000000
52403  0.000  0.000  0.000 0.0000000000
52404  0.000  0.000  0.000 0.0000000000
52405  0.000  0.000  0.000 0.0000000000
52406  0.000  0.000  0.000 0.0000000000
52407  0.000  0.000  0.000 0.0000000000
52408  0.000  0.000  0.000 0.0000000000
52417  0.000  0.000  0.000 0.0000000000
52418  0.000  0.000  0.000 0.0000000000
52419  0.000  0.000  0.000 0.0000000000
52420  0.000  0.000  0.000 0.0000000000
52421  0.000  0.000  0.000 0.0000000000
52422  0.000  0.000  0.000 0.0000000000
52423  0.000  0.000  0.000 0.0000000000
52433  0.000  0.000  0.000 0.0000000000
52436  0.000  0.000  0.000 0.0000000000
52439  0.000  0.000  0.000 0.0000000000
52443  0.000  0.000  0.000 0.0000000000
52444  0.000  0.000  0.000 0.0000000000
52455  0.000  0.000  0.000 0.0000000000
52456  0.000  0.000  0.000 0.0000000000
52457  0.000  0.000  0.000 0.0000000000
52458  0.000  0.000  0.000 0.0000000000
52459  0.000  0.000  0.000 0.0000000000
52460  0.000  0.000  0.000 0.0000000000
52461  0.000  0.000  0.000 0.0000000000
52465  0.000  0.000  0.000 0.0000000000
52466  0.000  0.000  0.000 0.0000000000
52467  0.000  0.000  0.000 0.0000000000
52468  0.000  0.000  0.000 0.0000000000
52469  0.000  0.000  0.000 0.0000000000
52470  0.000  0.000  0.000 0.0000000000
52471  0.000  0.000  0.000 0.0000000000
52472  0.000  0.000  0.000 0.0000000000
52473  0.000  0.000  0.000 0.0000000000
52474  0.000  0.000  0.000 0.0000000000
52475  0.000  0.000  0.000 0.0000000000
52476  0.000  0.000  0.000 0.0000000000
52477  0.000  0.000  0.000 0.0000000000
52478  0.000  0.000  0.000 0.0000000000
53184  0.000  0.000  0.000 0.0000000000
53185  0.000  0.000  0.000 0.0000000000
53186  0.000  0.000  0.000 0.0000000000
53187  0.000  0.000  0.000 0.0000000000
53188  0.000  0.000  0.000 0.0000000000
53195  0.000  0.000  0.000 0.0000000000
53196  0.000  0.000  0.000 0.0000000000
53197  0.000  0.000  0.000 0.0000000000
53198  0.000  0.000  0.000 0.0000000000
53199  0.000  0.000  0.000 0.0000000000
53200  0.000  0.000  0.000 0.0000000000
53201  0.000  0.000  0.000 0.0000000000
53202  0.000  0.000  0.000 0.0000000000
53203  0.000  0.000  0.000 0.0000000000
53204  0.000  0.000  0.000 0.0000000000
53215  0.000  0.000  0.000 0.0000000000
53216  0.000  0.000  0.000 0.0000000000
53217  0.000  0.000  0.000 0.0000000000
53218  0.000  0.000  0.000 0.0000000000
53221  0.000  0.000  0.000 0.0000000000
53222  0.000  0.000  0.000 0.0000000000
53225  0.000  0.000  0.000 0.0000000000
53229  0.000  0.000  0.000 0.0000000000
53230  0.000  0.000  0.000 0.0000000000
53239  0.000  0.000  0.000 0.0000000000
53240  0.000  0.000  0.000 0.0000000000
53241  0.000  0.000  0.000 0.0000000000
53244  0.000  0.000  0.000 0.0000000000
53245  0.000  0.000  0.000 0.0000000000
53246  0.000  0.000  0.000 0.0000000000
53247  0.000  0.000  0.000 0.0000000000
53248  0.000  0.000  0.000 0.0000000000
53249  0.000  0.000  0.000 0.0000000000
53250  0.000  0.000  0.000 0.0000000000
53251  0.000  0.000  0.000 0.0000000000
53252  0.000  0.000  0.000 0.0000000000
53253  0.000  0.000  0.000 0.0000000000
53254  0.000  0.000  0.000 0.0000000000
53255  0.000  0.000  0.000 0.0000000000
53256  0.000  0.000  0.000 0.0000000000
53257  0.000  0.000  0.000 0.0000000000
53258  0.000  0.000  0.000 0.0000000000
53937  0.000  0.000  0.000 0.0000000000
53938  0.000  0.000  0.000 0.0000000000
53939  0.000  0.000  0.000 0.0000000000
53940  0.000  0.000  0.000 0.0000000000
53941  0.000  0.000  0.000 0.0000000000
53942  0.000  0.000  0.000 0.0000000000
53943  0.000  0.000  0.000 0.0000000000
53944  0.000  0.000  0.000 0.0000000000
53954  0.000  0.000  0.000 0.0000000000
53955  0.000  0.000  0.000 0.0000000000
53956  0.000  0.000  0.000 0.0000000000
53957  0.000  0.000  0.000 0.0000000000
53958  0.000  0.000  0.000 0.0000000000
53959  0.000  0.000  0.000 0.0000000000
53961  0.000  0.000  0.000 0.0000000000
53962  0.000  0.000  0.000 0.0000000000
53964  0.000  0.000  0.000 0.0000000000
53965  0.000  0.000  0.000 0.0000000000
53970  0.000  0.000  0.000 0.0000000000
53971  0.000  0.000  0.000 0.0000000000
53979  0.000  0.000  0.000 0.0000000000
53980  0.000  0.000  0.000 0.0000000000
53981  0.000  0.000  0.000 0.0000000000
53982  0.000  0.000  0.000 0.0000000000
53985  0.000  0.000  0.000 0.0000000000
53986  0.000  0.000  0.000 0.0000000000
53987  0.000  0.000  0.000 0.0000000000
53988  0.000  0.000  0.000 0.0000000000
53989  0.000  0.000  0.000 0.0000000000
53990  0.000  0.000  0.000 0.0000000000
53991  0.000  0.000  0.000 0.0000000000
53992  0.000  0.000  0.000 0.0000000000
53993  0.000  0.000  0.000 0.0000000000
53994  0.000  0.000  0.000 0.0000000000
53995  0.000  0.000  0.000 0.0000000000
53996  0.000  0.000  0.000 0.0000000000
53997  0.000  0.000  0.000 0.0000000000
53998  0.000  0.000  0.000 0.0000000000
53999  0.000  0.000  0.000 0.0000000000
54000  0.000  0.000  0.000 0.0000000000
54004  0.000  0.000  0.000 0.0000000000
54005  0.000  0.000  0.000 0.0000000000
54006  0.000  0.000  0.000 0.0000000000
54007  0.000  0.000  0.000 0.0000000000
54008  0.000  0.000  0.000 0.0000000000
54009  0.000  0.000  0.000 0.0000000000
54633  0.000  0.000  0.000 0.0000000000
54634  0.000  0.000  0.000 0.0000000000
54635  0.000  0.000  0.000 0.0000000000
54636  0.000  0.000  0.000 0.0000000000
54637  0.000  0.000  0.000 0.0000000000
54646  0.000  0.000  0.000 0.0000000000
54647  0.000  0.000  0.000 0.0000000000
54648  0.000  0.000  0.000 0.0000000000
54649  0.000  0.000  0.000 0.0000000000
54650  0.000  0.000  0.000 0.0000000000
54651  0.000  0.000  0.000 0.0000000000
54652  0.000  0.000  0.000 0.0000000000
54653  0.000  0.000  0.000 0.0000000000
54654  0.000  0.000  0.000 0.0000000000
54655  0.000  0.000  0.000 0.0000000000
54657  0.000  0.000  0.000 0.0000000000
54659  0.000  0.000  0.000 0.0000000000
54664  0.000  0.000  0.000 0.0000000000
54672  0.000  0.000  0.000 0.0000000000
54673  0.000  0.000  0.000 0.0000000000
54674  0.000  0.000  0.000 0.0000000000
54678  0.000  0.000  0.000 0.0000000000
54679  0.000  0.000  0.000 0.0000000000
54680  0.000  0.000  0.000 0.0000000000
54681  0.000  0.000  0.000 0.0000000000
54682  0.000  0.000  0.000 0.0000000000
54683  0.000  0.000  0.000 0.0000000000
54684  0.000  0.000  0.000 0.0000000000
54685  0.000  0.000  0.000 0.0000000000
54686  0.000  0.000  0.000 0.0000000000
54687  0.000  0.000  0.000 0.0000000000
54688  0.000  0.000  0.000 0.0000000000
54692  0.000  0.000  0.000 0.0000000000
54693  0.000  0.000  0.000 0.0000000000
54694  0.000  0.000  0.000 0.0000000000
54695  0.000  0.000  0.000 0.0000000000
54696  0.000  0.000  0.000 0.0000000000
54697  0.000  0.000  0.000 0.0000000000
54698  0.000  0.000  0.000 0.0000000000
54699  0.000  0.000  0.000 0.0000000000
54700  0.000  0.000  0.000 0.0000000000
54701  0.000  0.000  0.000 0.0000000000
54702  0.000  0.000  0.000 0.0000000000
54703  0.000  0.000  0.000 0.0000000000
54704  0.000  0.000  0.000 0.0000000000
54705  0.000  0.000  0.000 0.0000000000
55292  0.000  0.000  0.000 0.0000000000
55293  0.000  0.000  0.000 0.0000000000
55303  0.000  0.000  0.000 0.0000000000
55304  0.000  0.000  0.000 0.0000000000
55305  0.000  0.000  0.000 0.0000000000
55306  0.000  0.000  0.000 0.0000000000
55307  0.000  0.000  0.000 0.0000000000
55308  0.000  0.000  0.000 0.0000000000
55309  0.000  0.000  0.000 0.0000000000
55310  0.000  0.000  0.000 0.0000000000
55311  0.000  0.000  0.000 0.0000000000
55312  0.000  0.000  0.000 0.0000000000
55318  0.000  0.000  0.000 0.0000000000
55319  0.000  0.000  0.000 0.0000000000
55320  0.000  0.000  0.000 0.0000000000
55321  0.000  0.000  0.000 0.0000000000
55323  0.000  0.000  0.000 0.0000000000
55327  0.000  0.000  0.000 0.0000000000
55328  0.000  0.000  0.000 0.0000000000
55336  0.000  0.000  0.000 0.0000000000
55337  0.000  0.000  0.000 0.0000000000
55338  0.000  0.000  0.000 0.0000000000
55342  0.000  0.000  0.000 0.0000000000
55343  0.000  0.000  0.000 0.0000000000
55344  0.000  0.000  0.000 0.0000000000
55345  0.000  0.000  0.000 0.0000000000
55348  0.000  0.000  0.000 0.0000000000
55349  0.000  0.000  0.000 0.0000000000
55350  0.000  0.000  0.000 0.0000000000
55351  0.000  0.000  0.000 0.0000000000
55352  0.000  0.000  0.000 0.0000000000
55353  0.000  0.000  0.000 0.0000000000
55354  0.000  0.000  0.000 0.0000000000
55355  0.000  0.000  0.000 0.0000000000
55356  0.000  0.000  0.000 0.0000000000
55357  0.000  0.000  0.000 0.0000000000
55358  0.000  0.000  0.000 0.0000000000
55359  0.000  0.000  0.000 0.0000000000
55360  0.000  0.000  0.000 0.0000000000
55361  0.000  0.000  0.000 0.0000000000
55364  0.000  0.000  0.000 0.0000000000
55365  0.000  0.000  0.000 0.0000000000
55366  0.000  0.000  0.000 0.0000000000
55367  0.000  0.000  0.000 0.0000000000
55368  0.000  0.000  0.000 0.0000000000
55965  0.000  0.000  0.000 0.0000000000
55966  0.000  0.000  0.000 0.0000000000
55967  0.000  0.000  0.000 0.0000000000
55968  0.000  0.000  0.000 0.0000000000
55969  0.000  0.000  0.000 0.0000000000
55970  0.000  0.000  0.000 0.0000000000
55971  0.000  0.000  0.000 0.0000000000
55972  0.000  0.000  0.000 0.0000000000
55979  0.000  0.000  0.000 0.0000000000
55980  0.000  0.000  0.000 0.0000000000
55981  0.000  0.000  0.000 0.0000000000
55982  0.000  0.000  0.000 0.0000000000
55983  0.000  0.000  0.000 0.0000000000
55984  0.000  0.000  0.000 0.0000000000
55985  0.000  0.000  0.000 0.0000000000
55986  0.000  0.000  0.000 0.0000000000
55987  0.000  0.000  0.000 0.0000000000
55988  0.000  0.000  0.000 0.0000000000
55990  0.000  0.000  0.000 0.0000000000
55991  0.000  0.000  0.000 0.0000000000
55993  0.000  0.000  0.000 0.0000000000
55994  0.000  0.000  0.000 0.0000000000
56002  0.000  0.000  0.000 0.0000000000
56006  0.000  0.000  0.000 0.0000000000
56007  0.000  0.000  0.000 0.0000000000
56008  0.000  0.000  0.000 0.0000000000
56009  0.000  0.000  0.000 0.0000000000
56012  0.000  0.000  0.000 0.0000000000
56013  0.000  0.000  0.000 0.0000000000
56014  0.000  0.000  0.000 0.0000000000
56015  0.000  0.000  0.000 0.0000000000
56016  0.000  0.000  0.000 0.0000000000
56017  0.000  0.000  0.000 0.0000000000
56018  0.000  0.000  0.000 0.0000000000
56019  0.000  0.000  0.000 0.0000000000
56020  0.000  0.000  0.000 0.0000000000
56021  0.000  0.000  0.000 0.0000000000
56022  0.000  0.000  0.000 0.0000000000
56023  0.000  0.000  0.000 0.0000000000
56026  0.000  0.000  0.000 0.0000000000
56027  0.000  0.000  0.000 0.0000000000
56028  0.000  0.000  0.000 0.0000000000
56029  0.000  0.000  0.000 0.0000000000
56030  0.000  0.000  0.000 0.0000000000
56031  0.000  0.000  0.000 0.0000000000
56032  0.000  0.000  0.000 0.0000000000
56035  0.000  0.000  0.000 0.0000000000
56036  0.000  0.000  0.000 0.0000000000
56601  0.000  0.000  0.000 0.0000000000
56602  0.000  0.000  0.000 0.0000000000
56603  0.000  0.000  0.000 0.0000000000
56604  0.000  0.000  0.000 0.0000000000
56605  0.000  0.000  0.000 0.0000000000
56606  0.000  0.000  0.000 0.0000000000
56607  0.000  0.000  0.000 0.0000000000
56608  0.000  0.000  0.000 0.0000000000
56609  0.000  0.000  0.000 0.0000000000
56611  0.000  0.000  0.000 0.0000000000
56612  0.000  0.000  0.000 0.0000000000
56614  0.000  0.000  0.000 0.0000000000
56622  0.000  0.000  0.000 0.0000000000
56626  0.000  0.000  0.000 0.0000000000
56627  0.000  0.000  0.000 0.0000000000
56628  0.000  0.000  0.000 0.0000000000
56631  0.000  0.000  0.000 0.0000000000
56632  0.000  0.000  0.000 0.0000000000
56633  0.000  0.000  0.000 0.0000000000
56634  0.000  0.000  0.000 0.0000000000
56635  0.000  0.000  0.000 0.0000000000
56636  0.000  0.000  0.000 0.0000000000
56637  0.000  0.000  0.000 0.0000000000
56638  0.000  0.000  0.000 0.0000000000
56639  0.000  0.000  0.000 0.0000000000
56640  0.000  0.000  0.000 0.0000000000
56643  0.000  0.000  0.000 0.0000000000
56644  0.000  0.000  0.000 0.0000000000
56645  0.000  0.000  0.000 0.0000000000
56646  0.000  0.000  0.000 0.0000000000
56647  0.000  0.000  0.000 0.0000000000
56648  0.000  0.000  0.000 0.0000000000
56649  0.000  0.000  0.000 0.0000000000
56650  0.000  0.000  0.000 0.0000000000
56651  0.000  0.000  0.000 0.0000000000
56652  0.000  0.000  0.000 0.0000000000
56655  0.000  0.000  0.000 0.0000000000
56656  0.000  0.000  0.000 0.0000000000
56657  0.000  0.000  0.000 0.0000000000
56658  0.000  0.000  0.000 0.0000000000
56659  0.000  0.000  0.000 0.0000000000
57228  0.000  0.000  0.000 0.0000000000
57229  0.000  0.000  0.000 0.0000000000
57230  0.000  0.000  0.000 0.0000000000
57231  0.000  0.000  0.000 0.0000000000
57232  0.000  0.000  0.000 0.0000000000
57233  0.000  0.000  0.000 0.0000000000
57234  0.000  0.000  0.000 0.0000000000
57235  0.000  0.000  0.000 0.0000000000
57238  0.000  0.000  0.000 0.0000000000
57239  0.000  0.000  0.000 0.0000000000
57240  0.000  0.000  0.000 0.0000000000
57241  0.000  0.000  0.000 0.0000000000
57242  0.000  0.000  0.000 0.0000000000
57243  0.000  0.000  0.000 0.0000000000
57246  0.000  0.000  0.000 0.0000000000
57247  0.000  0.000  0.000 0.0000000000
57256  0.000  0.000  0.000 0.0000000000
57262  0.000  0.000  0.000 0.0000000000
57263  0.000  0.000  0.000 0.0000000000
57264  0.000  0.000  0.000 0.0000000000
57265  0.000  0.000  0.000 0.0000000000
57269  0.000  0.000  0.000 0.0000000000
57270  0.000  0.000  0.000 0.0000000000
57271  0.000  0.000  0.000 0.0000000000
57272  0.000  0.000  0.000 0.0000000000
57273  0.000  0.000  0.000 0.0000000000
57274  0.000  0.000  0.000 0.0000000000
57275  0.000  0.000  0.000 0.0000000000
57279  0.000  0.000  0.000 0.0000000000
57280  0.000  0.000  0.000 0.0000000000
57281  0.000  0.000  0.000 0.0000000000
57282  0.000  0.000  0.000 0.0000000000
57283  0.000  0.000  0.000 0.0000000000
57284  0.000  0.000  0.000 0.0000000000
57285  0.000  0.000  0.000 0.0000000000
57286  0.000  0.000  0.000 0.0000000000
57287  0.000  0.000  0.000 0.0000000000
57291  0.000  0.000  0.000 0.0000000000
57292  0.000  0.000  0.000 0.0000000000
57293  0.000  0.000  0.000 0.0000000000
57294  0.000  0.000  0.000 0.0000000000
57295  0.000  0.000  0.000 0.0000000000
57296  0.000  0.000  0.000 0.0000000000
57297  0.000  0.000  0.000 0.0000000000
57302  0.000  0.000  0.000 0.0000000000
57303  0.000  0.000  0.000 0.0000000000
57304  0.000  0.000  0.000 0.0000000000
57305  0.000  0.000  0.000 0.0000000000
57899  0.000  0.000  0.000 0.0000000000
57900  0.000  0.000  0.000 0.0000000000
57901  0.000  0.000  0.000 0.0000000000
57902  0.000  0.000  0.000 0.0000000000
57903  0.000  0.000  0.000 0.0000000000
57904  0.000  0.000  0.000 0.0000000000
57910  0.000  0.000  0.000 0.0000000000
57911  0.000  0.000  0.000 0.0000000000
57912  0.000  0.000  0.000 0.0000000000
57913  0.000  0.000  0.000 0.0000000000
57914  0.000  0.000  0.000 0.0000000000
57915  0.000  0.000  0.000 0.0000000000
57916  0.000  0.000  0.000 0.0000000000
57917  0.000  0.000  0.000 0.0000000000
57918  0.000  0.000  0.000 0.0000000000
57921  0.000  0.000  0.000 0.0000000000
57922  0.000  0.000  0.000 0.0000000000
57930  0.000  0.000  0.000 0.0000000000
57931  0.000  0.000  0.000 0.0000000000
57937  0.000  0.000  0.000 0.0000000000
57938  0.000  0.000  0.000 0.0000000000
57939  0.000  0.000  0.000 0.0000000000
57940  0.000  0.000  0.000 0.0000000000
57944  0.000  0.000  0.000 0.0000000000
57945  0.000  0.000  0.000 0.0000000000
57946  0.000  0.000  0.000 0.0000000000
57947  0.000  0.000  0.000 0.0000000000
57948  0.000  0.000  0.000 0.0000000000
57954  0.000  0.000  0.000 0.0000000000
57955  0.000  0.000  0.000 0.0000000000
57956  0.000  0.000  0.000 0.0000000000
57957  0.000  0.000  0.000 0.0000000000
57958  0.000  0.000  0.000 0.0000000000
57959  0.000  0.000  0.000 0.0000000000
57960  0.000  0.000  0.000 0.0000000000
57961  0.000  0.000  0.000 0.0000000000
57962  0.000  0.000  0.000 0.0000000000
57969  0.000  0.000  0.000 0.0000000000
57970  0.000  0.000  0.000 0.0000000000
57971  0.000  0.000  0.000 0.0000000000
57972  0.000  0.000  0.000 0.0000000000
57973  0.000  0.000  0.000 0.0000000000
57974  0.000  0.000  0.000 0.0000000000
57975  0.000  0.000  0.000 0.0000000000
57980  0.000  0.000  0.000 0.0000000000
57981  0.000  0.000  0.000 0.0000000000
57982  0.000  0.000  0.000 0.0000000000
57983  0.000  0.000  0.000 0.0000000000
57984  0.000  0.000  0.000 0.0000000000
57988  0.000  0.000  0.000 0.0000000000
57989  0.000  0.000  0.000 0.0000000000
57990  0.000  0.000  0.000 0.0000000000
57991  0.000  0.000  0.000 0.0000000000
58555  0.000  0.000  0.000 0.0000000000
58556  0.000  0.000  0.000 0.0000000000
58557  0.000  0.000  0.000 0.0000000000
58558  0.000  0.000  0.000 0.0000000000
58559  0.000  0.000  0.000 0.0000000000
58560  0.000  0.000  0.000 0.0000000000
58561  0.000  0.000  0.000 0.0000000000
58562  0.000  0.000  0.000 0.0000000000
58563  0.000  0.000  0.000 0.0000000000
58565  0.000  0.000  0.000 0.0000000000
58566  0.000  0.000  0.000 0.0000000000
58567  0.000  0.000  0.000 0.0000000000
58574  0.000  0.000  0.000 0.0000000000
58581  0.000  0.000  0.000 0.0000000000
58582  0.000  0.000  0.000 0.0000000000
58587  0.000  0.000  0.000 0.0000000000
58588  0.000  0.000  0.000 0.0000000000
58589  0.000  0.000  0.000 0.0000000000
58595  0.000  0.000  0.000 0.0000000000
58596  0.000  0.000  0.000 0.0000000000
58597  0.000  0.000  0.000 0.0000000000
58598  0.000  0.000  0.000 0.0000000000
58599  0.000  0.000  0.000 0.0000000000
58600  0.000  0.000  0.000 0.0000000000
58601  0.000  0.000  0.000 0.0000000000
58608  0.000  0.000  0.000 0.0000000000
58609  0.000  0.000  0.000 0.0000000000
58610  0.000  0.000  0.000 0.0000000000
58611  0.000  0.000  0.000 0.0000000000
58612  0.000  0.000  0.000 0.0000000000
58613  0.000  0.000  0.000 0.0000000000
58614  0.000  0.000  0.000 0.0000000000
58615  0.000  0.000  0.000 0.0000000000
58619  0.000  0.000  0.000 0.0000000000
58620  0.000  0.000  0.000 0.0000000000
58621  0.000  0.000  0.000 0.0000000000
58622  0.000  0.000  0.000 0.0000000000
58623  0.000  0.000  0.000 0.0000000000
58624  0.000  0.000  0.000 0.0000000000
58628  0.000  0.000  0.000 0.0000000000
58629  0.000  0.000  0.000 0.0000000000
58630  0.000  0.000  0.000 0.0000000000
58631  0.000  0.000  0.000 0.0000000000
58632  0.000  0.000  0.000 0.0000000000
58636  0.000  0.000  0.000 0.0000000000
58637  0.000  0.000  0.000 0.0000000000
58638  0.000  0.000  0.000 0.0000000000
58639  0.000  0.000  0.000 0.0000000000
59149  0.000  0.000  0.000 0.0000000000
59150  0.000  0.000  0.000 0.0000000000
59151  0.000  0.000  0.000 0.0000000000
59152  0.000  0.000  0.000 0.0000000000
59153  0.000  0.000  0.000 0.0000000000
59154  0.000  0.000  0.000 0.0000000000
59155  0.000  0.000  0.000 0.0000000000
59158  0.000  0.000  0.000 0.0000000000
59159  0.000  0.000  0.000 0.0000000000
59160  0.000  0.000  0.000 0.0000000000
59161  0.000  0.000  0.000 0.0000000000
59162  0.000  0.000  0.000 0.0000000000
59163  0.000  0.000  0.000 0.0000000000
59164  0.000  0.000  0.000 0.0000000000
59165  0.000  0.000  0.000 0.0000000000
59166  0.000  0.000  0.000 0.0000000000
59171  0.000  0.000  0.000 0.0000000000
59172  0.000  0.000  0.000 0.0000000000
59178  0.000  0.000  0.000 0.0000000000
59179  0.000  0.000  0.000 0.0000000000
59180  0.000  0.000  0.000 0.0000000000
59181  0.000  0.000  0.000 0.0000000000
59186  0.000  0.000  0.000 0.0000000000
59187  0.000  0.000  0.000 0.0000000000
59188  0.000  0.000  0.000 0.0000000000
59192  0.000  0.000  0.000 0.0000000000
59193  0.000  0.000  0.000 0.0000000000
59194  0.000  0.000  0.000 0.0000000000
59195  0.000  0.000  0.000 0.0000000000
59196  0.000  0.000  0.000 0.0000000000
59197  0.000  0.000  0.000 0.0000000000
59202  0.000  0.000  0.000 0.0000000000
59203  0.000  0.000  0.000 0.0000000000
59204  0.000  0.000  0.000 0.0000000000
59205  0.000  0.000  0.000 0.0000000000
59206  0.000  0.000  0.000 0.0000000000
59207  0.000  0.000  0.000 0.0000000000
59208  0.000  0.000  0.000 0.0000000000
59209  0.000  0.000  0.000 0.0000000000
59213  0.000  0.000  0.000 0.0000000000
59214  0.000  0.000  0.000 0.0000000000
59215  0.000  0.000  0.000 0.0000000000
59216  0.000  0.000  0.000 0.0000000000
59217  0.000  0.000  0.000 0.0000000000
59218  0.000  0.000  0.000 0.0000000000
59222  0.000  0.000  0.000 0.0000000000
59223  0.000  0.000  0.000 0.0000000000
59224  0.000  0.000  0.000 0.0000000000
59225  0.000  0.000  0.000 0.0000000000
59229  0.000  0.000  0.000 0.0000000000
59230  0.000  0.000  0.000 0.0000000000
59231  0.000  0.000  0.000 0.0000000000
59232  0.000  0.000  0.000 0.0000000000
59233  0.000  0.000  0.000 0.0000000000
59237  0.000  0.000  0.000 0.0000000000
59238  0.000  0.000  0.000 0.0000000000
59763  0.000  0.000  0.000 0.0000000000
59764  0.000  0.000  0.000 0.0000000000
59765  0.000  0.000  0.000 0.0000000000
59766  0.000  0.000  0.000 0.0000000000
59767  0.000  0.000  0.000 0.0000000000
59768  0.000  0.000  0.000 0.0000000000
59769  0.000  0.000  0.000 0.0000000000
59770  0.000  0.000  0.000 0.0000000000
59775  0.000  0.000  0.000 0.0000000000
59776  0.000  0.000  0.000 0.0000000000
59777  0.000  0.000  0.000 0.0000000000
59784  0.000  0.000  0.000 0.0000000000
59785  0.000  0.000  0.000 0.0000000000
59786  0.000  0.000  0.000 0.0000000000
59787  0.000  0.000  0.000 0.0000000000
59790  0.000  0.000  0.000 0.0000000000
59791  0.000  0.000  0.000 0.0000000000
59792  0.000  0.000  0.000 0.0000000000
59793  0.000  0.000  0.000 0.0000000000
59796  0.000  0.000  0.000 0.0000000000
59797  0.000  0.000  0.000 0.0000000000
59798  0.000  0.000  0.000 0.0000000000
59799  0.000  0.000  0.000 0.0000000000
59803  0.000  0.000  0.000 0.0000000000
59804  0.000  0.000  0.000 0.0000000000
59805  0.000  0.000  0.000 0.0000000000
59806  0.000  0.000  0.000 0.0000000000
59807  0.000  0.000  0.000 0.0000000000
59808  0.000  0.000  0.000 0.0000000000
59809  0.000  0.000  0.000 0.0000000000
59810  0.000  0.000  0.000 0.0000000000
59811  0.000  0.000  0.000 0.0000000000
59814  0.000  0.000  0.000 0.0000000000
59815  0.000  0.000  0.000 0.0000000000
59816  0.000  0.000  0.000 0.0000000000
59817  0.000  0.000  0.000 0.0000000000
59818  0.000  0.000  0.000 0.0000000000
59819  0.000  0.000  0.000 0.0000000000
59822  0.000  0.000  0.000 0.0000000000
59823  0.000  0.000  0.000 0.0000000000
59824  0.000  0.000  0.000 0.0000000000
59825  0.000  0.000  0.000 0.0000000000
59828  0.000  0.000  0.000 0.0000000000
59829  0.000  0.000  0.000 0.0000000000
59830  0.000  0.000  0.000 0.0000000000
59831  0.000  0.000  0.000 0.0000000000
59832  0.000  0.000  0.000 0.0000000000
59833  0.000  0.000  0.000 0.0000000000
59837  0.000  0.000  0.000 0.0000000000
59838  0.000  0.000  0.000 0.0000000000
59839  0.000  0.000  0.000 0.0000000000
59840  0.000  0.000  0.000 0.0000000000
59841  0.000  0.000  0.000 0.0000000000
60365  0.000  0.000  0.000 0.0000000000
60366  0.000  0.000  0.000 0.0000000000
60367  0.000  0.000  0.000 0.0000000000
60368  0.000  0.000  0.000 0.0000000000
60369  0.000  0.000  0.000 0.0000000000
60370  0.000  0.000  0.000 0.0000000000
60372  0.000  0.000  0.000 0.0000000000
60373  0.000  0.000  0.000 0.0000000000
60374  0.000  0.000  0.000 0.0000000000
60375  0.000  0.000  0.000 0.0000000000
60376  0.000  0.000  0.000 0.0000000000
60377  0.000  0.000  0.000 0.0000000000
60378  0.000  0.000  0.000 0.0000000000
60379  0.000  0.000  0.000 0.0000000000
60387  0.000  0.000  0.000 0.0000000000
60388  0.000  0.000  0.000 0.0000000000
60392  0.000  0.000  0.000 0.0000000000
60393  0.000  0.000  0.000 0.0000000000
60394  0.000  0.000  0.000 0.0000000000
60397  0.000  0.000  0.000 0.0000000000
60398  0.000  0.000  0.000 0.0000000000
60402  0.000  0.000  0.000 0.0000000000
60403  0.000  0.000  0.000 0.0000000000
60404  0.000  0.000  0.000 0.0000000000
60405  0.000  0.000  0.000 0.0000000000
60406  0.000  0.000  0.000 0.0000000000
60407  0.000  0.000  0.000 0.0000000000
60408  0.000  0.000  0.000 0.0000000000
60411  0.000  0.000  0.000 0.0000000000
60412  0.000  0.000  0.000 0.0000000000
60413  0.000  0.000  0.000 0.0000000000
60414  0.000  0.000  0.000 0.0000000000
60415  0.000  0.000  0.000 0.0000000000
60418  0.000  0.000  0.000 0.0000000000
60419  0.000  0.000  0.000 0.0000000000
60420  0.000  0.000  0.000 0.0000000000
60421  0.000  0.000  0.000 0.0000000000
60425  0.000  0.000  0.000 0.0000000000
60426  0.000  0.000  0.000 0.0000000000
60427  0.000  0.000  0.000 0.0000000000
60428  0.000  0.000  0.000 0.0000000000
60432  0.000  0.000  0.000 0.0000000000
60433  0.000  0.000  0.000 0.0000000000
60434  0.000  0.000  0.000 0.0000000000
60435  0.000  0.000  0.000 0.0000000000
60436  0.000  0.000  0.000 0.0000000000
60437  0.000  0.000  0.000 0.0000000000
60440  0.000  0.000  0.000 0.0000000000
60441  0.000  0.000  0.000 0.0000000000
60442  0.000  0.000  0.000 0.0000000000
60443  0.000  0.000  0.000 0.0000000000
61004  0.000  0.000  0.000 0.0000000000
61005  0.000  0.000  0.000 0.0000000000
61006  0.000  0.000  0.000 0.0000000000
61007  0.000  0.000  0.000 0.0000000000
61008  0.000  0.000  0.000 0.0000000000
61009  0.000  0.000  0.000 0.0000000000
61010  0.000  0.000  0.000 0.0000000000
61018  0.000  0.000  0.000 0.0000000000
61019  0.000  0.000  0.000 0.0000000000
61020  0.000  0.000  0.000 0.0000000000
61025  0.000  0.000  0.000 0.0000000000
61026  0.000  0.000  0.000 0.0000000000
61027  0.000  0.000  0.000 0.0000000000
61028  0.000  0.000  0.000 0.0000000000
61032  0.000  0.000  0.000 0.0000000000
61033  0.000  0.000  0.000 0.0000000000
61034  0.000  0.000  0.000 0.0000000000
61039  0.000  0.000  0.000 0.0000000000
61040  0.000  0.000  0.000 0.0000000000
61041  0.000  0.000  0.000 0.0000000000
61042  0.000  0.000  0.000 0.0000000000
61043  0.000  0.000  0.000 0.0000000000
61044  0.000  0.000  0.000 0.0000000000
61048  0.000  0.000  0.000 0.0000000000
61049  0.000  0.000  0.000 0.0000000000
61050  0.000  0.000  0.000 0.0000000000
61051  0.000  0.000  0.000 0.0000000000
61052  0.000  0.000  0.000 0.0000000000
61053  0.000  0.000  0.000 0.0000000000
61057  0.000  0.000  0.000 0.0000000000
61058  0.000  0.000  0.000 0.0000000000
61059  0.000  0.000  0.000 0.0000000000
61060  0.000  0.000  0.000 0.0000000000
61065  0.000  0.000  0.000 0.0000000000
61066  0.000  0.000  0.000 0.0000000000
61067  0.000  0.000  0.000 0.0000000000
61068  0.000  0.000  0.000 0.0000000000
61072  0.000  0.000  0.000 0.0000000000
61073  0.000  0.000  0.000 0.0000000000
61074  0.000  0.000  0.000 0.0000000000
61075  0.000  0.000  0.000 0.0000000000
61076  0.000  0.000  0.000 0.0000000000
61080  0.000  0.000  0.000 0.0000000000
61081  0.000  0.000  0.000 0.0000000000
61082  0.000  0.000  0.000 0.0000000000
61083  0.000  0.000  0.000 0.0000000000
61084  0.000  0.000  0.000 0.0000000000
61088  0.000  0.000  0.000 0.0000000000
61089  0.000  0.000  0.000 0.0000000000
61090  0.000  0.000  0.000 0.0000000000
61700  0.000  0.000  0.000 0.0000000000
61701  0.000  0.000  0.000 0.0000000000
61702  0.000  0.000  0.000 0.0000000000
61703  0.000  0.000  0.000 0.0000000000
61704  0.000  0.000  0.000 0.0000000000
61705  0.000  0.000  0.000 0.0000000000
61712  0.000  0.000  0.000 0.0000000000
61713  0.000  0.000  0.000 0.0000000000
61714  0.000  0.000  0.000 0.0000000000
61715  0.000  0.000  0.000 0.0000000000
61720  0.000  0.000  0.000 0.0000000000
61721  0.000  0.000  0.000 0.0000000000
61722  0.000  0.000  0.000 0.0000000000
61723  0.000  0.000  0.000 0.0000000000
61726  0.000  0.000  0.000 0.0000000000
61727  0.000  0.000  0.000 0.0000000000
61728  0.000  0.000  0.000 0.0000000000
61732  0.000  0.000  0.000 0.0000000000
61733  0.000  0.000  0.000 0.0000000000
61734  0.000  0.000  0.000 0.0000000000
61735  0.000  0.000  0.000 0.0000000000
61736  0.000  0.000  0.000 0.0000000000
61739  0.000  0.000  0.000 0.0000000000
61740  0.000  0.000  0.000 0.0000000000
61741  0.000  0.000  0.000 0.0000000000
61742  0.000  0.000  0.000 0.0000000000
61743  0.000  0.000  0.000 0.0000000000
61744  0.000  0.000  0.000 0.0000000000
61745  0.000  0.000  0.000 0.0000000000
61746  0.000  0.000  0.000 0.0000000000
61750  0.000  0.000  0.000 0.0000000000
61751  0.000  0.000  0.000 0.0000000000
61752  0.000  0.000  0.000 0.0000000000
61753  0.000  0.000  0.000 0.0000000000
61754  0.000  0.000  0.000 0.0000000000
61758  0.000  0.000  0.000 0.0000000000
61759  0.000  0.000  0.000 0.0000000000
61760  0.000  0.000  0.000 0.0000000000
61761  0.000  0.000  0.000 0.0000000000
61762  0.000  0.000  0.000 0.0000000000
61765  0.000  0.000  0.000 0.0000000000
61766  0.000  0.000  0.000 0.0000000000
61767  0.000  0.000  0.000 0.0000000000
61768  0.000  0.000  0.000 0.0000000000
61771  0.000  0.000  0.000 0.0000000000
61772  0.000  0.000  0.000 0.0000000000
61773  0.000  0.000  0.000 0.0000000000
61774  0.000  0.000  0.000 0.0000000000
61777  0.000  0.000  0.000 0.0000000000
61778  0.000  0.000  0.000 0.0000000000
61779  0.000  0.000  0.000 0.0000000000
61780  0.000  0.000  0.000 0.0000000000
61783  0.000  0.000  0.000 0.0000000000
61784  0.000  0.000  0.000 0.0000000000
62365  0.000  0.000  0.000 0.0000000000
62366  0.000  0.000  0.000 0.0000000000
62367  0.000  0.000  0.000 0.0000000000
62368  0.000  0.000  0.000 0.0000000000
62374  0.000  0.000  0.000 0.0000000000
62375  0.000  0.000  0.000 0.0000000000
62376  0.000  0.000  0.000 0.0000000000
62377  0.000  0.000  0.000 0.0000000000
62378  0.000  0.000  0.000 0.0000000000
62379  0.000  0.000  0.000 0.0000000000
62384  0.000  0.000  0.000 0.0000000000
62385  0.000  0.000  0.000 0.0000000000
62386  0.000  0.000  0.000 0.0000000000
62387  0.000  0.000  0.000 0.0000000000
62388  0.000  0.000  0.000 0.0000000000
62391  0.000  0.000  0.000 0.0000000000
62392  0.000  0.000  0.000 0.0000000000
62393  0.000  0.000  0.000 0.0000000000
62397  0.000  0.000  0.000 0.0000000000
62398  0.000  0.000  0.000 0.0000000000
62401  0.000  0.000  0.000 0.0000000000
62402  0.000  0.000  0.000 0.0000000000
62403  0.000  0.000  0.000 0.0000000000
62404  0.000  0.000  0.000 0.0000000000
62405  0.000  0.000  0.000 0.0000000000
62406  0.000  0.000  0.000 0.0000000000
62410  0.000  0.000  0.000 0.0000000000
62411  0.000  0.000  0.000 0.0000000000
62412  0.000  0.000  0.000 0.0000000000
62413  0.000  0.000  0.000 0.0000000000
62414  0.000  0.000  0.000 0.0000000000
62418  0.000  0.000  0.000 0.0000000000
62419  0.000  0.000  0.000 0.0000000000
62420  0.000  0.000  0.000 0.0000000000
62421  0.000  0.000  0.000 0.0000000000
62426  0.000  0.000  0.000 0.0000000000
62427  0.000  0.000  0.000 0.0000000000
62428  0.000  0.000  0.000 0.0000000000
62429  0.000  0.000  0.000 0.0000000000
62434  0.000  0.000  0.000 0.0000000000
62435  0.000  0.000  0.000 0.0000000000
62436  0.000  0.000  0.000 0.0000000000
62437  0.000  0.000  0.000 0.0000000000
62442  0.000  0.000  0.000 0.0000000000
62443  0.000  0.000  0.000 0.0000000000
62444  0.000  0.000  0.000 0.0000000000
62445  0.000  0.000  0.000 0.0000000000
62446  0.000  0.000  0.000 0.0000000000
62450  0.000  0.000  0.000 0.0000000000
62451  0.000  0.000  0.000 0.0000000000
62452  0.000  0.000  0.000 0.0000000000
63021  0.000  0.000  0.000 0.0000000000
63022  0.000  0.000  0.000 0.0000000000
63023  0.000  0.000  0.000 0.0000000000
63024  0.000  0.000  0.000 0.0000000000
63025  0.000  0.000  0.000 0.0000000000
63031  0.000  0.000  0.000 0.0000000000
63032  0.000  0.000  0.000 0.0000000000
63033  0.000  0.000  0.000 0.0000000000
63034  0.000  0.000  0.000 0.0000000000
63035  0.000  0.000  0.000 0.0000000000
63038  0.000  0.000  0.000 0.0000000000
63039  0.000  0.000  0.000 0.0000000000
63040  0.000  0.000  0.000 0.0000000000
63041  0.000  0.000  0.000 0.0000000000
63042  0.000  0.000  0.000 0.0000000000
63046  0.000  0.000  0.000 0.0000000000
63047  0.000  0.000  0.000 0.0000000000
63048  0.000  0.000  0.000 0.0000000000
63051  0.000  0.000  0.000 0.0000000000
63052  0.000  0.000  0.000 0.0000000000
63053  0.000  0.000  0.000 0.0000000000
63054  0.000  0.000  0.000 0.0000000000
63055  0.000  0.000  0.000 0.0000000000
63059  0.000  0.000  0.000 0.0000000000
63060  0.000  0.000  0.000 0.0000000000
63061  0.000  0.000  0.000 0.0000000000
63062  0.000  0.000  0.000 0.0000000000
63063  0.000  0.000  0.000 0.0000000000
63064  0.000  0.000  0.000 0.0000000000
63065  0.000  0.000  0.000 0.0000000000
63069  0.000  0.000  0.000 0.0000000000
63070  0.000  0.000  0.000 0.0000000000
63071  0.000  0.000  0.000 0.0000000000
63072  0.000  0.000  0.000 0.0000000000
63077  0.000  0.000  0.000 0.0000000000
63078  0.000  0.000  0.000 0.0000000000
63079  0.000  0.000  0.000 0.0000000000
63080  0.000  0.000  0.000 0.0000000000
63085  0.000  0.000  0.000 0.0000000000
63086  0.000  0.000  0.000 0.0000000000
63087  0.000  0.000  0.000 0.0000000000
63088  0.000  0.000  0.000 0.0000000000
63093  0.000  0.000  0.000 0.0000000000
63094  0.000  0.000  0.000 0.0000000000
63095  0.000  0.000  0.000 0.0000000000
63096  0.000  0.000  0.000 0.0000000000
63097  0.000  0.000  0.000 0.0000000000
63101  0.000  0.000  0.000 0.0000000000
63102  0.000  0.000  0.000 0.0000000000
63103  0.000  0.000  0.000 0.0000000000
63104  0.000  0.000  0.000 0.0000000000
63667  0.000  0.000  0.000 0.0000000000
63668  0.000  0.000  0.000 0.0000000000
63669  0.000  0.000  0.000 0.0000000000
63670  0.000  0.000  0.000 0.0000000000
63671  0.000  0.000  0.000 0.0000000000
63679  0.000  0.000  0.000 0.0000000000
63680  0.000  0.000  0.000 0.0000000000
63681  0.000  0.000  0.000 0.0000000000
63685  0.000  0.000  0.000 0.0000000000
63686  0.000  0.000  0.000 0.0000000000
63687  0.000  0.000  0.000 0.0000000000
63688  0.000  0.000  0.000 0.0000000000
63692  0.000  0.000  0.000 0.0000000000
63693  0.000  0.000  0.000 0.0000000000
63694  0.000  0.000  0.000 0.0000000000
63697  0.000  0.000  0.000 0.0000000000
63698  0.000  0.000  0.000 0.0000000000
63699  0.000  0.000  0.000 0.0000000000
63703  0.000  0.000  0.000 0.0000000000
63704  0.000  0.000  0.000 0.0000000000
63705  0.000  0.000  0.000 0.0000000000
63706  0.000  0.000  0.000 0.0000000000
63707  0.000  0.000  0.000 0.0000000000
63708  0.000  0.000  0.000 0.0000000000
63709  0.000  0.000  0.000 0.0000000000
63712  0.000  0.000  0.000 0.0000000000
63713  0.000  0.000  0.000 0.0000000000
63714  0.000  0.000  0.000 0.0000000000
63715  0.000  0.000  0.000 0.0000000000
63716  0.000  0.000  0.000 0.0000000000
63717  0.000  0.000  0.000 0.0000000000
63720  0.000  0.000  0.000 0.0000000000
63721  0.000  0.000  0.000 0.0000000000
63722  0.000  0.000  0.000 0.0000000000
63723  0.000  0.000  0.000 0.0000000000
63724  0.000  0.000  0.000 0.0000000000
63727  0.000  0.000  0.000 0.0000000000
63728  0.000  0.000  0.000 0.0000000000
63729  0.000  0.000  0.000 0.0000000000
63730  0.000  0.000  0.000 0.0000000000
63733  0.000  0.000  0.000 0.0000000000
63734  0.000  0.000  0.000 0.0000000000
63735  0.000  0.000  0.000 0.0000000000
63736  0.000  0.000  0.000 0.0000000000
63739  0.000  0.000  0.000 0.0000000000
63740  0.000  0.000  0.000 0.0000000000
63741  0.000  0.000  0.000 0.0000000000
63742  0.000  0.000  0.000 0.0000000000
63745  0.000  0.000  0.000 0.0000000000
63746  0.000  0.000  0.000 0.0000000000
63747  0.000  0.000  0.000 0.0000000000
64323  0.000  0.000  0.000 0.0000000000
64324  0.000  0.000  0.000 0.0000000000
64325  0.000  0.000  0.000 0.0000000000
64326  0.000  0.000  0.000 0.0000000000
64333  0.000  0.000  0.000 0.0000000000
64334  0.000  0.000  0.000 0.0000000000
64335  0.000  0.000  0.000 0.0000000000
64336  0.000  0.000  0.000 0.0000000000
64337  0.000  0.000  0.000 0.0000000000
64341  0.000  0.000  0.000 0.0000000000
64342  0.000  0.000  0.000 0.0000000000
64343  0.000  0.000  0.000 0.0000000000
64344  0.000  0.000  0.000 0.0000000000
64348  0.000  0.000  0.000 0.0000000000
64349  0.000  0.000  0.000 0.0000000000
64350  0.000  0.000  0.000 0.0000000000
64353  0.000  0.000  0.000 0.0000000000
64354  0.000  0.000  0.000 0.0000000000
64355  0.000  0.000  0.000 0.0000000000
64359  0.000  0.000  0.000 0.0000000000
64360  0.000  0.000  0.000 0.0000000000
64361  0.000  0.000  0.000 0.0000000000
64362  0.000  0.000  0.000 0.0000000000
64365  0.000  0.000  0.000 0.0000000000
64366  0.000  0.000  0.000 0.0000000000
64367  0.000  0.000  0.000 0.0000000000
64368  0.000  0.000  0.000 0.0000000000
64369  0.000  0.000  0.000 0.0000000000
64372  0.000  0.000  0.000 0.0000000000
64373  0.000  0.000  0.000 0.0000000000
64374  0.000  0.000  0.000 0.0000000000
64375  0.000  0.000  0.000 0.0000000000
64378  0.000  0.000  0.000 0.0000000000
64379  0.000  0.000  0.000 0.0000000000
64380  0.000  0.000  0.000 0.0000000000
64381  0.000  0.000  0.000 0.0000000000
64384  0.000  0.000  0.000 0.0000000000
64385  0.000  0.000  0.000 0.0000000000
64386  0.000  0.000  0.000 0.0000000000
64387  0.000  0.000  0.000 0.0000000000
64390  0.000  0.000  0.000 0.0000000000
64391  0.000  0.000  0.000 0.0000000000
64392  0.000  0.000  0.000 0.0000000000
64393  0.000  0.000  0.000 0.0000000000
64396  0.000  0.000  0.000 0.0000000000
64397  0.000  0.000  0.000 0.0000000000
64398  0.000  0.000  0.000 0.0000000000
64399  0.000  0.000  0.000 0.0000000000
64966  0.000  0.000  0.000 0.0000000000
64967  0.000  0.000  0.000 0.0000000000
64974  0.000  0.000  0.000 0.0000000000
64975  0.000  0.000  0.000 0.0000000000
64976  0.000  0.000  0.000 0.0000000000
64977  0.000  0.000  0.000 0.0000000000
64978  0.000  0.000  0.000 0.0000000000
64983  0.000  0.000  0.000 0.0000000000
64984  0.000  0.000  0.000 0.0000000000
64985  0.000  0.000  0.000 0.0000000000
64986  0.000  0.000  0.000 0.0000000000
64990  0.000  0.000  0.000 0.0000000000
64991  0.000  0.000  0.000 0.0000000000
64992  0.000  0.000  0.000 0.0000000000
64995  0.000  0.000  0.000 0.0000000000
64996  0.000  0.000  0.000 0.0000000000
64997  0.000  0.000  0.000 0.0000000000
65001  0.000  0.000  0.000 0.0000000000
65002  0.000  0.000  0.000 0.0000000000
65003  0.000  0.000  0.000 0.0000000000
65004  0.000  0.000  0.000 0.0000000000
65007  0.000  0.000  0.000 0.0000000000
65008  0.000  0.000  0.000 0.0000000000
65009  0.000  0.000  0.000 0.0000000000
65010  0.000  0.000  0.000 0.0000000000
65011  0.000  0.000  0.000 0.0000000000
65012  0.000  0.000  0.000 0.0000000000
65013  0.000  0.000  0.000 0.0000000000
65016  0.000  0.000  0.000 0.0000000000
65017  0.000  0.000  0.000 0.0000000000
65018  0.000  0.000  0.000 0.0000000000
65019  0.000  0.000  0.000 0.0000000000
65023  0.000  0.000  0.000 0.0000000000
65024  0.000  0.000  0.000 0.0000000000
65025  0.000  0.000  0.000 0.0000000000
65026  0.000  0.000  0.000 0.0000000000
65030  0.000  0.000  0.000 0.0000000000
65031  0.000  0.000  0.000 0.0000000000
65032  0.000  0.000  0.000 0.0000000000
65033  0.000  0.000  0.000 0.0000000000
65037  0.000  0.000  0.000 0.0000000000
65038  0.000  0.000  0.000 0.0000000000
65039  0.000  0.000  0.000 0.0000000000
65040  0.000  0.000  0.000 0.0000000000
65041  0.000  0.000  0.000 0.0000000000
65045  0.000  0.000  0.000 0.0000000000
65046  0.000  0.000  0.000 0.0000000000
65047  0.000  0.000  0.000 0.0000000000
65048  0.000  0.000  0.000 0.0000000000
65049  0.000  0.000  0.000 0.0000000000
65659  0.000  0.000  0.000 0.0000000000
65660  0.000  0.000  0.000 0.0000000000
65661  0.000  0.000  0.000 0.0000000000
65662  0.000  0.000  0.000 0.0000000000
65667  0.000  0.000  0.000 0.0000000000
65668  0.000  0.000  0.000 0.0000000000
65669  0.000  0.000  0.000 0.0000000000
65670  0.000  0.000  0.000 0.0000000000
65674  0.000  0.000  0.000 0.0000000000
65675  0.000  0.000  0.000 0.0000000000
65676  0.000  0.000  0.000 0.0000000000
65677  0.000  0.000  0.000 0.0000000000
65680  0.000  0.000  0.000 0.0000000000
65681  0.000  0.000  0.000 0.0000000000
65682  0.000  0.000  0.000 0.0000000000
65686  0.000  0.000  0.000 0.0000000000
65687  0.000  0.000  0.000 0.0000000000
65688  0.000  0.000  0.000 0.0000000000
65689  0.000  0.000  0.000 0.0000000000
65692  0.000  0.000  0.000 0.0000000000
65693  0.000  0.000  0.000 0.0000000000
65694  0.000  0.000  0.000 0.0000000000
65695  0.000  0.000  0.000 0.0000000000
65696  0.000  0.000  0.000 0.0000000000
65697  0.000  0.000  0.000 0.0000000000
65698  0.000  0.000  0.000 0.0000000000
65703  0.000  0.000  0.000 0.0000000000
65704  0.000  0.000  0.000 0.0000000000
65705  0.000  0.000  0.000 0.0000000000
65706  0.000  0.000  0.000 0.0000000000
65707  0.000  0.000  0.000 0.0000000000
65708  0.000  0.000  0.000 0.0000000000
65713  0.000  0.000  0.000 0.0000000000
65714  0.000  0.000  0.000 0.0000000000
65715  0.000  0.000  0.000 0.0000000000
65716  0.000  0.000  0.000 0.0000000000
65720  0.000  0.000  0.000 0.0000000000
65721  0.000  0.000  0.000 0.0000000000
65722  0.000  0.000  0.000 0.0000000000
65723  0.000  0.000  0.000 0.0000000000
65727  0.000  0.000  0.000 0.0000000000
65728  0.000  0.000  0.000 0.0000000000
65729  0.000  0.000  0.000 0.0000000000
65730  0.000  0.000  0.000 0.0000000000
65734  0.000  0.000  0.000 0.0000000000
65735  0.000  0.000  0.000 0.0000000000
65736  0.000  0.000  0.000 0.0000000000
65737  0.000  0.000  0.000 0.0000000000
65741  0.000  0.000  0.000 0.0000000000
65742  0.000  0.000  0.000 0.0000000000
66344  0.000  0.000  0.000 0.0000000000
66345  0.000  0.000  0.000 0.0000000000
66346  0.000  0.000  0.000 0.0000000000
66352  0.000  0.000  0.000 0.0000000000
66353  0.000  0.000  0.000 0.0000000000
66357  0.000  0.000  0.000 0.0000000000
66358  0.000  0.000  0.000 0.0000000000
66359  0.000  0.000  0.000 0.0000000000
66363  0.000  0.000  0.000 0.0000000000
66364  0.000  0.000  0.000 0.0000000000
66365  0.000  0.000  0.000 0.0000000000
66369  0.000  0.000  0.000 0.0000000000
66370  0.000  0.000  0.000 0.0000000000
66371  0.000  0.000  0.000 0.0000000000
66372  0.000  0.000  0.000 0.0000000000
66375  0.000  0.000  0.000 0.0000000000
66376  0.000  0.000  0.000 0.0000000000
66377  0.000  0.000  0.000 0.0000000000
66378  0.000  0.000  0.000 0.0000000000
66379  0.000  0.000  0.000 0.0000000000
66384  0.000  0.000  0.000 0.0000000000
66385  0.000  0.000  0.000 0.0000000000
66386  0.000  0.000  0.000 0.0000000000
66387  0.000  0.000  0.000 0.0000000000
66388  0.000  0.000  0.000 0.0000000000
66389  0.000  0.000  0.000 0.0000000000
66393  0.000  0.000  0.000 0.0000000000
66394  0.000  0.000  0.000 0.0000000000
66395  0.000  0.000  0.000 0.0000000000
66396  0.000  0.000  0.000 0.0000000000
66400  0.000  0.000  0.000 0.0000000000
66401  0.000  0.000  0.000 0.0000000000
66402  0.000  0.000  0.000 0.0000000000
66403  0.000  0.000  0.000 0.0000000000
66407  0.000  0.000  0.000 0.0000000000
66408  0.000  0.000  0.000 0.0000000000
66409  0.000  0.000  0.000 0.0000000000
66410  0.000  0.000  0.000 0.0000000000
66414  0.000  0.000  0.000 0.0000000000
66415  0.000  0.000  0.000 0.0000000000
66416  0.000  0.000  0.000 0.0000000000
66417  0.000  0.000  0.000 0.0000000000
66418  0.000  0.000  0.000 0.0000000000
66422  0.000  0.000  0.000 0.0000000000
66423  0.000  0.000  0.000 0.0000000000
66424  0.000  0.000  0.000 0.0000000000
67004  0.000  0.000  0.000 0.0000000000
67005  0.000  0.000  0.000 0.0000000000
67006  0.000  0.000  0.000 0.0000000000
67013  0.000  0.000  0.000 0.0000000000
67014  0.000  0.000  0.000 0.0000000000
67019  0.000  0.000  0.000 0.0000000000
67024  0.000  0.000  0.000 0.0000000000
67025  0.000  0.000  0.000 0.0000000000
67026  0.000  0.000  0.000 0.0000000000
67031  0.000  0.000  0.000 0.0000000000
67032  0.000  0.000  0.000 0.0000000000
67033  0.000  0.000  0.000 0.0000000000
67034  0.000  0.000  0.000 0.0000000000
67038  0.000  0.000  0.000 0.0000000000
67039  0.000  0.000  0.000 0.0000000000
67040  0.000  0.000  0.000 0.0000000000
67041  0.000  0.000  0.000 0.0000000000
67046  0.000  0.000  0.000 0.0000000000
67047  0.000  0.000  0.000 0.0000000000
67048  0.000  0.000  0.000 0.0000000000
67049  0.000  0.000  0.000 0.0000000000
67050  0.000  0.000  0.000 0.0000000000
67051  0.000  0.000  0.000 0.0000000000
67052  0.000  0.000  0.000 0.0000000000
67056  0.000  0.000  0.000 0.0000000000
67057  0.000  0.000  0.000 0.0000000000
67058  0.000  0.000  0.000 0.0000000000
67059  0.000  0.000  0.000 0.0000000000
67060  0.000  0.000  0.000 0.0000000000
67064  0.000  0.000  0.000 0.0000000000
67065  0.000  0.000  0.000 0.0000000000
67066  0.000  0.000  0.000 0.0000000000
67067  0.000  0.000  0.000 0.0000000000
67071  0.000  0.000  0.000 0.0000000000
67072  0.000  0.000  0.000 0.0000000000
67073  0.000  0.000  0.000 0.0000000000
67074  0.000  0.000  0.000 0.0000000000
67079  0.000  0.000  0.000 0.0000000000
67080  0.000  0.000  0.000 0.0000000000
67081  0.000  0.000  0.000 0.0000000000
67082  0.000  0.000  0.000 0.0000000000
67087  0.000  0.000  0.000 0.0000000000
67088  0.000  0.000  0.000 0.0000000000
67089  0.000  0.000  0.000 0.0000000000
67705  0.000  0.000  0.000 0.0000000000
67706  0.000  0.000  0.000 0.0000000000
67707  0.000  0.000  0.000 0.0000000000
67714  0.000  0.000  0.000 0.0000000000
67715  0.000  0.000  0.000 0.0000000000
67721  0.000  0.000  0.000 0.0000000000
67722  0.000  0.000  0.000 0.0000000000
67728  0.000  0.000  0.000 0.0000000000
67732  0.000  0.000  0.000 0.0000000000
67733  0.000  0.000  0.000 0.0000000000
67734  0.000  0.000  0.000 0.0000000000
67735  0.000  0.000  0.000 0.0000000000
67739  0.000  0.000  0.000 0.0000000000
67740  0.000  0.000  0.000 0.0000000000
67741  0.000  0.000  0.000 0.0000000000
67745  0.000  0.000  0.000 0.0000000000
67746  0.000  0.000  0.000 0.0000000000
67747  0.000  0.000  0.000 0.0000000000
67748  0.000  0.000  0.000 0.0000000000
67749  0.000  0.000  0.000 0.0000000000
67752  0.000  0.000  0.000 0.0000000000
67753  0.000  0.000  0.000 0.0000000000
67754  0.000  0.000  0.000 0.0000000000
67755  0.000  0.000  0.000 0.0000000000
67756  0.000  0.000  0.000 0.0000000000
67757  0.000  0.000  0.000 0.0000000000
67761  0.000  0.000  0.000 0.0000000000
67762  0.000  0.000  0.000 0.0000000000
67763  0.000  0.000  0.000 0.0000000000
67764  0.000  0.000  0.000 0.0000000000
67765  0.000  0.000  0.000 0.0000000000
67769  0.000  0.000  0.000 0.0000000000
67770  0.000  0.000  0.000 0.0000000000
67771  0.000  0.000  0.000 0.0000000000
67772  0.000  0.000  0.000 0.0000000000
67776  0.000  0.000  0.000 0.0000000000
67777  0.000  0.000  0.000 0.0000000000
67778  0.000  0.000  0.000 0.0000000000
67779  0.000  0.000  0.000 0.0000000000
67780  0.000  0.000  0.000 0.0000000000
67783  0.000  0.000  0.000 0.0000000000
67784  0.000  0.000  0.000 0.0000000000
67785  0.000  0.000  0.000 0.0000000000
67786  0.000  0.000  0.000 0.0000000000
68365  0.000  0.000  0.000 0.0000000000
68366  0.000  0.000  0.000 0.0000000000
68367  0.000  0.000  0.000 0.0000000000
68374  0.000  0.000  0.000 0.0000000000
68381  0.000  0.000  0.000 0.0000000000
68382  0.000  0.000  0.000 0.0000000000
68389  0.000  0.000  0.000 0.0000000000
68390  0.000  0.000  0.000 0.0000000000
68395  0.000  0.000  0.000 0.0000000000
68398  0.000  0.000  0.000 0.0000000000
68403  0.000  0.000  0.000 0.0000000000
68404  0.000  0.000  0.000 0.0000000000
68405  0.000  0.000  0.000 0.0000000000
68409  0.000  0.000  0.000 0.0000000000
68410  0.000  0.000  0.000 0.0000000000
68411  0.000  0.000  0.000 0.0000000000
68412  0.000  0.000  0.000 0.0000000000
68413  0.000  0.000  0.000 0.0000000000
68418  0.000  0.000  0.000 0.0000000000
68419  0.000  0.000  0.000 0.0000000000
68420  0.000  0.000  0.000 0.0000000000
68421  0.000  0.000  0.000 0.0000000000
68422  0.000  0.000  0.000 0.0000000000
68423  0.000  0.000  0.000 0.0000000000
68428  0.000  0.000  0.000 0.0000000000
68429  0.000  0.000  0.000 0.0000000000
68430  0.000  0.000  0.000 0.0000000000
68431  0.000  0.000  0.000 0.0000000000
68435  0.000  0.000  0.000 0.0000000000
68436  0.000  0.000  0.000 0.0000000000
68437  0.000  0.000  0.000 0.0000000000
68438  0.000  0.000  0.000 0.0000000000
68439  0.000  0.000  0.000 0.0000000000
68443  0.000  0.000  0.000 0.0000000000
68444  0.000  0.000  0.000 0.0000000000
68445  0.000  0.000  0.000 0.0000000000
68446  0.000  0.000  0.000 0.0000000000
68451  0.000  0.000  0.000 0.0000000000
68452  0.000  0.000  0.000 0.0000000000
68453  0.000  0.000  0.000 0.0000000000
69026  0.000  0.000  0.000 0.0000000000
69034  0.000  0.000  0.000 0.0000000000
69040  0.000  0.000  0.000 0.0000000000
69045  0.000  0.000  0.000 0.0000000000
69046  0.000  0.000  0.000 0.0000000000
69050  0.000  0.000  0.000 0.0000000000
69053  0.000  0.000  0.000 0.0000000000
69054  0.000  0.000  0.000 0.0000000000
69058  0.000  0.000  0.000 0.0000000000
69060  0.000  0.000  0.000 0.0000000000
69064  0.000  0.000  0.000 0.0000000000
69065  0.000  0.000  0.000 0.0000000000
69066  0.000  0.000  0.000 0.0000000000
69070  0.000  0.000  0.000 0.0000000000
69071  0.000  0.000  0.000 0.0000000000
69072  0.000  0.000  0.000 0.0000000000
69073  0.000  0.000  0.000 0.0000000000
69074  0.000  0.000  0.000 0.0000000000
69075  0.000  0.000  0.000 0.0000000000
69078  0.000  0.000  0.000 0.0000000000
69079  0.000  0.000  0.000 0.0000000000
69080  0.000  0.000  0.000 0.0000000000
69081  0.000  0.000  0.000 0.0000000000
69085  0.000  0.000  0.000 0.0000000000
69086  0.000  0.000  0.000 0.0000000000
69087  0.000  0.000  0.000 0.0000000000
69088  0.000  0.000  0.000 0.0000000000
69089  0.000  0.000  0.000 0.0000000000
69093  0.000  0.000  0.000 0.0000000000
69094  0.000  0.000  0.000 0.0000000000
69095  0.000  0.000  0.000 0.0000000000
69096  0.000  0.000  0.000 0.0000000000
69100  0.000  0.000  0.000 0.0000000000
69101  0.000  0.000  0.000 0.0000000000
69102  0.000  0.000  0.000 0.0000000000
69103  0.000  0.000  0.000 0.0000000000
69704  0.000  0.000  0.000 0.0000000000
69705  0.000  0.000  0.000 0.0000000000
69710  0.000  0.000  0.000 0.0000000000
69712  0.000  0.000  0.000 0.0000000000
69717  0.000  0.000  0.000 0.0000000000
69718  0.000  0.000  0.000 0.0000000000
69722  0.000  0.000  0.000 0.0000000000
69723  0.000  0.000  0.000 0.0000000000
69724  0.000  0.000  0.000 0.0000000000
69725  0.000  0.000  0.000 0.0000000000
69726  0.000  0.000  0.000 0.0000000000
69731  0.000  0.000  0.000 0.0000000000
69732  0.000  0.000  0.000 0.0000000000
69733  0.000  0.000  0.000 0.0000000000
69734  0.000  0.000  0.000 0.0000000000
69739  0.000  0.000  0.000 0.0000000000
69740  0.000  0.000  0.000 0.0000000000
69741  0.000  0.000  0.000 0.0000000000
69742  0.000  0.000  0.000 0.0000000000
69746  0.000  0.000  0.000 0.0000000000
69747  0.000  0.000  0.000 0.0000000000
69748  0.000  0.000  0.000 0.0000000000
69749  0.000  0.000  0.000 0.0000000000
69754  0.000  0.000  0.000 0.0000000000
69755  0.000  0.000  0.000 0.0000000000
69756  0.000  0.000  0.000 0.0000000000
69757  0.000  0.000  0.000 0.0000000000
70316  0.000  0.000  0.000 0.0000000000
70317  0.000  0.000  0.000 0.0000000000
70321  0.000  0.000  0.000 0.0000000000
70324  0.000  0.000  0.000 0.0000000000
70325  0.000  0.000  0.000 0.0000000000
70329  0.000  0.000  0.000 0.0000000000
70331  0.000  0.000  0.000 0.0000000000
70332  0.000  0.000  0.000 0.0000000000
70336  0.000  0.000  0.000 0.0000000000
70337  0.000  0.000  0.000 0.0000000000
70338  0.000  0.000  0.000 0.0000000000
70339  0.000  0.000  0.000 0.0000000000
70340  0.000  0.000  0.000 0.0000000000
70344  0.000  0.000  0.000 0.0000000000
70345  0.000  0.000  0.000 0.0000000000
70346  0.000  0.000  0.000 0.0000000000
70347  0.000  0.000  0.000 0.0000000000
70348  0.000  0.000  0.000 0.0000000000
70352  0.000  0.000  0.000 0.0000000000
70353  0.000  0.000  0.000 0.0000000000
70354  0.000  0.000  0.000 0.0000000000
70355  0.000  0.000  0.000 0.0000000000
70356  0.000  0.000  0.000 0.0000000000
70360  0.000  0.000  0.000 0.0000000000
70361  0.000  0.000  0.000 0.0000000000
70362  0.000  0.000  0.000 0.0000000000
70366  0.000  0.000  0.000 0.0000000000
70367  0.000  0.000  0.000 0.0000000000
70368  0.000  0.000  0.000 0.0000000000
70918  0.000  0.000  0.000 0.0000000000
70921  0.000  0.000  0.000 0.0000000000
70926  0.000  0.000  0.000 0.0000000000
70927  0.000  0.000  0.000 0.0000000000
70928  0.000  0.000  0.000 0.0000000000
70929  0.000  0.000  0.000 0.0000000000
70930  0.000  0.000  0.000 0.0000000000
70935  0.000  0.000  0.000 0.0000000000
70936  0.000  0.000  0.000 0.0000000000
70937  0.000  0.000  0.000 0.0000000000
70938  0.000  0.000  0.000 0.0000000000
70943  0.000  0.000  0.000 0.0000000000
70944  0.000  0.000  0.000 0.0000000000
70945  0.000  0.000  0.000 0.0000000000
70946  0.000  0.000  0.000 0.0000000000
70947  0.000  0.000  0.000 0.0000000000
70952  0.000  0.000  0.000 0.0000000000
70953  0.000  0.000  0.000 0.0000000000
70954  0.000  0.000  0.000 0.0000000000
70955  0.000  0.000  0.000 0.0000000000
70956  0.000  0.000  0.000 0.0000000000
70961  0.000  0.000  0.000 0.0000000000
70962  0.000  0.000  0.000 0.0000000000
70963  0.000  0.000  0.000 0.0000000000
71554  0.000  0.000  0.000 0.0000000000
71555  0.000  0.000  0.000 0.0000000000
71556  0.000  0.000  0.000 0.0000000000
71560  0.000  0.000  0.000 0.0000000000
71561  0.000  0.000  0.000 0.0000000000
71562  0.000  0.000  0.000 0.0000000000
71563  0.000  0.000  0.000 0.0000000000
71567  0.000  0.000  0.000 0.0000000000
71568  0.000  0.000  0.000 0.0000000000
71569  0.000  0.000  0.000 0.0000000000
71570  0.000  0.000  0.000 0.0000000000
71571  0.000  0.000  0.000 0.0000000000
71575  0.000  0.000  0.000 0.0000000000
71576  0.000  0.000  0.000 0.0000000000
71577  0.000  0.000  0.000 0.0000000000
71578  0.000  0.000  0.000 0.0000000000
72178  0.000  0.000  0.000 0.0000000000
72179  0.000  0.000  0.000 0.0000000000
72180  0.000  0.000  0.000 0.0000000000
72181  0.000  0.000  0.000 0.0000000000
72185  0.000  0.000  0.000 0.0000000000
72186  0.000  0.000  0.000 0.0000000000
72187  0.000  0.000  0.000 0.0000000000
72188  0.000  0.000  0.000 0.0000000000
72192  0.000  0.000  0.000 0.0000000000
72193  0.000  0.000  0.000 0.0000000000
