#!ascii label  , from subject Woofsurfer vox2ras=TkReg coords=white
1002
53674  0.000  0.000  0.000 0.0000000000
53675  0.000  0.000  0.000 0.0000000000
53676  0.000  0.000  0.000 0.0000000000
53686  0.000  0.000  0.000 0.0000000000
53687  0.000  0.000  0.000 0.0000000000
53688  0.000  0.000  0.000 0.0000000000
53699  0.000  0.000  0.000 0.0000000000
53700  0.000  0.000  0.000 0.0000000000
53714  0.000  0.000  0.000 0.0000000000
54354  0.000  0.000  0.000 0.0000000000
54355  0.000  0.000  0.000 0.0000000000
54356  0.000  0.000  0.000 0.0000000000
54357  0.000  0.000  0.000 0.0000000000
54364  0.000  0.000  0.000 0.0000000000
54365  0.000  0.000  0.000 0.0000000000
54366  0.000  0.000  0.000 0.0000000000
54367  0.000  0.000  0.000 0.0000000000
54368  0.000  0.000  0.000 0.0000000000
54375  0.000  0.000  0.000 0.0000000000
54376  0.000  0.000  0.000 0.0000000000
54377  0.000  0.000  0.000 0.0000000000
54378  0.000  0.000  0.000 0.0000000000
54379  0.000  0.000  0.000 0.0000000000
54386  0.000  0.000  0.000 0.0000000000
54387  0.000  0.000  0.000 0.0000000000
54388  0.000  0.000  0.000 0.0000000000
54389  0.000  0.000  0.000 0.0000000000
54390  0.000  0.000  0.000 0.0000000000
54402  0.000  0.000  0.000 0.0000000000
54403  0.000  0.000  0.000 0.0000000000
54404  0.000  0.000  0.000 0.0000000000
54405  0.000  0.000  0.000 0.0000000000
54406  0.000  0.000  0.000 0.0000000000
54407  0.000  0.000  0.000 0.0000000000
54416  0.000  0.000  0.000 0.0000000000
54417  0.000  0.000  0.000 0.0000000000
54418  0.000  0.000  0.000 0.0000000000
54419  0.000  0.000  0.000 0.0000000000
54420  0.000  0.000  0.000 0.0000000000
55029  0.000  0.000  0.000 0.0000000000
55030  0.000  0.000  0.000 0.0000000000
55039  0.000  0.000  0.000 0.0000000000
55040  0.000  0.000  0.000 0.0000000000
55041  0.000  0.000  0.000 0.0000000000
55048  0.000  0.000  0.000 0.0000000000
55049  0.000  0.000  0.000 0.0000000000
55050  0.000  0.000  0.000 0.0000000000
55057  0.000  0.000  0.000 0.0000000000
55058  0.000  0.000  0.000 0.0000000000
55059  0.000  0.000  0.000 0.0000000000
55068  0.000  0.000  0.000 0.0000000000
55069  0.000  0.000  0.000 0.0000000000
55070  0.000  0.000  0.000 0.0000000000
55071  0.000  0.000  0.000 0.0000000000
55081  0.000  0.000  0.000 0.0000000000
55082  0.000  0.000  0.000 0.0000000000
55083  0.000  0.000  0.000 0.0000000000
55084  0.000  0.000  0.000 0.0000000000
55085  0.000  0.000  0.000 0.0000000000
55086  0.000  0.000  0.000 0.0000000000
55087  0.000  0.000  0.000 0.0000000000
55093  0.000  0.000  0.000 0.0000000000
55094  0.000  0.000  0.000 0.0000000000
55095  0.000  0.000  0.000 0.0000000000
55096  0.000  0.000  0.000 0.0000000000
55097  0.000  0.000  0.000 0.0000000000
55694  0.000  0.000  0.000 0.0000000000
55702  0.000  0.000  0.000 0.0000000000
55703  0.000  0.000  0.000 0.0000000000
55711  0.000  0.000  0.000 0.0000000000
55712  0.000  0.000  0.000 0.0000000000
55713  0.000  0.000  0.000 0.0000000000
55720  0.000  0.000  0.000 0.0000000000
55721  0.000  0.000  0.000 0.0000000000
55722  0.000  0.000  0.000 0.0000000000
55729  0.000  0.000  0.000 0.0000000000
55730  0.000  0.000  0.000 0.0000000000
55731  0.000  0.000  0.000 0.0000000000
55738  0.000  0.000  0.000 0.0000000000
55739  0.000  0.000  0.000 0.0000000000
55740  0.000  0.000  0.000 0.0000000000
55747  0.000  0.000  0.000 0.0000000000
55748  0.000  0.000  0.000 0.0000000000
55749  0.000  0.000  0.000 0.0000000000
55750  0.000  0.000  0.000 0.0000000000
55751  0.000  0.000  0.000 0.0000000000
55752  0.000  0.000  0.000 0.0000000000
55757  0.000  0.000  0.000 0.0000000000
55758  0.000  0.000  0.000 0.0000000000
55759  0.000  0.000  0.000 0.0000000000
55760  0.000  0.000  0.000 0.0000000000
55761  0.000  0.000  0.000 0.0000000000
55762  0.000  0.000  0.000 0.0000000000
55763  0.000  0.000  0.000 0.0000000000
56319  0.000  0.000  0.000 0.0000000000
56320  0.000  0.000  0.000 0.0000000000
56328  0.000  0.000  0.000 0.0000000000
56329  0.000  0.000  0.000 0.0000000000
56330  0.000  0.000  0.000 0.0000000000
56337  0.000  0.000  0.000 0.0000000000
56338  0.000  0.000  0.000 0.0000000000
56339  0.000  0.000  0.000 0.0000000000
56347  0.000  0.000  0.000 0.0000000000
56348  0.000  0.000  0.000 0.0000000000
56349  0.000  0.000  0.000 0.0000000000
56356  0.000  0.000  0.000 0.0000000000
56357  0.000  0.000  0.000 0.0000000000
56358  0.000  0.000  0.000 0.0000000000
56364  0.000  0.000  0.000 0.0000000000
56365  0.000  0.000  0.000 0.0000000000
56366  0.000  0.000  0.000 0.0000000000
56375  0.000  0.000  0.000 0.0000000000
56376  0.000  0.000  0.000 0.0000000000
56377  0.000  0.000  0.000 0.0000000000
56378  0.000  0.000  0.000 0.0000000000
56386  0.000  0.000  0.000 0.0000000000
56387  0.000  0.000  0.000 0.0000000000
56388  0.000  0.000  0.000 0.0000000000
56389  0.000  0.000  0.000 0.0000000000
56390  0.000  0.000  0.000 0.0000000000
56391  0.000  0.000  0.000 0.0000000000
56392  0.000  0.000  0.000 0.0000000000
56397  0.000  0.000  0.000 0.0000000000
56398  0.000  0.000  0.000 0.0000000000
56399  0.000  0.000  0.000 0.0000000000
56400  0.000  0.000  0.000 0.0000000000
56401  0.000  0.000  0.000 0.0000000000
56402  0.000  0.000  0.000 0.0000000000
56403  0.000  0.000  0.000 0.0000000000
56404  0.000  0.000  0.000 0.0000000000
56410  0.000  0.000  0.000 0.0000000000
56411  0.000  0.000  0.000 0.0000000000
56934  0.000  0.000  0.000 0.0000000000
56935  0.000  0.000  0.000 0.0000000000
56942  0.000  0.000  0.000 0.0000000000
56943  0.000  0.000  0.000 0.0000000000
56950  0.000  0.000  0.000 0.0000000000
56951  0.000  0.000  0.000 0.0000000000
56958  0.000  0.000  0.000 0.0000000000
56959  0.000  0.000  0.000 0.0000000000
56960  0.000  0.000  0.000 0.0000000000
56966  0.000  0.000  0.000 0.0000000000
56967  0.000  0.000  0.000 0.0000000000
56968  0.000  0.000  0.000 0.0000000000
56977  0.000  0.000  0.000 0.0000000000
56978  0.000  0.000  0.000 0.0000000000
56979  0.000  0.000  0.000 0.0000000000
56987  0.000  0.000  0.000 0.0000000000
56988  0.000  0.000  0.000 0.0000000000
56989  0.000  0.000  0.000 0.0000000000
56990  0.000  0.000  0.000 0.0000000000
56991  0.000  0.000  0.000 0.0000000000
56999  0.000  0.000  0.000 0.0000000000
57000  0.000  0.000  0.000 0.0000000000
57001  0.000  0.000  0.000 0.0000000000
57002  0.000  0.000  0.000 0.0000000000
57003  0.000  0.000  0.000 0.0000000000
57004  0.000  0.000  0.000 0.0000000000
57005  0.000  0.000  0.000 0.0000000000
57011  0.000  0.000  0.000 0.0000000000
57012  0.000  0.000  0.000 0.0000000000
57013  0.000  0.000  0.000 0.0000000000
57014  0.000  0.000  0.000 0.0000000000
57015  0.000  0.000  0.000 0.0000000000
57016  0.000  0.000  0.000 0.0000000000
57017  0.000  0.000  0.000 0.0000000000
57018  0.000  0.000  0.000 0.0000000000
57019  0.000  0.000  0.000 0.0000000000
57025  0.000  0.000  0.000 0.0000000000
57026  0.000  0.000  0.000 0.0000000000
57027  0.000  0.000  0.000 0.0000000000
57028  0.000  0.000  0.000 0.0000000000
57615  0.000  0.000  0.000 0.0000000000
57623  0.000  0.000  0.000 0.0000000000
57624  0.000  0.000  0.000 0.0000000000
57631  0.000  0.000  0.000 0.0000000000
57632  0.000  0.000  0.000 0.0000000000
57639  0.000  0.000  0.000 0.0000000000
57640  0.000  0.000  0.000 0.0000000000
57647  0.000  0.000  0.000 0.0000000000
57648  0.000  0.000  0.000 0.0000000000
57649  0.000  0.000  0.000 0.0000000000
57657  0.000  0.000  0.000 0.0000000000
57658  0.000  0.000  0.000 0.0000000000
57659  0.000  0.000  0.000 0.0000000000
57660  0.000  0.000  0.000 0.0000000000
57667  0.000  0.000  0.000 0.0000000000
57668  0.000  0.000  0.000 0.0000000000
57669  0.000  0.000  0.000 0.0000000000
57670  0.000  0.000  0.000 0.0000000000
57671  0.000  0.000  0.000 0.0000000000
57679  0.000  0.000  0.000 0.0000000000
57680  0.000  0.000  0.000 0.0000000000
57681  0.000  0.000  0.000 0.0000000000
57682  0.000  0.000  0.000 0.0000000000
57683  0.000  0.000  0.000 0.0000000000
57690  0.000  0.000  0.000 0.0000000000
57691  0.000  0.000  0.000 0.0000000000
57692  0.000  0.000  0.000 0.0000000000
57693  0.000  0.000  0.000 0.0000000000
57694  0.000  0.000  0.000 0.0000000000
57695  0.000  0.000  0.000 0.0000000000
57696  0.000  0.000  0.000 0.0000000000
57701  0.000  0.000  0.000 0.0000000000
57702  0.000  0.000  0.000 0.0000000000
57703  0.000  0.000  0.000 0.0000000000
57704  0.000  0.000  0.000 0.0000000000
57705  0.000  0.000  0.000 0.0000000000
58290  0.000  0.000  0.000 0.0000000000
58298  0.000  0.000  0.000 0.0000000000
58305  0.000  0.000  0.000 0.0000000000
58306  0.000  0.000  0.000 0.0000000000
58313  0.000  0.000  0.000 0.0000000000
58320  0.000  0.000  0.000 0.0000000000
58321  0.000  0.000  0.000 0.0000000000
58327  0.000  0.000  0.000 0.0000000000
58328  0.000  0.000  0.000 0.0000000000
58329  0.000  0.000  0.000 0.0000000000
58334  0.000  0.000  0.000 0.0000000000
58335  0.000  0.000  0.000 0.0000000000
58336  0.000  0.000  0.000 0.0000000000
58337  0.000  0.000  0.000 0.0000000000
58338  0.000  0.000  0.000 0.0000000000
58342  0.000  0.000  0.000 0.0000000000
58343  0.000  0.000  0.000 0.0000000000
58344  0.000  0.000  0.000 0.0000000000
58345  0.000  0.000  0.000 0.0000000000
58346  0.000  0.000  0.000 0.0000000000
58353  0.000  0.000  0.000 0.0000000000
58354  0.000  0.000  0.000 0.0000000000
58355  0.000  0.000  0.000 0.0000000000
58356  0.000  0.000  0.000 0.0000000000
58357  0.000  0.000  0.000 0.0000000000
58358  0.000  0.000  0.000 0.0000000000
58359  0.000  0.000  0.000 0.0000000000
58364  0.000  0.000  0.000 0.0000000000
58365  0.000  0.000  0.000 0.0000000000
58366  0.000  0.000  0.000 0.0000000000
58367  0.000  0.000  0.000 0.0000000000
58368  0.000  0.000  0.000 0.0000000000
58369  0.000  0.000  0.000 0.0000000000
58902  0.000  0.000  0.000 0.0000000000
58903  0.000  0.000  0.000 0.0000000000
58910  0.000  0.000  0.000 0.0000000000
58911  0.000  0.000  0.000 0.0000000000
58918  0.000  0.000  0.000 0.0000000000
58919  0.000  0.000  0.000 0.0000000000
58924  0.000  0.000  0.000 0.0000000000
58925  0.000  0.000  0.000 0.0000000000
58926  0.000  0.000  0.000 0.0000000000
58930  0.000  0.000  0.000 0.0000000000
58931  0.000  0.000  0.000 0.0000000000
58932  0.000  0.000  0.000 0.0000000000
58933  0.000  0.000  0.000 0.0000000000
58938  0.000  0.000  0.000 0.0000000000
58939  0.000  0.000  0.000 0.0000000000
58940  0.000  0.000  0.000 0.0000000000
58941  0.000  0.000  0.000 0.0000000000
58942  0.000  0.000  0.000 0.0000000000
58947  0.000  0.000  0.000 0.0000000000
58948  0.000  0.000  0.000 0.0000000000
58949  0.000  0.000  0.000 0.0000000000
58950  0.000  0.000  0.000 0.0000000000
58956  0.000  0.000  0.000 0.0000000000
58957  0.000  0.000  0.000 0.0000000000
58958  0.000  0.000  0.000 0.0000000000
58959  0.000  0.000  0.000 0.0000000000
58960  0.000  0.000  0.000 0.0000000000
58961  0.000  0.000  0.000 0.0000000000
58962  0.000  0.000  0.000 0.0000000000
58963  0.000  0.000  0.000 0.0000000000
58969  0.000  0.000  0.000 0.0000000000
58970  0.000  0.000  0.000 0.0000000000
58971  0.000  0.000  0.000 0.0000000000
58972  0.000  0.000  0.000 0.0000000000
58973  0.000  0.000  0.000 0.0000000000
58974  0.000  0.000  0.000 0.0000000000
59442  0.000  0.000  0.000 0.0000000000
59443  0.000  0.000  0.000 0.0000000000
59445  0.000  0.000  0.000 0.0000000000
59446  0.000  0.000  0.000 0.0000000000
59449  0.000  0.000  0.000 0.0000000000
59450  0.000  0.000  0.000 0.0000000000
59453  0.000  0.000  0.000 0.0000000000
59455  0.000  0.000  0.000 0.0000000000
59456  0.000  0.000  0.000 0.0000000000
59461  0.000  0.000  0.000 0.0000000000
59472  0.000  0.000  0.000 0.0000000000
59501  0.000  0.000  0.000 0.0000000000
59502  0.000  0.000  0.000 0.0000000000
59510  0.000  0.000  0.000 0.0000000000
59511  0.000  0.000  0.000 0.0000000000
59517  0.000  0.000  0.000 0.0000000000
59518  0.000  0.000  0.000 0.0000000000
59525  0.000  0.000  0.000 0.0000000000
59526  0.000  0.000  0.000 0.0000000000
59527  0.000  0.000  0.000 0.0000000000
59533  0.000  0.000  0.000 0.0000000000
59534  0.000  0.000  0.000 0.0000000000
59535  0.000  0.000  0.000 0.0000000000
59536  0.000  0.000  0.000 0.0000000000
59537  0.000  0.000  0.000 0.0000000000
59542  0.000  0.000  0.000 0.0000000000
59543  0.000  0.000  0.000 0.0000000000
59544  0.000  0.000  0.000 0.0000000000
59545  0.000  0.000  0.000 0.0000000000
59546  0.000  0.000  0.000 0.0000000000
59552  0.000  0.000  0.000 0.0000000000
59553  0.000  0.000  0.000 0.0000000000
59554  0.000  0.000  0.000 0.0000000000
59555  0.000  0.000  0.000 0.0000000000
59556  0.000  0.000  0.000 0.0000000000
59562  0.000  0.000  0.000 0.0000000000
59563  0.000  0.000  0.000 0.0000000000
59564  0.000  0.000  0.000 0.0000000000
59565  0.000  0.000  0.000 0.0000000000
59566  0.000  0.000  0.000 0.0000000000
59567  0.000  0.000  0.000 0.0000000000
59568  0.000  0.000  0.000 0.0000000000
59569  0.000  0.000  0.000 0.0000000000
59570  0.000  0.000  0.000 0.0000000000
59576  0.000  0.000  0.000 0.0000000000
59577  0.000  0.000  0.000 0.0000000000
59578  0.000  0.000  0.000 0.0000000000
59579  0.000  0.000  0.000 0.0000000000
60044  0.000  0.000  0.000 0.0000000000
60046  0.000  0.000  0.000 0.0000000000
60048  0.000  0.000  0.000 0.0000000000
60049  0.000  0.000  0.000 0.0000000000
60051  0.000  0.000  0.000 0.0000000000
60052  0.000  0.000  0.000 0.0000000000
60055  0.000  0.000  0.000 0.0000000000
60056  0.000  0.000  0.000 0.0000000000
60059  0.000  0.000  0.000 0.0000000000
60060  0.000  0.000  0.000 0.0000000000
60062  0.000  0.000  0.000 0.0000000000
60063  0.000  0.000  0.000 0.0000000000
60072  0.000  0.000  0.000 0.0000000000
60073  0.000  0.000  0.000 0.0000000000
60081  0.000  0.000  0.000 0.0000000000
60082  0.000  0.000  0.000 0.0000000000
60098  0.000  0.000  0.000 0.0000000000
60100  0.000  0.000  0.000 0.0000000000
60101  0.000  0.000  0.000 0.0000000000
60118  0.000  0.000  0.000 0.0000000000
60119  0.000  0.000  0.000 0.0000000000
60120  0.000  0.000  0.000 0.0000000000
60130  0.000  0.000  0.000 0.0000000000
60131  0.000  0.000  0.000 0.0000000000
60132  0.000  0.000  0.000 0.0000000000
60137  0.000  0.000  0.000 0.0000000000
60138  0.000  0.000  0.000 0.0000000000
60139  0.000  0.000  0.000 0.0000000000
60140  0.000  0.000  0.000 0.0000000000
60141  0.000  0.000  0.000 0.0000000000
60145  0.000  0.000  0.000 0.0000000000
60146  0.000  0.000  0.000 0.0000000000
60147  0.000  0.000  0.000 0.0000000000
60148  0.000  0.000  0.000 0.0000000000
60152  0.000  0.000  0.000 0.0000000000
60153  0.000  0.000  0.000 0.0000000000
60154  0.000  0.000  0.000 0.0000000000
60155  0.000  0.000  0.000 0.0000000000
60156  0.000  0.000  0.000 0.0000000000
60161  0.000  0.000  0.000 0.0000000000
60162  0.000  0.000  0.000 0.0000000000
60163  0.000  0.000  0.000 0.0000000000
60164  0.000  0.000  0.000 0.0000000000
60165  0.000  0.000  0.000 0.0000000000
60166  0.000  0.000  0.000 0.0000000000
60172  0.000  0.000  0.000 0.0000000000
60173  0.000  0.000  0.000 0.0000000000
60174  0.000  0.000  0.000 0.0000000000
60175  0.000  0.000  0.000 0.0000000000
60176  0.000  0.000  0.000 0.0000000000
60177  0.000  0.000  0.000 0.0000000000
60178  0.000  0.000  0.000 0.0000000000
60179  0.000  0.000  0.000 0.0000000000
60180  0.000  0.000  0.000 0.0000000000
60186  0.000  0.000  0.000 0.0000000000
60187  0.000  0.000  0.000 0.0000000000
60188  0.000  0.000  0.000 0.0000000000
60654  0.000  0.000  0.000 0.0000000000
60656  0.000  0.000  0.000 0.0000000000
60658  0.000  0.000  0.000 0.0000000000
60659  0.000  0.000  0.000 0.0000000000
60661  0.000  0.000  0.000 0.0000000000
60663  0.000  0.000  0.000 0.0000000000
60664  0.000  0.000  0.000 0.0000000000
60666  0.000  0.000  0.000 0.0000000000
60667  0.000  0.000  0.000 0.0000000000
60669  0.000  0.000  0.000 0.0000000000
60670  0.000  0.000  0.000 0.0000000000
60673  0.000  0.000  0.000 0.0000000000
60674  0.000  0.000  0.000 0.0000000000
60676  0.000  0.000  0.000 0.0000000000
60677  0.000  0.000  0.000 0.0000000000
60686  0.000  0.000  0.000 0.0000000000
60687  0.000  0.000  0.000 0.0000000000
60697  0.000  0.000  0.000 0.0000000000
60698  0.000  0.000  0.000 0.0000000000
60707  0.000  0.000  0.000 0.0000000000
60708  0.000  0.000  0.000 0.0000000000
60726  0.000  0.000  0.000 0.0000000000
60727  0.000  0.000  0.000 0.0000000000
60728  0.000  0.000  0.000 0.0000000000
60742  0.000  0.000  0.000 0.0000000000
60743  0.000  0.000  0.000 0.0000000000
60744  0.000  0.000  0.000 0.0000000000
60755  0.000  0.000  0.000 0.0000000000
60756  0.000  0.000  0.000 0.0000000000
60757  0.000  0.000  0.000 0.0000000000
60758  0.000  0.000  0.000 0.0000000000
60759  0.000  0.000  0.000 0.0000000000
60769  0.000  0.000  0.000 0.0000000000
60770  0.000  0.000  0.000 0.0000000000
60771  0.000  0.000  0.000 0.0000000000
60772  0.000  0.000  0.000 0.0000000000
60773  0.000  0.000  0.000 0.0000000000
60778  0.000  0.000  0.000 0.0000000000
60779  0.000  0.000  0.000 0.0000000000
60780  0.000  0.000  0.000 0.0000000000
60781  0.000  0.000  0.000 0.0000000000
60782  0.000  0.000  0.000 0.0000000000
60783  0.000  0.000  0.000 0.0000000000
60788  0.000  0.000  0.000 0.0000000000
60789  0.000  0.000  0.000 0.0000000000
60790  0.000  0.000  0.000 0.0000000000
60791  0.000  0.000  0.000 0.0000000000
60792  0.000  0.000  0.000 0.0000000000
60793  0.000  0.000  0.000 0.0000000000
60794  0.000  0.000  0.000 0.0000000000
60795  0.000  0.000  0.000 0.0000000000
60800  0.000  0.000  0.000 0.0000000000
60801  0.000  0.000  0.000 0.0000000000
60802  0.000  0.000  0.000 0.0000000000
60803  0.000  0.000  0.000 0.0000000000
60804  0.000  0.000  0.000 0.0000000000
60805  0.000  0.000  0.000 0.0000000000
60806  0.000  0.000  0.000 0.0000000000
60807  0.000  0.000  0.000 0.0000000000
61327  0.000  0.000  0.000 0.0000000000
61329  0.000  0.000  0.000 0.0000000000
61331  0.000  0.000  0.000 0.0000000000
61332  0.000  0.000  0.000 0.0000000000
61336  0.000  0.000  0.000 0.0000000000
61337  0.000  0.000  0.000 0.0000000000
61341  0.000  0.000  0.000 0.0000000000
61343  0.000  0.000  0.000 0.0000000000
61344  0.000  0.000  0.000 0.0000000000
61346  0.000  0.000  0.000 0.0000000000
61347  0.000  0.000  0.000 0.0000000000
61353  0.000  0.000  0.000 0.0000000000
61354  0.000  0.000  0.000 0.0000000000
61362  0.000  0.000  0.000 0.0000000000
61363  0.000  0.000  0.000 0.0000000000
61372  0.000  0.000  0.000 0.0000000000
61373  0.000  0.000  0.000 0.0000000000
61383  0.000  0.000  0.000 0.0000000000
61384  0.000  0.000  0.000 0.0000000000
61395  0.000  0.000  0.000 0.0000000000
61396  0.000  0.000  0.000 0.0000000000
61412  0.000  0.000  0.000 0.0000000000
61413  0.000  0.000  0.000 0.0000000000
61414  0.000  0.000  0.000 0.0000000000
61415  0.000  0.000  0.000 0.0000000000
61416  0.000  0.000  0.000 0.0000000000
61417  0.000  0.000  0.000 0.0000000000
61430  0.000  0.000  0.000 0.0000000000
61431  0.000  0.000  0.000 0.0000000000
61432  0.000  0.000  0.000 0.0000000000
61433  0.000  0.000  0.000 0.0000000000
61434  0.000  0.000  0.000 0.0000000000
61447  0.000  0.000  0.000 0.0000000000
61448  0.000  0.000  0.000 0.0000000000
61449  0.000  0.000  0.000 0.0000000000
61450  0.000  0.000  0.000 0.0000000000
61451  0.000  0.000  0.000 0.0000000000
61452  0.000  0.000  0.000 0.0000000000
61466  0.000  0.000  0.000 0.0000000000
61467  0.000  0.000  0.000 0.0000000000
61468  0.000  0.000  0.000 0.0000000000
61469  0.000  0.000  0.000 0.0000000000
61470  0.000  0.000  0.000 0.0000000000
61471  0.000  0.000  0.000 0.0000000000
61483  0.000  0.000  0.000 0.0000000000
61484  0.000  0.000  0.000 0.0000000000
61485  0.000  0.000  0.000 0.0000000000
61486  0.000  0.000  0.000 0.0000000000
61487  0.000  0.000  0.000 0.0000000000
61488  0.000  0.000  0.000 0.0000000000
61489  0.000  0.000  0.000 0.0000000000
61498  0.000  0.000  0.000 0.0000000000
61499  0.000  0.000  0.000 0.0000000000
61500  0.000  0.000  0.000 0.0000000000
61501  0.000  0.000  0.000 0.0000000000
61502  0.000  0.000  0.000 0.0000000000
61503  0.000  0.000  0.000 0.0000000000
61504  0.000  0.000  0.000 0.0000000000
61505  0.000  0.000  0.000 0.0000000000
61506  0.000  0.000  0.000 0.0000000000
61507  0.000  0.000  0.000 0.0000000000
61512  0.000  0.000  0.000 0.0000000000
61513  0.000  0.000  0.000 0.0000000000
61514  0.000  0.000  0.000 0.0000000000
61515  0.000  0.000  0.000 0.0000000000
61516  0.000  0.000  0.000 0.0000000000
61980  0.000  0.000  0.000 0.0000000000
61981  0.000  0.000  0.000 0.0000000000
61983  0.000  0.000  0.000 0.0000000000
61988  0.000  0.000  0.000 0.0000000000
61993  0.000  0.000  0.000 0.0000000000
61994  0.000  0.000  0.000 0.0000000000
61999  0.000  0.000  0.000 0.0000000000
62000  0.000  0.000  0.000 0.0000000000
62004  0.000  0.000  0.000 0.0000000000
62006  0.000  0.000  0.000 0.0000000000
62007  0.000  0.000  0.000 0.0000000000
62014  0.000  0.000  0.000 0.0000000000
62015  0.000  0.000  0.000 0.0000000000
62023  0.000  0.000  0.000 0.0000000000
62024  0.000  0.000  0.000 0.0000000000
62030  0.000  0.000  0.000 0.0000000000
62031  0.000  0.000  0.000 0.0000000000
62032  0.000  0.000  0.000 0.0000000000
62039  0.000  0.000  0.000 0.0000000000
62040  0.000  0.000  0.000 0.0000000000
62041  0.000  0.000  0.000 0.0000000000
62051  0.000  0.000  0.000 0.0000000000
62052  0.000  0.000  0.000 0.0000000000
62067  0.000  0.000  0.000 0.0000000000
62068  0.000  0.000  0.000 0.0000000000
62071  0.000  0.000  0.000 0.0000000000
62086  0.000  0.000  0.000 0.0000000000
62087  0.000  0.000  0.000 0.0000000000
62088  0.000  0.000  0.000 0.0000000000
62089  0.000  0.000  0.000 0.0000000000
62100  0.000  0.000  0.000 0.0000000000
62101  0.000  0.000  0.000 0.0000000000
62102  0.000  0.000  0.000 0.0000000000
62103  0.000  0.000  0.000 0.0000000000
62104  0.000  0.000  0.000 0.0000000000
62105  0.000  0.000  0.000 0.0000000000
62116  0.000  0.000  0.000 0.0000000000
62117  0.000  0.000  0.000 0.0000000000
62118  0.000  0.000  0.000 0.0000000000
62119  0.000  0.000  0.000 0.0000000000
62120  0.000  0.000  0.000 0.0000000000
62121  0.000  0.000  0.000 0.0000000000
62122  0.000  0.000  0.000 0.0000000000
62123  0.000  0.000  0.000 0.0000000000
62137  0.000  0.000  0.000 0.0000000000
62138  0.000  0.000  0.000 0.0000000000
62139  0.000  0.000  0.000 0.0000000000
62140  0.000  0.000  0.000 0.0000000000
62141  0.000  0.000  0.000 0.0000000000
62142  0.000  0.000  0.000 0.0000000000
62143  0.000  0.000  0.000 0.0000000000
62144  0.000  0.000  0.000 0.0000000000
62145  0.000  0.000  0.000 0.0000000000
62159  0.000  0.000  0.000 0.0000000000
62160  0.000  0.000  0.000 0.0000000000
62161  0.000  0.000  0.000 0.0000000000
62162  0.000  0.000  0.000 0.0000000000
62163  0.000  0.000  0.000 0.0000000000
62164  0.000  0.000  0.000 0.0000000000
62165  0.000  0.000  0.000 0.0000000000
62636  0.000  0.000  0.000 0.0000000000
62637  0.000  0.000  0.000 0.0000000000
62639  0.000  0.000  0.000 0.0000000000
62644  0.000  0.000  0.000 0.0000000000
62649  0.000  0.000  0.000 0.0000000000
62654  0.000  0.000  0.000 0.0000000000
62655  0.000  0.000  0.000 0.0000000000
62659  0.000  0.000  0.000 0.0000000000
62665  0.000  0.000  0.000 0.0000000000
62666  0.000  0.000  0.000 0.0000000000
62674  0.000  0.000  0.000 0.0000000000
62675  0.000  0.000  0.000 0.0000000000
62683  0.000  0.000  0.000 0.0000000000
62684  0.000  0.000  0.000 0.0000000000
62692  0.000  0.000  0.000 0.0000000000
62693  0.000  0.000  0.000 0.0000000000
62701  0.000  0.000  0.000 0.0000000000
62702  0.000  0.000  0.000 0.0000000000
62703  0.000  0.000  0.000 0.0000000000
62709  0.000  0.000  0.000 0.0000000000
62710  0.000  0.000  0.000 0.0000000000
62719  0.000  0.000  0.000 0.0000000000
62720  0.000  0.000  0.000 0.0000000000
62721  0.000  0.000  0.000 0.0000000000
62722  0.000  0.000  0.000 0.0000000000
62723  0.000  0.000  0.000 0.0000000000
62736  0.000  0.000  0.000 0.0000000000
62737  0.000  0.000  0.000 0.0000000000
62738  0.000  0.000  0.000 0.0000000000
62739  0.000  0.000  0.000 0.0000000000
62740  0.000  0.000  0.000 0.0000000000
62750  0.000  0.000  0.000 0.0000000000
62751  0.000  0.000  0.000 0.0000000000
62752  0.000  0.000  0.000 0.0000000000
62753  0.000  0.000  0.000 0.0000000000
62754  0.000  0.000  0.000 0.0000000000
62755  0.000  0.000  0.000 0.0000000000
62765  0.000  0.000  0.000 0.0000000000
62766  0.000  0.000  0.000 0.0000000000
62767  0.000  0.000  0.000 0.0000000000
62768  0.000  0.000  0.000 0.0000000000
62769  0.000  0.000  0.000 0.0000000000
62770  0.000  0.000  0.000 0.0000000000
62771  0.000  0.000  0.000 0.0000000000
62782  0.000  0.000  0.000 0.0000000000
62783  0.000  0.000  0.000 0.0000000000
62784  0.000  0.000  0.000 0.0000000000
62785  0.000  0.000  0.000 0.0000000000
62786  0.000  0.000  0.000 0.0000000000
62787  0.000  0.000  0.000 0.0000000000
62799  0.000  0.000  0.000 0.0000000000
62800  0.000  0.000  0.000 0.0000000000
62801  0.000  0.000  0.000 0.0000000000
63299  0.000  0.000  0.000 0.0000000000
63300  0.000  0.000  0.000 0.0000000000
63302  0.000  0.000  0.000 0.0000000000
63304  0.000  0.000  0.000 0.0000000000
63306  0.000  0.000  0.000 0.0000000000
63308  0.000  0.000  0.000 0.0000000000
63309  0.000  0.000  0.000 0.0000000000
63313  0.000  0.000  0.000 0.0000000000
63320  0.000  0.000  0.000 0.0000000000
63321  0.000  0.000  0.000 0.0000000000
63328  0.000  0.000  0.000 0.0000000000
63334  0.000  0.000  0.000 0.0000000000
63335  0.000  0.000  0.000 0.0000000000
63341  0.000  0.000  0.000 0.0000000000
63342  0.000  0.000  0.000 0.0000000000
63349  0.000  0.000  0.000 0.0000000000
63350  0.000  0.000  0.000 0.0000000000
63351  0.000  0.000  0.000 0.0000000000
63352  0.000  0.000  0.000 0.0000000000
63353  0.000  0.000  0.000 0.0000000000
63358  0.000  0.000  0.000 0.0000000000
63359  0.000  0.000  0.000 0.0000000000
63360  0.000  0.000  0.000 0.0000000000
63361  0.000  0.000  0.000 0.0000000000
63364  0.000  0.000  0.000 0.0000000000
63365  0.000  0.000  0.000 0.0000000000
63366  0.000  0.000  0.000 0.0000000000
63367  0.000  0.000  0.000 0.0000000000
63377  0.000  0.000  0.000 0.0000000000
63378  0.000  0.000  0.000 0.0000000000
63379  0.000  0.000  0.000 0.0000000000
63380  0.000  0.000  0.000 0.0000000000
63391  0.000  0.000  0.000 0.0000000000
63392  0.000  0.000  0.000 0.0000000000
63393  0.000  0.000  0.000 0.0000000000
63394  0.000  0.000  0.000 0.0000000000
63395  0.000  0.000  0.000 0.0000000000
63396  0.000  0.000  0.000 0.0000000000
63406  0.000  0.000  0.000 0.0000000000
63407  0.000  0.000  0.000 0.0000000000
63408  0.000  0.000  0.000 0.0000000000
63409  0.000  0.000  0.000 0.0000000000
63410  0.000  0.000  0.000 0.0000000000
63411  0.000  0.000  0.000 0.0000000000
63412  0.000  0.000  0.000 0.0000000000
63420  0.000  0.000  0.000 0.0000000000
63421  0.000  0.000  0.000 0.0000000000
63422  0.000  0.000  0.000 0.0000000000
63423  0.000  0.000  0.000 0.0000000000
63960  0.000  0.000  0.000 0.0000000000
63961  0.000  0.000  0.000 0.0000000000
63963  0.000  0.000  0.000 0.0000000000
63965  0.000  0.000  0.000 0.0000000000
63967  0.000  0.000  0.000 0.0000000000
63968  0.000  0.000  0.000 0.0000000000
63970  0.000  0.000  0.000 0.0000000000
63971  0.000  0.000  0.000 0.0000000000
63977  0.000  0.000  0.000 0.0000000000
63984  0.000  0.000  0.000 0.0000000000
63985  0.000  0.000  0.000 0.0000000000
63992  0.000  0.000  0.000 0.0000000000
63993  0.000  0.000  0.000 0.0000000000
63998  0.000  0.000  0.000 0.0000000000
63999  0.000  0.000  0.000 0.0000000000
64000  0.000  0.000  0.000 0.0000000000
64005  0.000  0.000  0.000 0.0000000000
64006  0.000  0.000  0.000 0.0000000000
64007  0.000  0.000  0.000 0.0000000000
64008  0.000  0.000  0.000 0.0000000000
64012  0.000  0.000  0.000 0.0000000000
64013  0.000  0.000  0.000 0.0000000000
64014  0.000  0.000  0.000 0.0000000000
64015  0.000  0.000  0.000 0.0000000000
64020  0.000  0.000  0.000 0.0000000000
64021  0.000  0.000  0.000 0.0000000000
64022  0.000  0.000  0.000 0.0000000000
64027  0.000  0.000  0.000 0.0000000000
64028  0.000  0.000  0.000 0.0000000000
64029  0.000  0.000  0.000 0.0000000000
64030  0.000  0.000  0.000 0.0000000000
64031  0.000  0.000  0.000 0.0000000000
64039  0.000  0.000  0.000 0.0000000000
64040  0.000  0.000  0.000 0.0000000000
64041  0.000  0.000  0.000 0.0000000000
64042  0.000  0.000  0.000 0.0000000000
64043  0.000  0.000  0.000 0.0000000000
64053  0.000  0.000  0.000 0.0000000000
64054  0.000  0.000  0.000 0.0000000000
64055  0.000  0.000  0.000 0.0000000000
64056  0.000  0.000  0.000 0.0000000000
64057  0.000  0.000  0.000 0.0000000000
64058  0.000  0.000  0.000 0.0000000000
64059  0.000  0.000  0.000 0.0000000000
64069  0.000  0.000  0.000 0.0000000000
64070  0.000  0.000  0.000 0.0000000000
64071  0.000  0.000  0.000 0.0000000000
64072  0.000  0.000  0.000 0.0000000000
64603  0.000  0.000  0.000 0.0000000000
64605  0.000  0.000  0.000 0.0000000000
64607  0.000  0.000  0.000 0.0000000000
64609  0.000  0.000  0.000 0.0000000000
64610  0.000  0.000  0.000 0.0000000000
64615  0.000  0.000  0.000 0.0000000000
64622  0.000  0.000  0.000 0.0000000000
64623  0.000  0.000  0.000 0.0000000000
64630  0.000  0.000  0.000 0.0000000000
64631  0.000  0.000  0.000 0.0000000000
64632  0.000  0.000  0.000 0.0000000000
64639  0.000  0.000  0.000 0.0000000000
64640  0.000  0.000  0.000 0.0000000000
64645  0.000  0.000  0.000 0.0000000000
64646  0.000  0.000  0.000 0.0000000000
64647  0.000  0.000  0.000 0.0000000000
64648  0.000  0.000  0.000 0.0000000000
64651  0.000  0.000  0.000 0.0000000000
64652  0.000  0.000  0.000 0.0000000000
64653  0.000  0.000  0.000 0.0000000000
64654  0.000  0.000  0.000 0.0000000000
64657  0.000  0.000  0.000 0.0000000000
64658  0.000  0.000  0.000 0.0000000000
64659  0.000  0.000  0.000 0.0000000000
64660  0.000  0.000  0.000 0.0000000000
64661  0.000  0.000  0.000 0.0000000000
64664  0.000  0.000  0.000 0.0000000000
64665  0.000  0.000  0.000 0.0000000000
64666  0.000  0.000  0.000 0.0000000000
64667  0.000  0.000  0.000 0.0000000000
64668  0.000  0.000  0.000 0.0000000000
64669  0.000  0.000  0.000 0.0000000000
64673  0.000  0.000  0.000 0.0000000000
64674  0.000  0.000  0.000 0.0000000000
64675  0.000  0.000  0.000 0.0000000000
64676  0.000  0.000  0.000 0.0000000000
64677  0.000  0.000  0.000 0.0000000000
64678  0.000  0.000  0.000 0.0000000000
64679  0.000  0.000  0.000 0.0000000000
64680  0.000  0.000  0.000 0.0000000000
64687  0.000  0.000  0.000 0.0000000000
64688  0.000  0.000  0.000 0.0000000000
64689  0.000  0.000  0.000 0.0000000000
64690  0.000  0.000  0.000 0.0000000000
64691  0.000  0.000  0.000 0.0000000000
64692  0.000  0.000  0.000 0.0000000000
64702  0.000  0.000  0.000 0.0000000000
64703  0.000  0.000  0.000 0.0000000000
64704  0.000  0.000  0.000 0.0000000000
64705  0.000  0.000  0.000 0.0000000000
64706  0.000  0.000  0.000 0.0000000000
65275  0.000  0.000  0.000 0.0000000000
65277  0.000  0.000  0.000 0.0000000000
65279  0.000  0.000  0.000 0.0000000000
65280  0.000  0.000  0.000 0.0000000000
65282  0.000  0.000  0.000 0.0000000000
65283  0.000  0.000  0.000 0.0000000000
65290  0.000  0.000  0.000 0.0000000000
65291  0.000  0.000  0.000 0.0000000000
65299  0.000  0.000  0.000 0.0000000000
65300  0.000  0.000  0.000 0.0000000000
65308  0.000  0.000  0.000 0.0000000000
65309  0.000  0.000  0.000 0.0000000000
65315  0.000  0.000  0.000 0.0000000000
65316  0.000  0.000  0.000 0.0000000000
65317  0.000  0.000  0.000 0.0000000000
65318  0.000  0.000  0.000 0.0000000000
65321  0.000  0.000  0.000 0.0000000000
65322  0.000  0.000  0.000 0.0000000000
65323  0.000  0.000  0.000 0.0000000000
65324  0.000  0.000  0.000 0.0000000000
65325  0.000  0.000  0.000 0.0000000000
65328  0.000  0.000  0.000 0.0000000000
65329  0.000  0.000  0.000 0.0000000000
65330  0.000  0.000  0.000 0.0000000000
65331  0.000  0.000  0.000 0.0000000000
65332  0.000  0.000  0.000 0.0000000000
65333  0.000  0.000  0.000 0.0000000000
65334  0.000  0.000  0.000 0.0000000000
65337  0.000  0.000  0.000 0.0000000000
65338  0.000  0.000  0.000 0.0000000000
65339  0.000  0.000  0.000 0.0000000000
65340  0.000  0.000  0.000 0.0000000000
65341  0.000  0.000  0.000 0.0000000000
65342  0.000  0.000  0.000 0.0000000000
65343  0.000  0.000  0.000 0.0000000000
65347  0.000  0.000  0.000 0.0000000000
65348  0.000  0.000  0.000 0.0000000000
65349  0.000  0.000  0.000 0.0000000000
65350  0.000  0.000  0.000 0.0000000000
65351  0.000  0.000  0.000 0.0000000000
65352  0.000  0.000  0.000 0.0000000000
65353  0.000  0.000  0.000 0.0000000000
65354  0.000  0.000  0.000 0.0000000000
65359  0.000  0.000  0.000 0.0000000000
65360  0.000  0.000  0.000 0.0000000000
65361  0.000  0.000  0.000 0.0000000000
65362  0.000  0.000  0.000 0.0000000000
65363  0.000  0.000  0.000 0.0000000000
65364  0.000  0.000  0.000 0.0000000000
65369  0.000  0.000  0.000 0.0000000000
65370  0.000  0.000  0.000 0.0000000000
65371  0.000  0.000  0.000 0.0000000000
65957  0.000  0.000  0.000 0.0000000000
65959  0.000  0.000  0.000 0.0000000000
65960  0.000  0.000  0.000 0.0000000000
65962  0.000  0.000  0.000 0.0000000000
65963  0.000  0.000  0.000 0.0000000000
65965  0.000  0.000  0.000 0.0000000000
65966  0.000  0.000  0.000 0.0000000000
65974  0.000  0.000  0.000 0.0000000000
65975  0.000  0.000  0.000 0.0000000000
65983  0.000  0.000  0.000 0.0000000000
65984  0.000  0.000  0.000 0.0000000000
65991  0.000  0.000  0.000 0.0000000000
65992  0.000  0.000  0.000 0.0000000000
65993  0.000  0.000  0.000 0.0000000000
65994  0.000  0.000  0.000 0.0000000000
65998  0.000  0.000  0.000 0.0000000000
65999  0.000  0.000  0.000 0.0000000000
66000  0.000  0.000  0.000 0.0000000000
66001  0.000  0.000  0.000 0.0000000000
66002  0.000  0.000  0.000 0.0000000000
66005  0.000  0.000  0.000 0.0000000000
66006  0.000  0.000  0.000 0.0000000000
66007  0.000  0.000  0.000 0.0000000000
66008  0.000  0.000  0.000 0.0000000000
66009  0.000  0.000  0.000 0.0000000000
66010  0.000  0.000  0.000 0.0000000000
66013  0.000  0.000  0.000 0.0000000000
66014  0.000  0.000  0.000 0.0000000000
66015  0.000  0.000  0.000 0.0000000000
66016  0.000  0.000  0.000 0.0000000000
66017  0.000  0.000  0.000 0.0000000000
66018  0.000  0.000  0.000 0.0000000000
66019  0.000  0.000  0.000 0.0000000000
66020  0.000  0.000  0.000 0.0000000000
66023  0.000  0.000  0.000 0.0000000000
66024  0.000  0.000  0.000 0.0000000000
66025  0.000  0.000  0.000 0.0000000000
66026  0.000  0.000  0.000 0.0000000000
66027  0.000  0.000  0.000 0.0000000000
66028  0.000  0.000  0.000 0.0000000000
66033  0.000  0.000  0.000 0.0000000000
66034  0.000  0.000  0.000 0.0000000000
66035  0.000  0.000  0.000 0.0000000000
66036  0.000  0.000  0.000 0.0000000000
66037  0.000  0.000  0.000 0.0000000000
66043  0.000  0.000  0.000 0.0000000000
66044  0.000  0.000  0.000 0.0000000000
66626  0.000  0.000  0.000 0.0000000000
66629  0.000  0.000  0.000 0.0000000000
66630  0.000  0.000  0.000 0.0000000000
66632  0.000  0.000  0.000 0.0000000000
66633  0.000  0.000  0.000 0.0000000000
66635  0.000  0.000  0.000 0.0000000000
66636  0.000  0.000  0.000 0.0000000000
66644  0.000  0.000  0.000 0.0000000000
66645  0.000  0.000  0.000 0.0000000000
66656  0.000  0.000  0.000 0.0000000000
66657  0.000  0.000  0.000 0.0000000000
66658  0.000  0.000  0.000 0.0000000000
66665  0.000  0.000  0.000 0.0000000000
66666  0.000  0.000  0.000 0.0000000000
66667  0.000  0.000  0.000 0.0000000000
66668  0.000  0.000  0.000 0.0000000000
66669  0.000  0.000  0.000 0.0000000000
66670  0.000  0.000  0.000 0.0000000000
66674  0.000  0.000  0.000 0.0000000000
66675  0.000  0.000  0.000 0.0000000000
66676  0.000  0.000  0.000 0.0000000000
66677  0.000  0.000  0.000 0.0000000000
66678  0.000  0.000  0.000 0.0000000000
66679  0.000  0.000  0.000 0.0000000000
66680  0.000  0.000  0.000 0.0000000000
66681  0.000  0.000  0.000 0.0000000000
66684  0.000  0.000  0.000 0.0000000000
66685  0.000  0.000  0.000 0.0000000000
66686  0.000  0.000  0.000 0.0000000000
66687  0.000  0.000  0.000 0.0000000000
66688  0.000  0.000  0.000 0.0000000000
66689  0.000  0.000  0.000 0.0000000000
66690  0.000  0.000  0.000 0.0000000000
66691  0.000  0.000  0.000 0.0000000000
66694  0.000  0.000  0.000 0.0000000000
66695  0.000  0.000  0.000 0.0000000000
66696  0.000  0.000  0.000 0.0000000000
66697  0.000  0.000  0.000 0.0000000000
66698  0.000  0.000  0.000 0.0000000000
66699  0.000  0.000  0.000 0.0000000000
66703  0.000  0.000  0.000 0.0000000000
66704  0.000  0.000  0.000 0.0000000000
66705  0.000  0.000  0.000 0.0000000000
67297  0.000  0.000  0.000 0.0000000000
67298  0.000  0.000  0.000 0.0000000000
67301  0.000  0.000  0.000 0.0000000000
67302  0.000  0.000  0.000 0.0000000000
67303  0.000  0.000  0.000 0.0000000000
67305  0.000  0.000  0.000 0.0000000000
67306  0.000  0.000  0.000 0.0000000000
67308  0.000  0.000  0.000 0.0000000000
67309  0.000  0.000  0.000 0.0000000000
67319  0.000  0.000  0.000 0.0000000000
67320  0.000  0.000  0.000 0.0000000000
67321  0.000  0.000  0.000 0.0000000000
67322  0.000  0.000  0.000 0.0000000000
67335  0.000  0.000  0.000 0.0000000000
67336  0.000  0.000  0.000 0.0000000000
67337  0.000  0.000  0.000 0.0000000000
67338  0.000  0.000  0.000 0.0000000000
67339  0.000  0.000  0.000 0.0000000000
67340  0.000  0.000  0.000 0.0000000000
67345  0.000  0.000  0.000 0.0000000000
67346  0.000  0.000  0.000 0.0000000000
67347  0.000  0.000  0.000 0.0000000000
67348  0.000  0.000  0.000 0.0000000000
67349  0.000  0.000  0.000 0.0000000000
67350  0.000  0.000  0.000 0.0000000000
67351  0.000  0.000  0.000 0.0000000000
67352  0.000  0.000  0.000 0.0000000000
67356  0.000  0.000  0.000 0.0000000000
67357  0.000  0.000  0.000 0.0000000000
67358  0.000  0.000  0.000 0.0000000000
67359  0.000  0.000  0.000 0.0000000000
67360  0.000  0.000  0.000 0.0000000000
67361  0.000  0.000  0.000 0.0000000000
67366  0.000  0.000  0.000 0.0000000000
67367  0.000  0.000  0.000 0.0000000000
67368  0.000  0.000  0.000 0.0000000000
67966  0.000  0.000  0.000 0.0000000000
67967  0.000  0.000  0.000 0.0000000000
67969  0.000  0.000  0.000 0.0000000000
67970  0.000  0.000  0.000 0.0000000000
67971  0.000  0.000  0.000 0.0000000000
67974  0.000  0.000  0.000 0.0000000000
67975  0.000  0.000  0.000 0.0000000000
67977  0.000  0.000  0.000 0.0000000000
67978  0.000  0.000  0.000 0.0000000000
67979  0.000  0.000  0.000 0.0000000000
67981  0.000  0.000  0.000 0.0000000000
67982  0.000  0.000  0.000 0.0000000000
67983  0.000  0.000  0.000 0.0000000000
67984  0.000  0.000  0.000 0.0000000000
67997  0.000  0.000  0.000 0.0000000000
67998  0.000  0.000  0.000 0.0000000000
67999  0.000  0.000  0.000 0.0000000000
68000  0.000  0.000  0.000 0.0000000000
68001  0.000  0.000  0.000 0.0000000000
68002  0.000  0.000  0.000 0.0000000000
68015  0.000  0.000  0.000 0.0000000000
68016  0.000  0.000  0.000 0.0000000000
68017  0.000  0.000  0.000 0.0000000000
68018  0.000  0.000  0.000 0.0000000000
68019  0.000  0.000  0.000 0.0000000000
68023  0.000  0.000  0.000 0.0000000000
68024  0.000  0.000  0.000 0.0000000000
68025  0.000  0.000  0.000 0.0000000000
68643  0.000  0.000  0.000 0.0000000000
68644  0.000  0.000  0.000 0.0000000000
68647  0.000  0.000  0.000 0.0000000000
68648  0.000  0.000  0.000 0.0000000000
68649  0.000  0.000  0.000 0.0000000000
68652  0.000  0.000  0.000 0.0000000000
68653  0.000  0.000  0.000 0.0000000000
68654  0.000  0.000  0.000 0.0000000000
68656  0.000  0.000  0.000 0.0000000000
68657  0.000  0.000  0.000 0.0000000000
68658  0.000  0.000  0.000 0.0000000000
68659  0.000  0.000  0.000 0.0000000000
68660  0.000  0.000  0.000 0.0000000000
68667  0.000  0.000  0.000 0.0000000000
68668  0.000  0.000  0.000 0.0000000000
68669  0.000  0.000  0.000 0.0000000000
68670  0.000  0.000  0.000 0.0000000000
68684  0.000  0.000  0.000 0.0000000000
68685  0.000  0.000  0.000 0.0000000000
68686  0.000  0.000  0.000 0.0000000000
68687  0.000  0.000  0.000 0.0000000000
69272  0.000  0.000  0.000 0.0000000000
69276  0.000  0.000  0.000 0.0000000000
69277  0.000  0.000  0.000 0.0000000000
69280  0.000  0.000  0.000 0.0000000000
69281  0.000  0.000  0.000 0.0000000000
69288  0.000  0.000  0.000 0.0000000000
69289  0.000  0.000  0.000 0.0000000000
