#!ascii label  , from subject Woofsurfer vox2ras=TkReg coords=white
1938
18979  0.000  0.000  0.000 0.0000000000
18980  0.000  0.000  0.000 0.0000000000
18983  0.000  0.000  0.000 0.0000000000
18984  0.000  0.000  0.000 0.0000000000
18988  0.000  0.000  0.000 0.0000000000
18993  0.000  0.000  0.000 0.0000000000
18997  0.000  0.000  0.000 0.0000000000
19001  0.000  0.000  0.000 0.0000000000
19005  0.000  0.000  0.000 0.0000000000
19745  0.000  0.000  0.000 0.0000000000
19747  0.000  0.000  0.000 0.0000000000
19750  0.000  0.000  0.000 0.0000000000
19753  0.000  0.000  0.000 0.0000000000
19756  0.000  0.000  0.000 0.0000000000
19757  0.000  0.000  0.000 0.0000000000
19760  0.000  0.000  0.000 0.0000000000
19761  0.000  0.000  0.000 0.0000000000
19765  0.000  0.000  0.000 0.0000000000
20526  0.000  0.000  0.000 0.0000000000
20527  0.000  0.000  0.000 0.0000000000
20530  0.000  0.000  0.000 0.0000000000
20531  0.000  0.000  0.000 0.0000000000
20534  0.000  0.000  0.000 0.0000000000
20535  0.000  0.000  0.000 0.0000000000
20539  0.000  0.000  0.000 0.0000000000
20540  0.000  0.000  0.000 0.0000000000
20544  0.000  0.000  0.000 0.0000000000
20545  0.000  0.000  0.000 0.0000000000
20549  0.000  0.000  0.000 0.0000000000
20550  0.000  0.000  0.000 0.0000000000
20554  0.000  0.000  0.000 0.0000000000
20555  0.000  0.000  0.000 0.0000000000
20559  0.000  0.000  0.000 0.0000000000
20560  0.000  0.000  0.000 0.0000000000
21360  0.000  0.000  0.000 0.0000000000
21364  0.000  0.000  0.000 0.0000000000
21367  0.000  0.000  0.000 0.0000000000
21370  0.000  0.000  0.000 0.0000000000
21373  0.000  0.000  0.000 0.0000000000
21377  0.000  0.000  0.000 0.0000000000
21381  0.000  0.000  0.000 0.0000000000
21385  0.000  0.000  0.000 0.0000000000
21386  0.000  0.000  0.000 0.0000000000
21389  0.000  0.000  0.000 0.0000000000
21390  0.000  0.000  0.000 0.0000000000
22225  0.000  0.000  0.000 0.0000000000
22229  0.000  0.000  0.000 0.0000000000
22230  0.000  0.000  0.000 0.0000000000
22234  0.000  0.000  0.000 0.0000000000
22237  0.000  0.000  0.000 0.0000000000
22239  0.000  0.000  0.000 0.0000000000
22242  0.000  0.000  0.000 0.0000000000
22246  0.000  0.000  0.000 0.0000000000
22250  0.000  0.000  0.000 0.0000000000
22254  0.000  0.000  0.000 0.0000000000
22255  0.000  0.000  0.000 0.0000000000
23049  0.000  0.000  0.000 0.0000000000
23050  0.000  0.000  0.000 0.0000000000
23053  0.000  0.000  0.000 0.0000000000
23054  0.000  0.000  0.000 0.0000000000
23058  0.000  0.000  0.000 0.0000000000
23061  0.000  0.000  0.000 0.0000000000
23064  0.000  0.000  0.000 0.0000000000
23067  0.000  0.000  0.000 0.0000000000
23071  0.000  0.000  0.000 0.0000000000
23072  0.000  0.000  0.000 0.0000000000
23076  0.000  0.000  0.000 0.0000000000
23077  0.000  0.000  0.000 0.0000000000
23078  0.000  0.000  0.000 0.0000000000
23081  0.000  0.000  0.000 0.0000000000
23082  0.000  0.000  0.000 0.0000000000
23819  0.000  0.000  0.000 0.0000000000
23822  0.000  0.000  0.000 0.0000000000
23823  0.000  0.000  0.000 0.0000000000
23826  0.000  0.000  0.000 0.0000000000
23827  0.000  0.000  0.000 0.0000000000
23831  0.000  0.000  0.000 0.0000000000
23834  0.000  0.000  0.000 0.0000000000
23836  0.000  0.000  0.000 0.0000000000
23840  0.000  0.000  0.000 0.0000000000
23841  0.000  0.000  0.000 0.0000000000
23845  0.000  0.000  0.000 0.0000000000
23846  0.000  0.000  0.000 0.0000000000
23850  0.000  0.000  0.000 0.0000000000
23851  0.000  0.000  0.000 0.0000000000
23852  0.000  0.000  0.000 0.0000000000
23854  0.000  0.000  0.000 0.0000000000
23855  0.000  0.000  0.000 0.0000000000
24572  0.000  0.000  0.000 0.0000000000
24575  0.000  0.000  0.000 0.0000000000
24576  0.000  0.000  0.000 0.0000000000
24580  0.000  0.000  0.000 0.0000000000
24583  0.000  0.000  0.000 0.0000000000
24585  0.000  0.000  0.000 0.0000000000
24588  0.000  0.000  0.000 0.0000000000
24589  0.000  0.000  0.000 0.0000000000
24592  0.000  0.000  0.000 0.0000000000
24597  0.000  0.000  0.000 0.0000000000
24598  0.000  0.000  0.000 0.0000000000
24602  0.000  0.000  0.000 0.0000000000
24603  0.000  0.000  0.000 0.0000000000
24604  0.000  0.000  0.000 0.0000000000
25375  0.000  0.000  0.000 0.0000000000
25378  0.000  0.000  0.000 0.0000000000
25379  0.000  0.000  0.000 0.0000000000
25382  0.000  0.000  0.000 0.0000000000
25386  0.000  0.000  0.000 0.0000000000
25390  0.000  0.000  0.000 0.0000000000
25391  0.000  0.000  0.000 0.0000000000
25392  0.000  0.000  0.000 0.0000000000
25394  0.000  0.000  0.000 0.0000000000
25395  0.000  0.000  0.000 0.0000000000
25396  0.000  0.000  0.000 0.0000000000
26166  0.000  0.000  0.000 0.0000000000
26169  0.000  0.000  0.000 0.0000000000
26170  0.000  0.000  0.000 0.0000000000
26173  0.000  0.000  0.000 0.0000000000
26176  0.000  0.000  0.000 0.0000000000
26180  0.000  0.000  0.000 0.0000000000
26184  0.000  0.000  0.000 0.0000000000
26185  0.000  0.000  0.000 0.0000000000
26186  0.000  0.000  0.000 0.0000000000
26188  0.000  0.000  0.000 0.0000000000
26189  0.000  0.000  0.000 0.0000000000
26955  0.000  0.000  0.000 0.0000000000
26956  0.000  0.000  0.000 0.0000000000
26958  0.000  0.000  0.000 0.0000000000
26959  0.000  0.000  0.000 0.0000000000
26961  0.000  0.000  0.000 0.0000000000
26964  0.000  0.000  0.000 0.0000000000
26968  0.000  0.000  0.000 0.0000000000
26972  0.000  0.000  0.000 0.0000000000
26973  0.000  0.000  0.000 0.0000000000
26974  0.000  0.000  0.000 0.0000000000
26976  0.000  0.000  0.000 0.0000000000
26977  0.000  0.000  0.000 0.0000000000
26978  0.000  0.000  0.000 0.0000000000
27733  0.000  0.000  0.000 0.0000000000
27735  0.000  0.000  0.000 0.0000000000
27738  0.000  0.000  0.000 0.0000000000
27741  0.000  0.000  0.000 0.0000000000
27745  0.000  0.000  0.000 0.0000000000
27746  0.000  0.000  0.000 0.0000000000
27749  0.000  0.000  0.000 0.0000000000
27750  0.000  0.000  0.000 0.0000000000
27751  0.000  0.000  0.000 0.0000000000
27752  0.000  0.000  0.000 0.0000000000
27753  0.000  0.000  0.000 0.0000000000
27754  0.000  0.000  0.000 0.0000000000
28504  0.000  0.000  0.000 0.0000000000
28507  0.000  0.000  0.000 0.0000000000
28509  0.000  0.000  0.000 0.0000000000
28512  0.000  0.000  0.000 0.0000000000
28515  0.000  0.000  0.000 0.0000000000
28516  0.000  0.000  0.000 0.0000000000
28517  0.000  0.000  0.000 0.0000000000
28518  0.000  0.000  0.000 0.0000000000
28519  0.000  0.000  0.000 0.0000000000
28520  0.000  0.000  0.000 0.0000000000
28521  0.000  0.000  0.000 0.0000000000
28522  0.000  0.000  0.000 0.0000000000
28523  0.000  0.000  0.000 0.0000000000
29281  0.000  0.000  0.000 0.0000000000
29283  0.000  0.000  0.000 0.0000000000
29286  0.000  0.000  0.000 0.0000000000
29290  0.000  0.000  0.000 0.0000000000
29291  0.000  0.000  0.000 0.0000000000
29292  0.000  0.000  0.000 0.0000000000
29293  0.000  0.000  0.000 0.0000000000
29294  0.000  0.000  0.000 0.0000000000
29295  0.000  0.000  0.000 0.0000000000
29296  0.000  0.000  0.000 0.0000000000
29297  0.000  0.000  0.000 0.0000000000
29298  0.000  0.000  0.000 0.0000000000
29299  0.000  0.000  0.000 0.0000000000
29300  0.000  0.000  0.000 0.0000000000
29301  0.000  0.000  0.000 0.0000000000
29302  0.000  0.000  0.000 0.0000000000
30018  0.000  0.000  0.000 0.0000000000
30020  0.000  0.000  0.000 0.0000000000
30022  0.000  0.000  0.000 0.0000000000
30023  0.000  0.000  0.000 0.0000000000
30025  0.000  0.000  0.000 0.0000000000
30026  0.000  0.000  0.000 0.0000000000
30027  0.000  0.000  0.000 0.0000000000
30028  0.000  0.000  0.000 0.0000000000
30029  0.000  0.000  0.000 0.0000000000
30030  0.000  0.000  0.000 0.0000000000
30031  0.000  0.000  0.000 0.0000000000
30032  0.000  0.000  0.000 0.0000000000
30033  0.000  0.000  0.000 0.0000000000
30034  0.000  0.000  0.000 0.0000000000
30035  0.000  0.000  0.000 0.0000000000
30036  0.000  0.000  0.000 0.0000000000
30848  0.000  0.000  0.000 0.0000000000
30855  0.000  0.000  0.000 0.0000000000
30856  0.000  0.000  0.000 0.0000000000
30858  0.000  0.000  0.000 0.0000000000
30859  0.000  0.000  0.000 0.0000000000
30860  0.000  0.000  0.000 0.0000000000
30861  0.000  0.000  0.000 0.0000000000
30862  0.000  0.000  0.000 0.0000000000
30863  0.000  0.000  0.000 0.0000000000
30864  0.000  0.000  0.000 0.0000000000
30865  0.000  0.000  0.000 0.0000000000
30866  0.000  0.000  0.000 0.0000000000
30867  0.000  0.000  0.000 0.0000000000
30868  0.000  0.000  0.000 0.0000000000
30869  0.000  0.000  0.000 0.0000000000
30870  0.000  0.000  0.000 0.0000000000
30871  0.000  0.000  0.000 0.0000000000
30872  0.000  0.000  0.000 0.0000000000
30873  0.000  0.000  0.000 0.0000000000
30874  0.000  0.000  0.000 0.0000000000
30875  0.000  0.000  0.000 0.0000000000
30876  0.000  0.000  0.000 0.0000000000
31681  0.000  0.000  0.000 0.0000000000
31682  0.000  0.000  0.000 0.0000000000
31683  0.000  0.000  0.000 0.0000000000
31684  0.000  0.000  0.000 0.0000000000
31685  0.000  0.000  0.000 0.0000000000
31686  0.000  0.000  0.000 0.0000000000
31687  0.000  0.000  0.000 0.0000000000
31688  0.000  0.000  0.000 0.0000000000
31689  0.000  0.000  0.000 0.0000000000
31690  0.000  0.000  0.000 0.0000000000
31691  0.000  0.000  0.000 0.0000000000
31692  0.000  0.000  0.000 0.0000000000
31693  0.000  0.000  0.000 0.0000000000
31694  0.000  0.000  0.000 0.0000000000
31695  0.000  0.000  0.000 0.0000000000
31696  0.000  0.000  0.000 0.0000000000
31697  0.000  0.000  0.000 0.0000000000
31698  0.000  0.000  0.000 0.0000000000
32886  0.000  0.000  0.000 0.0000000000
32893  0.000  0.000  0.000 0.0000000000
32894  0.000  0.000  0.000 0.0000000000
32895  0.000  0.000  0.000 0.0000000000
32896  0.000  0.000  0.000 0.0000000000
32897  0.000  0.000  0.000 0.0000000000
32898  0.000  0.000  0.000 0.0000000000
32899  0.000  0.000  0.000 0.0000000000
32900  0.000  0.000  0.000 0.0000000000
32901  0.000  0.000  0.000 0.0000000000
32902  0.000  0.000  0.000 0.0000000000
32903  0.000  0.000  0.000 0.0000000000
32904  0.000  0.000  0.000 0.0000000000
32905  0.000  0.000  0.000 0.0000000000
32906  0.000  0.000  0.000 0.0000000000
32907  0.000  0.000  0.000 0.0000000000
32908  0.000  0.000  0.000 0.0000000000
32909  0.000  0.000  0.000 0.0000000000
32910  0.000  0.000  0.000 0.0000000000
32911  0.000  0.000  0.000 0.0000000000
32912  0.000  0.000  0.000 0.0000000000
32913  0.000  0.000  0.000 0.0000000000
32914  0.000  0.000  0.000 0.0000000000
33694  0.000  0.000  0.000 0.0000000000
33695  0.000  0.000  0.000 0.0000000000
33696  0.000  0.000  0.000 0.0000000000
33697  0.000  0.000  0.000 0.0000000000
33698  0.000  0.000  0.000 0.0000000000
33699  0.000  0.000  0.000 0.0000000000
33700  0.000  0.000  0.000 0.0000000000
33701  0.000  0.000  0.000 0.0000000000
33702  0.000  0.000  0.000 0.0000000000
33703  0.000  0.000  0.000 0.0000000000
33704  0.000  0.000  0.000 0.0000000000
33705  0.000  0.000  0.000 0.0000000000
33706  0.000  0.000  0.000 0.0000000000
33707  0.000  0.000  0.000 0.0000000000
33708  0.000  0.000  0.000 0.0000000000
33709  0.000  0.000  0.000 0.0000000000
33710  0.000  0.000  0.000 0.0000000000
33711  0.000  0.000  0.000 0.0000000000
33712  0.000  0.000  0.000 0.0000000000
34409  0.000  0.000  0.000 0.0000000000
34411  0.000  0.000  0.000 0.0000000000
34412  0.000  0.000  0.000 0.0000000000
34413  0.000  0.000  0.000 0.0000000000
34414  0.000  0.000  0.000 0.0000000000
34415  0.000  0.000  0.000 0.0000000000
34416  0.000  0.000  0.000 0.0000000000
34417  0.000  0.000  0.000 0.0000000000
34418  0.000  0.000  0.000 0.0000000000
34419  0.000  0.000  0.000 0.0000000000
34420  0.000  0.000  0.000 0.0000000000
34421  0.000  0.000  0.000 0.0000000000
34422  0.000  0.000  0.000 0.0000000000
34423  0.000  0.000  0.000 0.0000000000
34424  0.000  0.000  0.000 0.0000000000
34425  0.000  0.000  0.000 0.0000000000
34426  0.000  0.000  0.000 0.0000000000
34427  0.000  0.000  0.000 0.0000000000
34428  0.000  0.000  0.000 0.0000000000
34429  0.000  0.000  0.000 0.0000000000
34430  0.000  0.000  0.000 0.0000000000
34431  0.000  0.000  0.000 0.0000000000
34432  0.000  0.000  0.000 0.0000000000
34433  0.000  0.000  0.000 0.0000000000
34434  0.000  0.000  0.000 0.0000000000
34435  0.000  0.000  0.000 0.0000000000
35206  0.000  0.000  0.000 0.0000000000
35208  0.000  0.000  0.000 0.0000000000
35210  0.000  0.000  0.000 0.0000000000
35211  0.000  0.000  0.000 0.0000000000
35212  0.000  0.000  0.000 0.0000000000
35213  0.000  0.000  0.000 0.0000000000
35214  0.000  0.000  0.000 0.0000000000
35215  0.000  0.000  0.000 0.0000000000
35216  0.000  0.000  0.000 0.0000000000
35217  0.000  0.000  0.000 0.0000000000
35218  0.000  0.000  0.000 0.0000000000
35219  0.000  0.000  0.000 0.0000000000
35220  0.000  0.000  0.000 0.0000000000
35221  0.000  0.000  0.000 0.0000000000
35222  0.000  0.000  0.000 0.0000000000
35223  0.000  0.000  0.000 0.0000000000
35224  0.000  0.000  0.000 0.0000000000
35225  0.000  0.000  0.000 0.0000000000
35226  0.000  0.000  0.000 0.0000000000
35227  0.000  0.000  0.000 0.0000000000
35228  0.000  0.000  0.000 0.0000000000
35229  0.000  0.000  0.000 0.0000000000
36105  0.000  0.000  0.000 0.0000000000
36108  0.000  0.000  0.000 0.0000000000
36111  0.000  0.000  0.000 0.0000000000
36113  0.000  0.000  0.000 0.0000000000
36114  0.000  0.000  0.000 0.0000000000
36115  0.000  0.000  0.000 0.0000000000
36116  0.000  0.000  0.000 0.0000000000
36117  0.000  0.000  0.000 0.0000000000
36118  0.000  0.000  0.000 0.0000000000
36119  0.000  0.000  0.000 0.0000000000
36120  0.000  0.000  0.000 0.0000000000
36121  0.000  0.000  0.000 0.0000000000
36122  0.000  0.000  0.000 0.0000000000
36123  0.000  0.000  0.000 0.0000000000
36124  0.000  0.000  0.000 0.0000000000
36125  0.000  0.000  0.000 0.0000000000
36126  0.000  0.000  0.000 0.0000000000
36127  0.000  0.000  0.000 0.0000000000
36128  0.000  0.000  0.000 0.0000000000
36129  0.000  0.000  0.000 0.0000000000
36130  0.000  0.000  0.000 0.0000000000
36131  0.000  0.000  0.000 0.0000000000
36132  0.000  0.000  0.000 0.0000000000
36133  0.000  0.000  0.000 0.0000000000
36134  0.000  0.000  0.000 0.0000000000
36135  0.000  0.000  0.000 0.0000000000
36969  0.000  0.000  0.000 0.0000000000
36973  0.000  0.000  0.000 0.0000000000
36976  0.000  0.000  0.000 0.0000000000
36979  0.000  0.000  0.000 0.0000000000
36982  0.000  0.000  0.000 0.0000000000
36983  0.000  0.000  0.000 0.0000000000
36985  0.000  0.000  0.000 0.0000000000
36986  0.000  0.000  0.000 0.0000000000
36987  0.000  0.000  0.000 0.0000000000
36988  0.000  0.000  0.000 0.0000000000
36989  0.000  0.000  0.000 0.0000000000
36990  0.000  0.000  0.000 0.0000000000
36991  0.000  0.000  0.000 0.0000000000
36992  0.000  0.000  0.000 0.0000000000
36993  0.000  0.000  0.000 0.0000000000
36994  0.000  0.000  0.000 0.0000000000
36995  0.000  0.000  0.000 0.0000000000
36996  0.000  0.000  0.000 0.0000000000
36997  0.000  0.000  0.000 0.0000000000
36998  0.000  0.000  0.000 0.0000000000
36999  0.000  0.000  0.000 0.0000000000
37000  0.000  0.000  0.000 0.0000000000
37001  0.000  0.000  0.000 0.0000000000
37002  0.000  0.000  0.000 0.0000000000
37003  0.000  0.000  0.000 0.0000000000
37784  0.000  0.000  0.000 0.0000000000
37786  0.000  0.000  0.000 0.0000000000
37787  0.000  0.000  0.000 0.0000000000
37790  0.000  0.000  0.000 0.0000000000
37791  0.000  0.000  0.000 0.0000000000
37794  0.000  0.000  0.000 0.0000000000
37796  0.000  0.000  0.000 0.0000000000
37799  0.000  0.000  0.000 0.0000000000
37800  0.000  0.000  0.000 0.0000000000
37802  0.000  0.000  0.000 0.0000000000
37803  0.000  0.000  0.000 0.0000000000
37805  0.000  0.000  0.000 0.0000000000
37806  0.000  0.000  0.000 0.0000000000
37807  0.000  0.000  0.000 0.0000000000
37808  0.000  0.000  0.000 0.0000000000
37809  0.000  0.000  0.000 0.0000000000
37810  0.000  0.000  0.000 0.0000000000
37811  0.000  0.000  0.000 0.0000000000
37812  0.000  0.000  0.000 0.0000000000
37813  0.000  0.000  0.000 0.0000000000
37814  0.000  0.000  0.000 0.0000000000
37815  0.000  0.000  0.000 0.0000000000
37816  0.000  0.000  0.000 0.0000000000
37817  0.000  0.000  0.000 0.0000000000
37818  0.000  0.000  0.000 0.0000000000
37819  0.000  0.000  0.000 0.0000000000
37820  0.000  0.000  0.000 0.0000000000
38572  0.000  0.000  0.000 0.0000000000
38573  0.000  0.000  0.000 0.0000000000
38575  0.000  0.000  0.000 0.0000000000
38578  0.000  0.000  0.000 0.0000000000
38579  0.000  0.000  0.000 0.0000000000
38583  0.000  0.000  0.000 0.0000000000
38586  0.000  0.000  0.000 0.0000000000
38589  0.000  0.000  0.000 0.0000000000
38592  0.000  0.000  0.000 0.0000000000
38593  0.000  0.000  0.000 0.0000000000
38595  0.000  0.000  0.000 0.0000000000
38596  0.000  0.000  0.000 0.0000000000
38597  0.000  0.000  0.000 0.0000000000
38598  0.000  0.000  0.000 0.0000000000
38599  0.000  0.000  0.000 0.0000000000
38600  0.000  0.000  0.000 0.0000000000
38601  0.000  0.000  0.000 0.0000000000
38602  0.000  0.000  0.000 0.0000000000
38603  0.000  0.000  0.000 0.0000000000
38604  0.000  0.000  0.000 0.0000000000
38605  0.000  0.000  0.000 0.0000000000
38606  0.000  0.000  0.000 0.0000000000
38607  0.000  0.000  0.000 0.0000000000
38608  0.000  0.000  0.000 0.0000000000
38609  0.000  0.000  0.000 0.0000000000
38610  0.000  0.000  0.000 0.0000000000
39324  0.000  0.000  0.000 0.0000000000
39325  0.000  0.000  0.000 0.0000000000
39331  0.000  0.000  0.000 0.0000000000
39332  0.000  0.000  0.000 0.0000000000
39337  0.000  0.000  0.000 0.0000000000
39338  0.000  0.000  0.000 0.0000000000
39340  0.000  0.000  0.000 0.0000000000
39341  0.000  0.000  0.000 0.0000000000
39344  0.000  0.000  0.000 0.0000000000
39347  0.000  0.000  0.000 0.0000000000
39348  0.000  0.000  0.000 0.0000000000
39350  0.000  0.000  0.000 0.0000000000
39351  0.000  0.000  0.000 0.0000000000
39354  0.000  0.000  0.000 0.0000000000
39355  0.000  0.000  0.000 0.0000000000
39357  0.000  0.000  0.000 0.0000000000
39358  0.000  0.000  0.000 0.0000000000
39359  0.000  0.000  0.000 0.0000000000
39360  0.000  0.000  0.000 0.0000000000
39361  0.000  0.000  0.000 0.0000000000
39362  0.000  0.000  0.000 0.0000000000
39363  0.000  0.000  0.000 0.0000000000
39364  0.000  0.000  0.000 0.0000000000
39365  0.000  0.000  0.000 0.0000000000
39366  0.000  0.000  0.000 0.0000000000
39367  0.000  0.000  0.000 0.0000000000
39368  0.000  0.000  0.000 0.0000000000
39369  0.000  0.000  0.000 0.0000000000
39370  0.000  0.000  0.000 0.0000000000
39371  0.000  0.000  0.000 0.0000000000
39372  0.000  0.000  0.000 0.0000000000
40137  0.000  0.000  0.000 0.0000000000
40154  0.000  0.000  0.000 0.0000000000
40172  0.000  0.000  0.000 0.0000000000
40173  0.000  0.000  0.000 0.0000000000
40187  0.000  0.000  0.000 0.0000000000
40188  0.000  0.000  0.000 0.0000000000
40196  0.000  0.000  0.000 0.0000000000
40197  0.000  0.000  0.000 0.0000000000
40202  0.000  0.000  0.000 0.0000000000
40203  0.000  0.000  0.000 0.0000000000
40205  0.000  0.000  0.000 0.0000000000
40206  0.000  0.000  0.000 0.0000000000
40209  0.000  0.000  0.000 0.0000000000
40210  0.000  0.000  0.000 0.0000000000
40214  0.000  0.000  0.000 0.0000000000
40215  0.000  0.000  0.000 0.0000000000
40218  0.000  0.000  0.000 0.0000000000
40221  0.000  0.000  0.000 0.0000000000
40223  0.000  0.000  0.000 0.0000000000
40224  0.000  0.000  0.000 0.0000000000
40225  0.000  0.000  0.000 0.0000000000
40226  0.000  0.000  0.000 0.0000000000
40227  0.000  0.000  0.000 0.0000000000
40228  0.000  0.000  0.000 0.0000000000
40229  0.000  0.000  0.000 0.0000000000
40230  0.000  0.000  0.000 0.0000000000
40231  0.000  0.000  0.000 0.0000000000
40232  0.000  0.000  0.000 0.0000000000
40233  0.000  0.000  0.000 0.0000000000
40234  0.000  0.000  0.000 0.0000000000
40235  0.000  0.000  0.000 0.0000000000
40236  0.000  0.000  0.000 0.0000000000
40237  0.000  0.000  0.000 0.0000000000
40238  0.000  0.000  0.000 0.0000000000
40239  0.000  0.000  0.000 0.0000000000
41073  0.000  0.000  0.000 0.0000000000
41085  0.000  0.000  0.000 0.0000000000
41086  0.000  0.000  0.000 0.0000000000
41100  0.000  0.000  0.000 0.0000000000
41101  0.000  0.000  0.000 0.0000000000
41115  0.000  0.000  0.000 0.0000000000
41116  0.000  0.000  0.000 0.0000000000
41117  0.000  0.000  0.000 0.0000000000
41137  0.000  0.000  0.000 0.0000000000
41138  0.000  0.000  0.000 0.0000000000
41139  0.000  0.000  0.000 0.0000000000
41159  0.000  0.000  0.000 0.0000000000
41160  0.000  0.000  0.000 0.0000000000
41161  0.000  0.000  0.000 0.0000000000
41175  0.000  0.000  0.000 0.0000000000
41176  0.000  0.000  0.000 0.0000000000
41188  0.000  0.000  0.000 0.0000000000
41189  0.000  0.000  0.000 0.0000000000
41190  0.000  0.000  0.000 0.0000000000
41200  0.000  0.000  0.000 0.0000000000
41201  0.000  0.000  0.000 0.0000000000
41208  0.000  0.000  0.000 0.0000000000
41209  0.000  0.000  0.000 0.0000000000
41211  0.000  0.000  0.000 0.0000000000
41214  0.000  0.000  0.000 0.0000000000
41217  0.000  0.000  0.000 0.0000000000
41220  0.000  0.000  0.000 0.0000000000
41223  0.000  0.000  0.000 0.0000000000
41224  0.000  0.000  0.000 0.0000000000
41225  0.000  0.000  0.000 0.0000000000
41226  0.000  0.000  0.000 0.0000000000
41227  0.000  0.000  0.000 0.0000000000
41228  0.000  0.000  0.000 0.0000000000
41229  0.000  0.000  0.000 0.0000000000
41230  0.000  0.000  0.000 0.0000000000
41231  0.000  0.000  0.000 0.0000000000
41232  0.000  0.000  0.000 0.0000000000
41233  0.000  0.000  0.000 0.0000000000
41234  0.000  0.000  0.000 0.0000000000
41235  0.000  0.000  0.000 0.0000000000
41236  0.000  0.000  0.000 0.0000000000
41237  0.000  0.000  0.000 0.0000000000
41238  0.000  0.000  0.000 0.0000000000
41239  0.000  0.000  0.000 0.0000000000
41993  0.000  0.000  0.000 0.0000000000
41994  0.000  0.000  0.000 0.0000000000
42008  0.000  0.000  0.000 0.0000000000
42009  0.000  0.000  0.000 0.0000000000
42010  0.000  0.000  0.000 0.0000000000
42022  0.000  0.000  0.000 0.0000000000
42023  0.000  0.000  0.000 0.0000000000
42036  0.000  0.000  0.000 0.0000000000
42037  0.000  0.000  0.000 0.0000000000
42048  0.000  0.000  0.000 0.0000000000
42049  0.000  0.000  0.000 0.0000000000
42050  0.000  0.000  0.000 0.0000000000
42064  0.000  0.000  0.000 0.0000000000
42065  0.000  0.000  0.000 0.0000000000
42084  0.000  0.000  0.000 0.0000000000
42085  0.000  0.000  0.000 0.0000000000
42100  0.000  0.000  0.000 0.0000000000
42101  0.000  0.000  0.000 0.0000000000
42109  0.000  0.000  0.000 0.0000000000
42110  0.000  0.000  0.000 0.0000000000
42123  0.000  0.000  0.000 0.0000000000
42131  0.000  0.000  0.000 0.0000000000
42133  0.000  0.000  0.000 0.0000000000
42136  0.000  0.000  0.000 0.0000000000
42137  0.000  0.000  0.000 0.0000000000
42140  0.000  0.000  0.000 0.0000000000
42141  0.000  0.000  0.000 0.0000000000
42143  0.000  0.000  0.000 0.0000000000
42144  0.000  0.000  0.000 0.0000000000
42147  0.000  0.000  0.000 0.0000000000
42148  0.000  0.000  0.000 0.0000000000
42149  0.000  0.000  0.000 0.0000000000
42150  0.000  0.000  0.000 0.0000000000
42151  0.000  0.000  0.000 0.0000000000
42152  0.000  0.000  0.000 0.0000000000
42153  0.000  0.000  0.000 0.0000000000
42154  0.000  0.000  0.000 0.0000000000
42155  0.000  0.000  0.000 0.0000000000
42156  0.000  0.000  0.000 0.0000000000
42157  0.000  0.000  0.000 0.0000000000
42158  0.000  0.000  0.000 0.0000000000
42159  0.000  0.000  0.000 0.0000000000
42160  0.000  0.000  0.000 0.0000000000
42161  0.000  0.000  0.000 0.0000000000
42162  0.000  0.000  0.000 0.0000000000
42163  0.000  0.000  0.000 0.0000000000
42164  0.000  0.000  0.000 0.0000000000
42165  0.000  0.000  0.000 0.0000000000
42770  0.000  0.000  0.000 0.0000000000
42777  0.000  0.000  0.000 0.0000000000
42787  0.000  0.000  0.000 0.0000000000
42798  0.000  0.000  0.000 0.0000000000
42799  0.000  0.000  0.000 0.0000000000
42809  0.000  0.000  0.000 0.0000000000
42810  0.000  0.000  0.000 0.0000000000
42821  0.000  0.000  0.000 0.0000000000
42822  0.000  0.000  0.000 0.0000000000
42833  0.000  0.000  0.000 0.0000000000
42834  0.000  0.000  0.000 0.0000000000
42846  0.000  0.000  0.000 0.0000000000
42847  0.000  0.000  0.000 0.0000000000
42859  0.000  0.000  0.000 0.0000000000
42860  0.000  0.000  0.000 0.0000000000
42861  0.000  0.000  0.000 0.0000000000
42872  0.000  0.000  0.000 0.0000000000
42873  0.000  0.000  0.000 0.0000000000
42882  0.000  0.000  0.000 0.0000000000
42883  0.000  0.000  0.000 0.0000000000
42898  0.000  0.000  0.000 0.0000000000
42899  0.000  0.000  0.000 0.0000000000
42920  0.000  0.000  0.000 0.0000000000
42936  0.000  0.000  0.000 0.0000000000
42937  0.000  0.000  0.000 0.0000000000
42957  0.000  0.000  0.000 0.0000000000
42958  0.000  0.000  0.000 0.0000000000
42967  0.000  0.000  0.000 0.0000000000
42968  0.000  0.000  0.000 0.0000000000
42970  0.000  0.000  0.000 0.0000000000
42971  0.000  0.000  0.000 0.0000000000
42974  0.000  0.000  0.000 0.0000000000
42975  0.000  0.000  0.000 0.0000000000
42979  0.000  0.000  0.000 0.0000000000
42982  0.000  0.000  0.000 0.0000000000
42985  0.000  0.000  0.000 0.0000000000
42986  0.000  0.000  0.000 0.0000000000
42987  0.000  0.000  0.000 0.0000000000
42988  0.000  0.000  0.000 0.0000000000
42989  0.000  0.000  0.000 0.0000000000
42990  0.000  0.000  0.000 0.0000000000
42991  0.000  0.000  0.000 0.0000000000
42992  0.000  0.000  0.000 0.0000000000
42993  0.000  0.000  0.000 0.0000000000
42994  0.000  0.000  0.000 0.0000000000
42995  0.000  0.000  0.000 0.0000000000
42996  0.000  0.000  0.000 0.0000000000
42997  0.000  0.000  0.000 0.0000000000
42998  0.000  0.000  0.000 0.0000000000
42999  0.000  0.000  0.000 0.0000000000
43000  0.000  0.000  0.000 0.0000000000
43001  0.000  0.000  0.000 0.0000000000
43002  0.000  0.000  0.000 0.0000000000
43003  0.000  0.000  0.000 0.0000000000
43612  0.000  0.000  0.000 0.0000000000
43613  0.000  0.000  0.000 0.0000000000
43630  0.000  0.000  0.000 0.0000000000
43631  0.000  0.000  0.000 0.0000000000
43644  0.000  0.000  0.000 0.0000000000
43645  0.000  0.000  0.000 0.0000000000
43656  0.000  0.000  0.000 0.0000000000
43657  0.000  0.000  0.000 0.0000000000
43667  0.000  0.000  0.000 0.0000000000
43668  0.000  0.000  0.000 0.0000000000
43678  0.000  0.000  0.000 0.0000000000
43679  0.000  0.000  0.000 0.0000000000
43691  0.000  0.000  0.000 0.0000000000
43692  0.000  0.000  0.000 0.0000000000
43693  0.000  0.000  0.000 0.0000000000
43707  0.000  0.000  0.000 0.0000000000
43708  0.000  0.000  0.000 0.0000000000
43726  0.000  0.000  0.000 0.0000000000
43727  0.000  0.000  0.000 0.0000000000
43748  0.000  0.000  0.000 0.0000000000
43772  0.000  0.000  0.000 0.0000000000
43773  0.000  0.000  0.000 0.0000000000
43797  0.000  0.000  0.000 0.0000000000
43820  0.000  0.000  0.000 0.0000000000
43837  0.000  0.000  0.000 0.0000000000
43838  0.000  0.000  0.000 0.0000000000
43855  0.000  0.000  0.000 0.0000000000
43865  0.000  0.000  0.000 0.0000000000
43868  0.000  0.000  0.000 0.0000000000
43870  0.000  0.000  0.000 0.0000000000
43873  0.000  0.000  0.000 0.0000000000
43876  0.000  0.000  0.000 0.0000000000
43879  0.000  0.000  0.000 0.0000000000
43880  0.000  0.000  0.000 0.0000000000
43881  0.000  0.000  0.000 0.0000000000
43882  0.000  0.000  0.000 0.0000000000
43883  0.000  0.000  0.000 0.0000000000
43884  0.000  0.000  0.000 0.0000000000
43885  0.000  0.000  0.000 0.0000000000
43886  0.000  0.000  0.000 0.0000000000
43887  0.000  0.000  0.000 0.0000000000
43888  0.000  0.000  0.000 0.0000000000
43889  0.000  0.000  0.000 0.0000000000
43890  0.000  0.000  0.000 0.0000000000
43891  0.000  0.000  0.000 0.0000000000
43892  0.000  0.000  0.000 0.0000000000
43893  0.000  0.000  0.000 0.0000000000
43894  0.000  0.000  0.000 0.0000000000
44458  0.000  0.000  0.000 0.0000000000
44475  0.000  0.000  0.000 0.0000000000
44476  0.000  0.000  0.000 0.0000000000
44491  0.000  0.000  0.000 0.0000000000
44492  0.000  0.000  0.000 0.0000000000
44506  0.000  0.000  0.000 0.0000000000
44515  0.000  0.000  0.000 0.0000000000
44516  0.000  0.000  0.000 0.0000000000
44526  0.000  0.000  0.000 0.0000000000
44527  0.000  0.000  0.000 0.0000000000
44539  0.000  0.000  0.000 0.0000000000
44540  0.000  0.000  0.000 0.0000000000
44552  0.000  0.000  0.000 0.0000000000
44565  0.000  0.000  0.000 0.0000000000
44566  0.000  0.000  0.000 0.0000000000
44578  0.000  0.000  0.000 0.0000000000
44591  0.000  0.000  0.000 0.0000000000
44592  0.000  0.000  0.000 0.0000000000
44605  0.000  0.000  0.000 0.0000000000
44614  0.000  0.000  0.000 0.0000000000
44615  0.000  0.000  0.000 0.0000000000
44625  0.000  0.000  0.000 0.0000000000
44626  0.000  0.000  0.000 0.0000000000
44636  0.000  0.000  0.000 0.0000000000
44647  0.000  0.000  0.000 0.0000000000
44657  0.000  0.000  0.000 0.0000000000
44659  0.000  0.000  0.000 0.0000000000
44662  0.000  0.000  0.000 0.0000000000
44665  0.000  0.000  0.000 0.0000000000
44668  0.000  0.000  0.000 0.0000000000
44669  0.000  0.000  0.000 0.0000000000
44670  0.000  0.000  0.000 0.0000000000
44671  0.000  0.000  0.000 0.0000000000
44672  0.000  0.000  0.000 0.0000000000
44673  0.000  0.000  0.000 0.0000000000
44674  0.000  0.000  0.000 0.0000000000
44675  0.000  0.000  0.000 0.0000000000
44676  0.000  0.000  0.000 0.0000000000
44677  0.000  0.000  0.000 0.0000000000
44678  0.000  0.000  0.000 0.0000000000
44679  0.000  0.000  0.000 0.0000000000
44680  0.000  0.000  0.000 0.0000000000
44681  0.000  0.000  0.000 0.0000000000
45211  0.000  0.000  0.000 0.0000000000
45225  0.000  0.000  0.000 0.0000000000
45241  0.000  0.000  0.000 0.0000000000
45259  0.000  0.000  0.000 0.0000000000
45260  0.000  0.000  0.000 0.0000000000
45276  0.000  0.000  0.000 0.0000000000
45277  0.000  0.000  0.000 0.0000000000
45292  0.000  0.000  0.000 0.0000000000
45293  0.000  0.000  0.000 0.0000000000
45311  0.000  0.000  0.000 0.0000000000
45312  0.000  0.000  0.000 0.0000000000
45331  0.000  0.000  0.000 0.0000000000
45353  0.000  0.000  0.000 0.0000000000
45354  0.000  0.000  0.000 0.0000000000
45380  0.000  0.000  0.000 0.0000000000
45404  0.000  0.000  0.000 0.0000000000
45405  0.000  0.000  0.000 0.0000000000
45428  0.000  0.000  0.000 0.0000000000
45446  0.000  0.000  0.000 0.0000000000
45447  0.000  0.000  0.000 0.0000000000
45462  0.000  0.000  0.000 0.0000000000
45463  0.000  0.000  0.000 0.0000000000
45478  0.000  0.000  0.000 0.0000000000
45485  0.000  0.000  0.000 0.0000000000
45495  0.000  0.000  0.000 0.0000000000
45504  0.000  0.000  0.000 0.0000000000
45508  0.000  0.000  0.000 0.0000000000
45512  0.000  0.000  0.000 0.0000000000
45515  0.000  0.000  0.000 0.0000000000
45516  0.000  0.000  0.000 0.0000000000
45517  0.000  0.000  0.000 0.0000000000
45518  0.000  0.000  0.000 0.0000000000
45519  0.000  0.000  0.000 0.0000000000
45520  0.000  0.000  0.000 0.0000000000
45521  0.000  0.000  0.000 0.0000000000
45522  0.000  0.000  0.000 0.0000000000
45523  0.000  0.000  0.000 0.0000000000
45524  0.000  0.000  0.000 0.0000000000
45525  0.000  0.000  0.000 0.0000000000
45526  0.000  0.000  0.000 0.0000000000
45527  0.000  0.000  0.000 0.0000000000
46041  0.000  0.000  0.000 0.0000000000
46053  0.000  0.000  0.000 0.0000000000
46067  0.000  0.000  0.000 0.0000000000
46083  0.000  0.000  0.000 0.0000000000
46084  0.000  0.000  0.000 0.0000000000
46101  0.000  0.000  0.000 0.0000000000
46113  0.000  0.000  0.000 0.0000000000
46114  0.000  0.000  0.000 0.0000000000
46125  0.000  0.000  0.000 0.0000000000
46126  0.000  0.000  0.000 0.0000000000
46133  0.000  0.000  0.000 0.0000000000
46141  0.000  0.000  0.000 0.0000000000
46142  0.000  0.000  0.000 0.0000000000
46153  0.000  0.000  0.000 0.0000000000
46166  0.000  0.000  0.000 0.0000000000
46167  0.000  0.000  0.000 0.0000000000
46181  0.000  0.000  0.000 0.0000000000
46193  0.000  0.000  0.000 0.0000000000
46203  0.000  0.000  0.000 0.0000000000
46204  0.000  0.000  0.000 0.0000000000
46217  0.000  0.000  0.000 0.0000000000
46229  0.000  0.000  0.000 0.0000000000
46238  0.000  0.000  0.000 0.0000000000
46246  0.000  0.000  0.000 0.0000000000
46252  0.000  0.000  0.000 0.0000000000
46253  0.000  0.000  0.000 0.0000000000
46254  0.000  0.000  0.000 0.0000000000
46256  0.000  0.000  0.000 0.0000000000
46257  0.000  0.000  0.000 0.0000000000
46258  0.000  0.000  0.000 0.0000000000
46260  0.000  0.000  0.000 0.0000000000
46261  0.000  0.000  0.000 0.0000000000
46262  0.000  0.000  0.000 0.0000000000
46263  0.000  0.000  0.000 0.0000000000
46264  0.000  0.000  0.000 0.0000000000
46265  0.000  0.000  0.000 0.0000000000
46266  0.000  0.000  0.000 0.0000000000
46267  0.000  0.000  0.000 0.0000000000
46268  0.000  0.000  0.000 0.0000000000
46269  0.000  0.000  0.000 0.0000000000
46270  0.000  0.000  0.000 0.0000000000
46271  0.000  0.000  0.000 0.0000000000
46272  0.000  0.000  0.000 0.0000000000
46273  0.000  0.000  0.000 0.0000000000
46274  0.000  0.000  0.000 0.0000000000
46777  0.000  0.000  0.000 0.0000000000
46786  0.000  0.000  0.000 0.0000000000
46797  0.000  0.000  0.000 0.0000000000
46811  0.000  0.000  0.000 0.0000000000
46825  0.000  0.000  0.000 0.0000000000
46826  0.000  0.000  0.000 0.0000000000
46842  0.000  0.000  0.000 0.0000000000
46858  0.000  0.000  0.000 0.0000000000
46859  0.000  0.000  0.000 0.0000000000
46872  0.000  0.000  0.000 0.0000000000
46873  0.000  0.000  0.000 0.0000000000
46883  0.000  0.000  0.000 0.0000000000
46884  0.000  0.000  0.000 0.0000000000
46893  0.000  0.000  0.000 0.0000000000
46894  0.000  0.000  0.000 0.0000000000
46907  0.000  0.000  0.000 0.0000000000
46923  0.000  0.000  0.000 0.0000000000
46924  0.000  0.000  0.000 0.0000000000
46945  0.000  0.000  0.000 0.0000000000
46946  0.000  0.000  0.000 0.0000000000
46967  0.000  0.000  0.000 0.0000000000
46994  0.000  0.000  0.000 0.0000000000
46995  0.000  0.000  0.000 0.0000000000
47023  0.000  0.000  0.000 0.0000000000
47024  0.000  0.000  0.000 0.0000000000
47054  0.000  0.000  0.000 0.0000000000
47079  0.000  0.000  0.000 0.0000000000
47099  0.000  0.000  0.000 0.0000000000
47118  0.000  0.000  0.000 0.0000000000
47130  0.000  0.000  0.000 0.0000000000
47131  0.000  0.000  0.000 0.0000000000
47132  0.000  0.000  0.000 0.0000000000
47133  0.000  0.000  0.000 0.0000000000
47141  0.000  0.000  0.000 0.0000000000
47142  0.000  0.000  0.000 0.0000000000
47143  0.000  0.000  0.000 0.0000000000
47144  0.000  0.000  0.000 0.0000000000
47145  0.000  0.000  0.000 0.0000000000
47146  0.000  0.000  0.000 0.0000000000
47147  0.000  0.000  0.000 0.0000000000
47148  0.000  0.000  0.000 0.0000000000
47149  0.000  0.000  0.000 0.0000000000
47150  0.000  0.000  0.000 0.0000000000
47151  0.000  0.000  0.000 0.0000000000
47152  0.000  0.000  0.000 0.0000000000
47153  0.000  0.000  0.000 0.0000000000
47154  0.000  0.000  0.000 0.0000000000
47614  0.000  0.000  0.000 0.0000000000
47618  0.000  0.000  0.000 0.0000000000
47619  0.000  0.000  0.000 0.0000000000
47627  0.000  0.000  0.000 0.0000000000
47628  0.000  0.000  0.000 0.0000000000
47638  0.000  0.000  0.000 0.0000000000
47639  0.000  0.000  0.000 0.0000000000
47640  0.000  0.000  0.000 0.0000000000
47652  0.000  0.000  0.000 0.0000000000
47653  0.000  0.000  0.000 0.0000000000
47666  0.000  0.000  0.000 0.0000000000
47681  0.000  0.000  0.000 0.0000000000
47682  0.000  0.000  0.000 0.0000000000
47700  0.000  0.000  0.000 0.0000000000
47714  0.000  0.000  0.000 0.0000000000
47715  0.000  0.000  0.000 0.0000000000
47725  0.000  0.000  0.000 0.0000000000
47726  0.000  0.000  0.000 0.0000000000
47733  0.000  0.000  0.000 0.0000000000
47734  0.000  0.000  0.000 0.0000000000
47741  0.000  0.000  0.000 0.0000000000
47754  0.000  0.000  0.000 0.0000000000
47755  0.000  0.000  0.000 0.0000000000
47769  0.000  0.000  0.000 0.0000000000
47787  0.000  0.000  0.000 0.0000000000
47807  0.000  0.000  0.000 0.0000000000
47808  0.000  0.000  0.000 0.0000000000
47828  0.000  0.000  0.000 0.0000000000
47829  0.000  0.000  0.000 0.0000000000
47843  0.000  0.000  0.000 0.0000000000
47850  0.000  0.000  0.000 0.0000000000
47856  0.000  0.000  0.000 0.0000000000
47864  0.000  0.000  0.000 0.0000000000
47865  0.000  0.000  0.000 0.0000000000
47866  0.000  0.000  0.000 0.0000000000
47867  0.000  0.000  0.000 0.0000000000
47878  0.000  0.000  0.000 0.0000000000
47879  0.000  0.000  0.000 0.0000000000
47880  0.000  0.000  0.000 0.0000000000
47887  0.000  0.000  0.000 0.0000000000
47888  0.000  0.000  0.000 0.0000000000
47889  0.000  0.000  0.000 0.0000000000
47890  0.000  0.000  0.000 0.0000000000
47891  0.000  0.000  0.000 0.0000000000
47892  0.000  0.000  0.000 0.0000000000
47893  0.000  0.000  0.000 0.0000000000
47894  0.000  0.000  0.000 0.0000000000
47895  0.000  0.000  0.000 0.0000000000
47896  0.000  0.000  0.000 0.0000000000
47897  0.000  0.000  0.000 0.0000000000
47898  0.000  0.000  0.000 0.0000000000
48372  0.000  0.000  0.000 0.0000000000
48373  0.000  0.000  0.000 0.0000000000
48377  0.000  0.000  0.000 0.0000000000
48378  0.000  0.000  0.000 0.0000000000
48379  0.000  0.000  0.000 0.0000000000
48383  0.000  0.000  0.000 0.0000000000
48384  0.000  0.000  0.000 0.0000000000
48385  0.000  0.000  0.000 0.0000000000
48394  0.000  0.000  0.000 0.0000000000
48395  0.000  0.000  0.000 0.0000000000
48396  0.000  0.000  0.000 0.0000000000
48397  0.000  0.000  0.000 0.0000000000
48408  0.000  0.000  0.000 0.0000000000
48409  0.000  0.000  0.000 0.0000000000
48410  0.000  0.000  0.000 0.0000000000
48423  0.000  0.000  0.000 0.0000000000
48433  0.000  0.000  0.000 0.0000000000
48434  0.000  0.000  0.000 0.0000000000
48448  0.000  0.000  0.000 0.0000000000
48465  0.000  0.000  0.000 0.0000000000
48466  0.000  0.000  0.000 0.0000000000
48480  0.000  0.000  0.000 0.0000000000
48489  0.000  0.000  0.000 0.0000000000
48490  0.000  0.000  0.000 0.0000000000
48498  0.000  0.000  0.000 0.0000000000
48499  0.000  0.000  0.000 0.0000000000
48513  0.000  0.000  0.000 0.0000000000
48514  0.000  0.000  0.000 0.0000000000
48530  0.000  0.000  0.000 0.0000000000
48531  0.000  0.000  0.000 0.0000000000
48550  0.000  0.000  0.000 0.0000000000
48569  0.000  0.000  0.000 0.0000000000
48590  0.000  0.000  0.000 0.0000000000
48591  0.000  0.000  0.000 0.0000000000
48615  0.000  0.000  0.000 0.0000000000
48616  0.000  0.000  0.000 0.0000000000
48640  0.000  0.000  0.000 0.0000000000
48641  0.000  0.000  0.000 0.0000000000
48665  0.000  0.000  0.000 0.0000000000
48667  0.000  0.000  0.000 0.0000000000
48691  0.000  0.000  0.000 0.0000000000
48692  0.000  0.000  0.000 0.0000000000
48693  0.000  0.000  0.000 0.0000000000
48694  0.000  0.000  0.000 0.0000000000
48695  0.000  0.000  0.000 0.0000000000
48721  0.000  0.000  0.000 0.0000000000
48722  0.000  0.000  0.000 0.0000000000
48723  0.000  0.000  0.000 0.0000000000
48750  0.000  0.000  0.000 0.0000000000
48751  0.000  0.000  0.000 0.0000000000
48752  0.000  0.000  0.000 0.0000000000
48753  0.000  0.000  0.000 0.0000000000
48779  0.000  0.000  0.000 0.0000000000
48780  0.000  0.000  0.000 0.0000000000
48781  0.000  0.000  0.000 0.0000000000
48806  0.000  0.000  0.000 0.0000000000
48807  0.000  0.000  0.000 0.0000000000
48808  0.000  0.000  0.000 0.0000000000
49353  0.000  0.000  0.000 0.0000000000
49358  0.000  0.000  0.000 0.0000000000
49359  0.000  0.000  0.000 0.0000000000
49360  0.000  0.000  0.000 0.0000000000
49365  0.000  0.000  0.000 0.0000000000
49366  0.000  0.000  0.000 0.0000000000
49367  0.000  0.000  0.000 0.0000000000
49372  0.000  0.000  0.000 0.0000000000
49373  0.000  0.000  0.000 0.0000000000
49382  0.000  0.000  0.000 0.0000000000
49383  0.000  0.000  0.000 0.0000000000
49384  0.000  0.000  0.000 0.0000000000
49394  0.000  0.000  0.000 0.0000000000
49395  0.000  0.000  0.000 0.0000000000
49396  0.000  0.000  0.000 0.0000000000
49406  0.000  0.000  0.000 0.0000000000
49407  0.000  0.000  0.000 0.0000000000
49408  0.000  0.000  0.000 0.0000000000
49417  0.000  0.000  0.000 0.0000000000
49418  0.000  0.000  0.000 0.0000000000
49429  0.000  0.000  0.000 0.0000000000
49430  0.000  0.000  0.000 0.0000000000
49446  0.000  0.000  0.000 0.0000000000
49447  0.000  0.000  0.000 0.0000000000
49460  0.000  0.000  0.000 0.0000000000
49471  0.000  0.000  0.000 0.0000000000
49472  0.000  0.000  0.000 0.0000000000
49479  0.000  0.000  0.000 0.0000000000
49489  0.000  0.000  0.000 0.0000000000
49490  0.000  0.000  0.000 0.0000000000
49502  0.000  0.000  0.000 0.0000000000
49503  0.000  0.000  0.000 0.0000000000
49515  0.000  0.000  0.000 0.0000000000
49528  0.000  0.000  0.000 0.0000000000
49541  0.000  0.000  0.000 0.0000000000
49551  0.000  0.000  0.000 0.0000000000
49552  0.000  0.000  0.000 0.0000000000
49563  0.000  0.000  0.000 0.0000000000
49564  0.000  0.000  0.000 0.0000000000
49565  0.000  0.000  0.000 0.0000000000
49575  0.000  0.000  0.000 0.0000000000
49576  0.000  0.000  0.000 0.0000000000
49577  0.000  0.000  0.000 0.0000000000
49578  0.000  0.000  0.000 0.0000000000
49579  0.000  0.000  0.000 0.0000000000
49589  0.000  0.000  0.000 0.0000000000
49590  0.000  0.000  0.000 0.0000000000
49591  0.000  0.000  0.000 0.0000000000
49592  0.000  0.000  0.000 0.0000000000
49593  0.000  0.000  0.000 0.0000000000
49594  0.000  0.000  0.000 0.0000000000
49595  0.000  0.000  0.000 0.0000000000
49602  0.000  0.000  0.000 0.0000000000
49603  0.000  0.000  0.000 0.0000000000
49604  0.000  0.000  0.000 0.0000000000
49605  0.000  0.000  0.000 0.0000000000
49612  0.000  0.000  0.000 0.0000000000
49613  0.000  0.000  0.000 0.0000000000
49614  0.000  0.000  0.000 0.0000000000
49622  0.000  0.000  0.000 0.0000000000
49623  0.000  0.000  0.000 0.0000000000
49624  0.000  0.000  0.000 0.0000000000
50170  0.000  0.000  0.000 0.0000000000
50171  0.000  0.000  0.000 0.0000000000
50177  0.000  0.000  0.000 0.0000000000
50178  0.000  0.000  0.000 0.0000000000
50184  0.000  0.000  0.000 0.0000000000
50185  0.000  0.000  0.000 0.0000000000
50186  0.000  0.000  0.000 0.0000000000
50191  0.000  0.000  0.000 0.0000000000
50192  0.000  0.000  0.000 0.0000000000
50193  0.000  0.000  0.000 0.0000000000
50198  0.000  0.000  0.000 0.0000000000
50199  0.000  0.000  0.000 0.0000000000
50200  0.000  0.000  0.000 0.0000000000
50208  0.000  0.000  0.000 0.0000000000
50209  0.000  0.000  0.000 0.0000000000
50210  0.000  0.000  0.000 0.0000000000
50211  0.000  0.000  0.000 0.0000000000
50221  0.000  0.000  0.000 0.0000000000
50222  0.000  0.000  0.000 0.0000000000
50223  0.000  0.000  0.000 0.0000000000
50224  0.000  0.000  0.000 0.0000000000
50234  0.000  0.000  0.000 0.0000000000
50235  0.000  0.000  0.000 0.0000000000
50236  0.000  0.000  0.000 0.0000000000
50237  0.000  0.000  0.000 0.0000000000
50247  0.000  0.000  0.000 0.0000000000
50248  0.000  0.000  0.000 0.0000000000
50249  0.000  0.000  0.000 0.0000000000
50261  0.000  0.000  0.000 0.0000000000
50262  0.000  0.000  0.000 0.0000000000
50263  0.000  0.000  0.000 0.0000000000
50277  0.000  0.000  0.000 0.0000000000
50278  0.000  0.000  0.000 0.0000000000
50279  0.000  0.000  0.000 0.0000000000
50294  0.000  0.000  0.000 0.0000000000
50295  0.000  0.000  0.000 0.0000000000
50306  0.000  0.000  0.000 0.0000000000
50307  0.000  0.000  0.000 0.0000000000
50314  0.000  0.000  0.000 0.0000000000
50323  0.000  0.000  0.000 0.0000000000
50324  0.000  0.000  0.000 0.0000000000
50333  0.000  0.000  0.000 0.0000000000
50334  0.000  0.000  0.000 0.0000000000
50343  0.000  0.000  0.000 0.0000000000
50352  0.000  0.000  0.000 0.0000000000
50359  0.000  0.000  0.000 0.0000000000
50361  0.000  0.000  0.000 0.0000000000
50369  0.000  0.000  0.000 0.0000000000
50370  0.000  0.000  0.000 0.0000000000
50371  0.000  0.000  0.000 0.0000000000
50372  0.000  0.000  0.000 0.0000000000
50380  0.000  0.000  0.000 0.0000000000
50381  0.000  0.000  0.000 0.0000000000
50382  0.000  0.000  0.000 0.0000000000
50383  0.000  0.000  0.000 0.0000000000
50384  0.000  0.000  0.000 0.0000000000
50385  0.000  0.000  0.000 0.0000000000
50395  0.000  0.000  0.000 0.0000000000
50396  0.000  0.000  0.000 0.0000000000
50397  0.000  0.000  0.000 0.0000000000
50398  0.000  0.000  0.000 0.0000000000
50399  0.000  0.000  0.000 0.0000000000
50400  0.000  0.000  0.000 0.0000000000
50401  0.000  0.000  0.000 0.0000000000
50402  0.000  0.000  0.000 0.0000000000
50403  0.000  0.000  0.000 0.0000000000
50414  0.000  0.000  0.000 0.0000000000
50415  0.000  0.000  0.000 0.0000000000
50416  0.000  0.000  0.000 0.0000000000
50417  0.000  0.000  0.000 0.0000000000
50426  0.000  0.000  0.000 0.0000000000
50427  0.000  0.000  0.000 0.0000000000
50428  0.000  0.000  0.000 0.0000000000
50949  0.000  0.000  0.000 0.0000000000
50950  0.000  0.000  0.000 0.0000000000
50954  0.000  0.000  0.000 0.0000000000
50955  0.000  0.000  0.000 0.0000000000
50956  0.000  0.000  0.000 0.0000000000
50960  0.000  0.000  0.000 0.0000000000
50961  0.000  0.000  0.000 0.0000000000
50962  0.000  0.000  0.000 0.0000000000
50968  0.000  0.000  0.000 0.0000000000
50969  0.000  0.000  0.000 0.0000000000
50977  0.000  0.000  0.000 0.0000000000
50978  0.000  0.000  0.000 0.0000000000
50988  0.000  0.000  0.000 0.0000000000
50989  0.000  0.000  0.000 0.0000000000
50990  0.000  0.000  0.000 0.0000000000
51001  0.000  0.000  0.000 0.0000000000
51002  0.000  0.000  0.000 0.0000000000
51003  0.000  0.000  0.000 0.0000000000
51004  0.000  0.000  0.000 0.0000000000
51016  0.000  0.000  0.000 0.0000000000
51017  0.000  0.000  0.000 0.0000000000
51018  0.000  0.000  0.000 0.0000000000
51031  0.000  0.000  0.000 0.0000000000
51032  0.000  0.000  0.000 0.0000000000
51033  0.000  0.000  0.000 0.0000000000
51034  0.000  0.000  0.000 0.0000000000
51049  0.000  0.000  0.000 0.0000000000
51050  0.000  0.000  0.000 0.0000000000
51051  0.000  0.000  0.000 0.0000000000
51067  0.000  0.000  0.000 0.0000000000
51068  0.000  0.000  0.000 0.0000000000
51069  0.000  0.000  0.000 0.0000000000
51070  0.000  0.000  0.000 0.0000000000
51082  0.000  0.000  0.000 0.0000000000
51083  0.000  0.000  0.000 0.0000000000
51084  0.000  0.000  0.000 0.0000000000
51093  0.000  0.000  0.000 0.0000000000
51102  0.000  0.000  0.000 0.0000000000
51103  0.000  0.000  0.000 0.0000000000
51112  0.000  0.000  0.000 0.0000000000
51120  0.000  0.000  0.000 0.0000000000
51127  0.000  0.000  0.000 0.0000000000
51128  0.000  0.000  0.000 0.0000000000
51136  0.000  0.000  0.000 0.0000000000
51137  0.000  0.000  0.000 0.0000000000
51138  0.000  0.000  0.000 0.0000000000
51145  0.000  0.000  0.000 0.0000000000
51146  0.000  0.000  0.000 0.0000000000
51147  0.000  0.000  0.000 0.0000000000
51148  0.000  0.000  0.000 0.0000000000
51149  0.000  0.000  0.000 0.0000000000
51150  0.000  0.000  0.000 0.0000000000
51161  0.000  0.000  0.000 0.0000000000
51162  0.000  0.000  0.000 0.0000000000
51163  0.000  0.000  0.000 0.0000000000
51164  0.000  0.000  0.000 0.0000000000
51165  0.000  0.000  0.000 0.0000000000
51166  0.000  0.000  0.000 0.0000000000
51167  0.000  0.000  0.000 0.0000000000
51168  0.000  0.000  0.000 0.0000000000
51169  0.000  0.000  0.000 0.0000000000
51170  0.000  0.000  0.000 0.0000000000
51182  0.000  0.000  0.000 0.0000000000
51183  0.000  0.000  0.000 0.0000000000
51184  0.000  0.000  0.000 0.0000000000
51754  0.000  0.000  0.000 0.0000000000
51755  0.000  0.000  0.000 0.0000000000
51763  0.000  0.000  0.000 0.0000000000
51764  0.000  0.000  0.000 0.0000000000
51774  0.000  0.000  0.000 0.0000000000
51775  0.000  0.000  0.000 0.0000000000
51783  0.000  0.000  0.000 0.0000000000
51784  0.000  0.000  0.000 0.0000000000
51785  0.000  0.000  0.000 0.0000000000
51793  0.000  0.000  0.000 0.0000000000
51794  0.000  0.000  0.000 0.0000000000
51795  0.000  0.000  0.000 0.0000000000
51796  0.000  0.000  0.000 0.0000000000
51807  0.000  0.000  0.000 0.0000000000
51808  0.000  0.000  0.000 0.0000000000
51809  0.000  0.000  0.000 0.0000000000
51810  0.000  0.000  0.000 0.0000000000
51820  0.000  0.000  0.000 0.0000000000
51821  0.000  0.000  0.000 0.0000000000
51822  0.000  0.000  0.000 0.0000000000
51823  0.000  0.000  0.000 0.0000000000
51834  0.000  0.000  0.000 0.0000000000
51835  0.000  0.000  0.000 0.0000000000
51836  0.000  0.000  0.000 0.0000000000
51837  0.000  0.000  0.000 0.0000000000
51849  0.000  0.000  0.000 0.0000000000
51850  0.000  0.000  0.000 0.0000000000
51851  0.000  0.000  0.000 0.0000000000
51852  0.000  0.000  0.000 0.0000000000
51853  0.000  0.000  0.000 0.0000000000
51861  0.000  0.000  0.000 0.0000000000
51862  0.000  0.000  0.000 0.0000000000
51863  0.000  0.000  0.000 0.0000000000
51864  0.000  0.000  0.000 0.0000000000
51865  0.000  0.000  0.000 0.0000000000
51874  0.000  0.000  0.000 0.0000000000
51875  0.000  0.000  0.000 0.0000000000
51887  0.000  0.000  0.000 0.0000000000
51899  0.000  0.000  0.000 0.0000000000
51909  0.000  0.000  0.000 0.0000000000
51910  0.000  0.000  0.000 0.0000000000
51911  0.000  0.000  0.000 0.0000000000
51912  0.000  0.000  0.000 0.0000000000
51921  0.000  0.000  0.000 0.0000000000
51922  0.000  0.000  0.000 0.0000000000
51923  0.000  0.000  0.000 0.0000000000
51924  0.000  0.000  0.000 0.0000000000
51934  0.000  0.000  0.000 0.0000000000
51935  0.000  0.000  0.000 0.0000000000
51936  0.000  0.000  0.000 0.0000000000
51937  0.000  0.000  0.000 0.0000000000
51938  0.000  0.000  0.000 0.0000000000
51939  0.000  0.000  0.000 0.0000000000
51940  0.000  0.000  0.000 0.0000000000
51941  0.000  0.000  0.000 0.0000000000
51952  0.000  0.000  0.000 0.0000000000
51953  0.000  0.000  0.000 0.0000000000
51954  0.000  0.000  0.000 0.0000000000
51955  0.000  0.000  0.000 0.0000000000
51956  0.000  0.000  0.000 0.0000000000
51957  0.000  0.000  0.000 0.0000000000
51958  0.000  0.000  0.000 0.0000000000
51959  0.000  0.000  0.000 0.0000000000
51960  0.000  0.000  0.000 0.0000000000
52591  0.000  0.000  0.000 0.0000000000
52592  0.000  0.000  0.000 0.0000000000
52600  0.000  0.000  0.000 0.0000000000
52601  0.000  0.000  0.000 0.0000000000
52611  0.000  0.000  0.000 0.0000000000
52612  0.000  0.000  0.000 0.0000000000
52613  0.000  0.000  0.000 0.0000000000
52624  0.000  0.000  0.000 0.0000000000
52625  0.000  0.000  0.000 0.0000000000
52626  0.000  0.000  0.000 0.0000000000
52627  0.000  0.000  0.000 0.0000000000
52639  0.000  0.000  0.000 0.0000000000
52640  0.000  0.000  0.000 0.0000000000
52641  0.000  0.000  0.000 0.0000000000
52642  0.000  0.000  0.000 0.0000000000
52643  0.000  0.000  0.000 0.0000000000
52652  0.000  0.000  0.000 0.0000000000
52653  0.000  0.000  0.000 0.0000000000
52654  0.000  0.000  0.000 0.0000000000
52655  0.000  0.000  0.000 0.0000000000
52656  0.000  0.000  0.000 0.0000000000
52657  0.000  0.000  0.000 0.0000000000
52658  0.000  0.000  0.000 0.0000000000
52659  0.000  0.000  0.000 0.0000000000
52660  0.000  0.000  0.000 0.0000000000
52668  0.000  0.000  0.000 0.0000000000
52669  0.000  0.000  0.000 0.0000000000
52670  0.000  0.000  0.000 0.0000000000
52671  0.000  0.000  0.000 0.0000000000
52672  0.000  0.000  0.000 0.0000000000
52673  0.000  0.000  0.000 0.0000000000
52674  0.000  0.000  0.000 0.0000000000
52683  0.000  0.000  0.000 0.0000000000
52684  0.000  0.000  0.000 0.0000000000
52685  0.000  0.000  0.000 0.0000000000
52693  0.000  0.000  0.000 0.0000000000
52694  0.000  0.000  0.000 0.0000000000
52695  0.000  0.000  0.000 0.0000000000
52696  0.000  0.000  0.000 0.0000000000
52702  0.000  0.000  0.000 0.0000000000
52703  0.000  0.000  0.000 0.0000000000
52704  0.000  0.000  0.000 0.0000000000
52705  0.000  0.000  0.000 0.0000000000
52706  0.000  0.000  0.000 0.0000000000
52711  0.000  0.000  0.000 0.0000000000
52712  0.000  0.000  0.000 0.0000000000
52713  0.000  0.000  0.000 0.0000000000
52714  0.000  0.000  0.000 0.0000000000
52715  0.000  0.000  0.000 0.0000000000
52722  0.000  0.000  0.000 0.0000000000
52723  0.000  0.000  0.000 0.0000000000
52724  0.000  0.000  0.000 0.0000000000
52725  0.000  0.000  0.000 0.0000000000
52726  0.000  0.000  0.000 0.0000000000
52727  0.000  0.000  0.000 0.0000000000
52728  0.000  0.000  0.000 0.0000000000
52729  0.000  0.000  0.000 0.0000000000
52730  0.000  0.000  0.000 0.0000000000
52731  0.000  0.000  0.000 0.0000000000
52737  0.000  0.000  0.000 0.0000000000
52738  0.000  0.000  0.000 0.0000000000
52739  0.000  0.000  0.000 0.0000000000
52740  0.000  0.000  0.000 0.0000000000
52741  0.000  0.000  0.000 0.0000000000
53406  0.000  0.000  0.000 0.0000000000
53407  0.000  0.000  0.000 0.0000000000
53408  0.000  0.000  0.000 0.0000000000
53409  0.000  0.000  0.000 0.0000000000
53410  0.000  0.000  0.000 0.0000000000
53419  0.000  0.000  0.000 0.0000000000
53420  0.000  0.000  0.000 0.0000000000
53421  0.000  0.000  0.000 0.0000000000
53422  0.000  0.000  0.000 0.0000000000
53423  0.000  0.000  0.000 0.0000000000
53424  0.000  0.000  0.000 0.0000000000
53432  0.000  0.000  0.000 0.0000000000
53433  0.000  0.000  0.000 0.0000000000
53434  0.000  0.000  0.000 0.0000000000
53435  0.000  0.000  0.000 0.0000000000
53436  0.000  0.000  0.000 0.0000000000
53442  0.000  0.000  0.000 0.0000000000
53443  0.000  0.000  0.000 0.0000000000
53444  0.000  0.000  0.000 0.0000000000
53445  0.000  0.000  0.000 0.0000000000
53446  0.000  0.000  0.000 0.0000000000
53447  0.000  0.000  0.000 0.0000000000
53448  0.000  0.000  0.000 0.0000000000
53455  0.000  0.000  0.000 0.0000000000
53456  0.000  0.000  0.000 0.0000000000
53457  0.000  0.000  0.000 0.0000000000
53458  0.000  0.000  0.000 0.0000000000
53459  0.000  0.000  0.000 0.0000000000
53460  0.000  0.000  0.000 0.0000000000
53461  0.000  0.000  0.000 0.0000000000
53469  0.000  0.000  0.000 0.0000000000
53470  0.000  0.000  0.000 0.0000000000
53471  0.000  0.000  0.000 0.0000000000
53472  0.000  0.000  0.000 0.0000000000
53473  0.000  0.000  0.000 0.0000000000
53474  0.000  0.000  0.000 0.0000000000
53475  0.000  0.000  0.000 0.0000000000
53483  0.000  0.000  0.000 0.0000000000
53484  0.000  0.000  0.000 0.0000000000
53485  0.000  0.000  0.000 0.0000000000
53486  0.000  0.000  0.000 0.0000000000
53487  0.000  0.000  0.000 0.0000000000
53488  0.000  0.000  0.000 0.0000000000
53489  0.000  0.000  0.000 0.0000000000
53490  0.000  0.000  0.000 0.0000000000
53491  0.000  0.000  0.000 0.0000000000
53501  0.000  0.000  0.000 0.0000000000
53502  0.000  0.000  0.000 0.0000000000
53503  0.000  0.000  0.000 0.0000000000
53504  0.000  0.000  0.000 0.0000000000
53515  0.000  0.000  0.000 0.0000000000
53516  0.000  0.000  0.000 0.0000000000
54137  0.000  0.000  0.000 0.0000000000
54138  0.000  0.000  0.000 0.0000000000
54139  0.000  0.000  0.000 0.0000000000
54145  0.000  0.000  0.000 0.0000000000
54146  0.000  0.000  0.000 0.0000000000
54147  0.000  0.000  0.000 0.0000000000
54148  0.000  0.000  0.000 0.0000000000
54155  0.000  0.000  0.000 0.0000000000
54156  0.000  0.000  0.000 0.0000000000
54157  0.000  0.000  0.000 0.0000000000
54158  0.000  0.000  0.000 0.0000000000
54159  0.000  0.000  0.000 0.0000000000
54165  0.000  0.000  0.000 0.0000000000
54166  0.000  0.000  0.000 0.0000000000
54167  0.000  0.000  0.000 0.0000000000
54168  0.000  0.000  0.000 0.0000000000
54169  0.000  0.000  0.000 0.0000000000
54170  0.000  0.000  0.000 0.0000000000
54171  0.000  0.000  0.000 0.0000000000
54178  0.000  0.000  0.000 0.0000000000
54179  0.000  0.000  0.000 0.0000000000
54180  0.000  0.000  0.000 0.0000000000
54181  0.000  0.000  0.000 0.0000000000
54182  0.000  0.000  0.000 0.0000000000
54191  0.000  0.000  0.000 0.0000000000
54192  0.000  0.000  0.000 0.0000000000
54193  0.000  0.000  0.000 0.0000000000
54194  0.000  0.000  0.000 0.0000000000
54195  0.000  0.000  0.000 0.0000000000
54196  0.000  0.000  0.000 0.0000000000
54201  0.000  0.000  0.000 0.0000000000
54202  0.000  0.000  0.000 0.0000000000
54203  0.000  0.000  0.000 0.0000000000
54204  0.000  0.000  0.000 0.0000000000
54205  0.000  0.000  0.000 0.0000000000
54206  0.000  0.000  0.000 0.0000000000
54207  0.000  0.000  0.000 0.0000000000
54214  0.000  0.000  0.000 0.0000000000
54215  0.000  0.000  0.000 0.0000000000
54216  0.000  0.000  0.000 0.0000000000
54217  0.000  0.000  0.000 0.0000000000
54218  0.000  0.000  0.000 0.0000000000
54219  0.000  0.000  0.000 0.0000000000
54227  0.000  0.000  0.000 0.0000000000
54228  0.000  0.000  0.000 0.0000000000
54229  0.000  0.000  0.000 0.0000000000
54230  0.000  0.000  0.000 0.0000000000
54240  0.000  0.000  0.000 0.0000000000
54241  0.000  0.000  0.000 0.0000000000
54827  0.000  0.000  0.000 0.0000000000
54828  0.000  0.000  0.000 0.0000000000
54829  0.000  0.000  0.000 0.0000000000
54835  0.000  0.000  0.000 0.0000000000
54836  0.000  0.000  0.000 0.0000000000
54837  0.000  0.000  0.000 0.0000000000
54842  0.000  0.000  0.000 0.0000000000
54843  0.000  0.000  0.000 0.0000000000
54844  0.000  0.000  0.000 0.0000000000
54845  0.000  0.000  0.000 0.0000000000
54849  0.000  0.000  0.000 0.0000000000
54850  0.000  0.000  0.000 0.0000000000
54851  0.000  0.000  0.000 0.0000000000
54852  0.000  0.000  0.000 0.0000000000
54853  0.000  0.000  0.000 0.0000000000
54854  0.000  0.000  0.000 0.0000000000
54858  0.000  0.000  0.000 0.0000000000
54859  0.000  0.000  0.000 0.0000000000
54860  0.000  0.000  0.000 0.0000000000
54861  0.000  0.000  0.000 0.0000000000
54862  0.000  0.000  0.000 0.0000000000
54871  0.000  0.000  0.000 0.0000000000
54872  0.000  0.000  0.000 0.0000000000
54873  0.000  0.000  0.000 0.0000000000
54874  0.000  0.000  0.000 0.0000000000
54875  0.000  0.000  0.000 0.0000000000
54881  0.000  0.000  0.000 0.0000000000
54882  0.000  0.000  0.000 0.0000000000
54883  0.000  0.000  0.000 0.0000000000
54884  0.000  0.000  0.000 0.0000000000
54885  0.000  0.000  0.000 0.0000000000
54886  0.000  0.000  0.000 0.0000000000
54887  0.000  0.000  0.000 0.0000000000
54895  0.000  0.000  0.000 0.0000000000
54896  0.000  0.000  0.000 0.0000000000
54897  0.000  0.000  0.000 0.0000000000
54898  0.000  0.000  0.000 0.0000000000
54899  0.000  0.000  0.000 0.0000000000
54907  0.000  0.000  0.000 0.0000000000
54908  0.000  0.000  0.000 0.0000000000
54909  0.000  0.000  0.000 0.0000000000
54910  0.000  0.000  0.000 0.0000000000
54911  0.000  0.000  0.000 0.0000000000
54926  0.000  0.000  0.000 0.0000000000
54927  0.000  0.000  0.000 0.0000000000
55492  0.000  0.000  0.000 0.0000000000
55493  0.000  0.000  0.000 0.0000000000
55499  0.000  0.000  0.000 0.0000000000
55500  0.000  0.000  0.000 0.0000000000
55501  0.000  0.000  0.000 0.0000000000
55507  0.000  0.000  0.000 0.0000000000
55508  0.000  0.000  0.000 0.0000000000
55509  0.000  0.000  0.000 0.0000000000
55510  0.000  0.000  0.000 0.0000000000
55511  0.000  0.000  0.000 0.0000000000
55515  0.000  0.000  0.000 0.0000000000
55516  0.000  0.000  0.000 0.0000000000
55517  0.000  0.000  0.000 0.0000000000
55518  0.000  0.000  0.000 0.0000000000
55519  0.000  0.000  0.000 0.0000000000
55523  0.000  0.000  0.000 0.0000000000
55524  0.000  0.000  0.000 0.0000000000
55525  0.000  0.000  0.000 0.0000000000
55526  0.000  0.000  0.000 0.0000000000
55527  0.000  0.000  0.000 0.0000000000
55528  0.000  0.000  0.000 0.0000000000
55536  0.000  0.000  0.000 0.0000000000
55537  0.000  0.000  0.000 0.0000000000
55538  0.000  0.000  0.000 0.0000000000
55539  0.000  0.000  0.000 0.0000000000
55540  0.000  0.000  0.000 0.0000000000
55550  0.000  0.000  0.000 0.0000000000
55551  0.000  0.000  0.000 0.0000000000
55552  0.000  0.000  0.000 0.0000000000
55553  0.000  0.000  0.000 0.0000000000
55554  0.000  0.000  0.000 0.0000000000
55563  0.000  0.000  0.000 0.0000000000
55564  0.000  0.000  0.000 0.0000000000
55565  0.000  0.000  0.000 0.0000000000
55566  0.000  0.000  0.000 0.0000000000
55567  0.000  0.000  0.000 0.0000000000
55580  0.000  0.000  0.000 0.0000000000
55581  0.000  0.000  0.000 0.0000000000
55582  0.000  0.000  0.000 0.0000000000
55583  0.000  0.000  0.000 0.0000000000
55607  0.000  0.000  0.000 0.0000000000
55608  0.000  0.000  0.000 0.0000000000
55609  0.000  0.000  0.000 0.0000000000
56149  0.000  0.000  0.000 0.0000000000
56150  0.000  0.000  0.000 0.0000000000
56157  0.000  0.000  0.000 0.0000000000
56158  0.000  0.000  0.000 0.0000000000
56159  0.000  0.000  0.000 0.0000000000
56164  0.000  0.000  0.000 0.0000000000
56165  0.000  0.000  0.000 0.0000000000
56166  0.000  0.000  0.000 0.0000000000
56167  0.000  0.000  0.000 0.0000000000
56168  0.000  0.000  0.000 0.0000000000
56172  0.000  0.000  0.000 0.0000000000
56173  0.000  0.000  0.000 0.0000000000
56174  0.000  0.000  0.000 0.0000000000
56175  0.000  0.000  0.000 0.0000000000
56176  0.000  0.000  0.000 0.0000000000
56180  0.000  0.000  0.000 0.0000000000
56181  0.000  0.000  0.000 0.0000000000
56182  0.000  0.000  0.000 0.0000000000
56183  0.000  0.000  0.000 0.0000000000
56184  0.000  0.000  0.000 0.0000000000
56189  0.000  0.000  0.000 0.0000000000
56190  0.000  0.000  0.000 0.0000000000
56191  0.000  0.000  0.000 0.0000000000
56192  0.000  0.000  0.000 0.0000000000
56193  0.000  0.000  0.000 0.0000000000
56194  0.000  0.000  0.000 0.0000000000
56204  0.000  0.000  0.000 0.0000000000
56205  0.000  0.000  0.000 0.0000000000
56206  0.000  0.000  0.000 0.0000000000
56207  0.000  0.000  0.000 0.0000000000
56218  0.000  0.000  0.000 0.0000000000
56219  0.000  0.000  0.000 0.0000000000
56220  0.000  0.000  0.000 0.0000000000
56221  0.000  0.000  0.000 0.0000000000
56222  0.000  0.000  0.000 0.0000000000
56223  0.000  0.000  0.000 0.0000000000
56232  0.000  0.000  0.000 0.0000000000
56233  0.000  0.000  0.000 0.0000000000
56234  0.000  0.000  0.000 0.0000000000
56235  0.000  0.000  0.000 0.0000000000
56252  0.000  0.000  0.000 0.0000000000
56253  0.000  0.000  0.000 0.0000000000
56763  0.000  0.000  0.000 0.0000000000
56764  0.000  0.000  0.000 0.0000000000
56770  0.000  0.000  0.000 0.0000000000
56771  0.000  0.000  0.000 0.0000000000
56777  0.000  0.000  0.000 0.0000000000
56778  0.000  0.000  0.000 0.0000000000
56783  0.000  0.000  0.000 0.0000000000
56784  0.000  0.000  0.000 0.0000000000
56785  0.000  0.000  0.000 0.0000000000
56790  0.000  0.000  0.000 0.0000000000
56791  0.000  0.000  0.000 0.0000000000
56792  0.000  0.000  0.000 0.0000000000
56793  0.000  0.000  0.000 0.0000000000
56794  0.000  0.000  0.000 0.0000000000
56799  0.000  0.000  0.000 0.0000000000
56800  0.000  0.000  0.000 0.0000000000
56801  0.000  0.000  0.000 0.0000000000
56802  0.000  0.000  0.000 0.0000000000
56807  0.000  0.000  0.000 0.0000000000
56808  0.000  0.000  0.000 0.0000000000
56809  0.000  0.000  0.000 0.0000000000
56810  0.000  0.000  0.000 0.0000000000
56821  0.000  0.000  0.000 0.0000000000
56822  0.000  0.000  0.000 0.0000000000
56823  0.000  0.000  0.000 0.0000000000
56824  0.000  0.000  0.000 0.0000000000
56837  0.000  0.000  0.000 0.0000000000
56838  0.000  0.000  0.000 0.0000000000
56839  0.000  0.000  0.000 0.0000000000
56840  0.000  0.000  0.000 0.0000000000
56841  0.000  0.000  0.000 0.0000000000
56852  0.000  0.000  0.000 0.0000000000
56853  0.000  0.000  0.000 0.0000000000
56854  0.000  0.000  0.000 0.0000000000
56855  0.000  0.000  0.000 0.0000000000
57424  0.000  0.000  0.000 0.0000000000
57432  0.000  0.000  0.000 0.0000000000
57433  0.000  0.000  0.000 0.0000000000
57440  0.000  0.000  0.000 0.0000000000
57441  0.000  0.000  0.000 0.0000000000
57442  0.000  0.000  0.000 0.0000000000
57450  0.000  0.000  0.000 0.0000000000
57451  0.000  0.000  0.000 0.0000000000
57456  0.000  0.000  0.000 0.0000000000
57457  0.000  0.000  0.000 0.0000000000
57458  0.000  0.000  0.000 0.0000000000
57459  0.000  0.000  0.000 0.0000000000
57464  0.000  0.000  0.000 0.0000000000
57465  0.000  0.000  0.000 0.0000000000
57466  0.000  0.000  0.000 0.0000000000
57467  0.000  0.000  0.000 0.0000000000
57468  0.000  0.000  0.000 0.0000000000
57473  0.000  0.000  0.000 0.0000000000
57474  0.000  0.000  0.000 0.0000000000
57475  0.000  0.000  0.000 0.0000000000
57476  0.000  0.000  0.000 0.0000000000
57481  0.000  0.000  0.000 0.0000000000
57482  0.000  0.000  0.000 0.0000000000
57483  0.000  0.000  0.000 0.0000000000
57484  0.000  0.000  0.000 0.0000000000
57495  0.000  0.000  0.000 0.0000000000
57496  0.000  0.000  0.000 0.0000000000
57497  0.000  0.000  0.000 0.0000000000
57498  0.000  0.000  0.000 0.0000000000
57514  0.000  0.000  0.000 0.0000000000
57515  0.000  0.000  0.000 0.0000000000
57516  0.000  0.000  0.000 0.0000000000
57517  0.000  0.000  0.000 0.0000000000
57518  0.000  0.000  0.000 0.0000000000
57533  0.000  0.000  0.000 0.0000000000
57534  0.000  0.000  0.000 0.0000000000
57535  0.000  0.000  0.000 0.0000000000
58093  0.000  0.000  0.000 0.0000000000
58104  0.000  0.000  0.000 0.0000000000
58105  0.000  0.000  0.000 0.0000000000
58114  0.000  0.000  0.000 0.0000000000
58115  0.000  0.000  0.000 0.0000000000
58122  0.000  0.000  0.000 0.0000000000
58123  0.000  0.000  0.000 0.0000000000
58130  0.000  0.000  0.000 0.0000000000
58131  0.000  0.000  0.000 0.0000000000
58136  0.000  0.000  0.000 0.0000000000
58137  0.000  0.000  0.000 0.0000000000
58138  0.000  0.000  0.000 0.0000000000
58139  0.000  0.000  0.000 0.0000000000
58145  0.000  0.000  0.000 0.0000000000
58146  0.000  0.000  0.000 0.0000000000
58147  0.000  0.000  0.000 0.0000000000
58148  0.000  0.000  0.000 0.0000000000
58154  0.000  0.000  0.000 0.0000000000
58155  0.000  0.000  0.000 0.0000000000
58156  0.000  0.000  0.000 0.0000000000
58157  0.000  0.000  0.000 0.0000000000
58163  0.000  0.000  0.000 0.0000000000
58164  0.000  0.000  0.000 0.0000000000
58165  0.000  0.000  0.000 0.0000000000
58166  0.000  0.000  0.000 0.0000000000
58175  0.000  0.000  0.000 0.0000000000
58176  0.000  0.000  0.000 0.0000000000
58177  0.000  0.000  0.000 0.0000000000
58178  0.000  0.000  0.000 0.0000000000
58196  0.000  0.000  0.000 0.0000000000
58197  0.000  0.000  0.000 0.0000000000
58198  0.000  0.000  0.000 0.0000000000
58199  0.000  0.000  0.000 0.0000000000
58213  0.000  0.000  0.000 0.0000000000
58214  0.000  0.000  0.000 0.0000000000
58692  0.000  0.000  0.000 0.0000000000
58695  0.000  0.000  0.000 0.0000000000
58696  0.000  0.000  0.000 0.0000000000
58698  0.000  0.000  0.000 0.0000000000
58701  0.000  0.000  0.000 0.0000000000
58702  0.000  0.000  0.000 0.0000000000
58704  0.000  0.000  0.000 0.0000000000
58705  0.000  0.000  0.000 0.0000000000
58707  0.000  0.000  0.000 0.0000000000
58708  0.000  0.000  0.000 0.0000000000
58713  0.000  0.000  0.000 0.0000000000
58714  0.000  0.000  0.000 0.0000000000
58723  0.000  0.000  0.000 0.0000000000
58729  0.000  0.000  0.000 0.0000000000
58730  0.000  0.000  0.000 0.0000000000
58736  0.000  0.000  0.000 0.0000000000
58737  0.000  0.000  0.000 0.0000000000
58744  0.000  0.000  0.000 0.0000000000
58749  0.000  0.000  0.000 0.0000000000
58750  0.000  0.000  0.000 0.0000000000
58751  0.000  0.000  0.000 0.0000000000
58752  0.000  0.000  0.000 0.0000000000
58757  0.000  0.000  0.000 0.0000000000
58758  0.000  0.000  0.000 0.0000000000
58759  0.000  0.000  0.000 0.0000000000
58760  0.000  0.000  0.000 0.0000000000
58765  0.000  0.000  0.000 0.0000000000
58766  0.000  0.000  0.000 0.0000000000
58767  0.000  0.000  0.000 0.0000000000
58768  0.000  0.000  0.000 0.0000000000
58772  0.000  0.000  0.000 0.0000000000
58773  0.000  0.000  0.000 0.0000000000
58774  0.000  0.000  0.000 0.0000000000
58775  0.000  0.000  0.000 0.0000000000
58780  0.000  0.000  0.000 0.0000000000
58781  0.000  0.000  0.000 0.0000000000
58782  0.000  0.000  0.000 0.0000000000
58783  0.000  0.000  0.000 0.0000000000
58799  0.000  0.000  0.000 0.0000000000
58800  0.000  0.000  0.000 0.0000000000
58801  0.000  0.000  0.000 0.0000000000
59287  0.000  0.000  0.000 0.0000000000
59289  0.000  0.000  0.000 0.0000000000
59290  0.000  0.000  0.000 0.0000000000
59292  0.000  0.000  0.000 0.0000000000
59293  0.000  0.000  0.000 0.0000000000
59295  0.000  0.000  0.000 0.0000000000
59297  0.000  0.000  0.000 0.0000000000
59298  0.000  0.000  0.000 0.0000000000
59300  0.000  0.000  0.000 0.0000000000
59301  0.000  0.000  0.000 0.0000000000
59305  0.000  0.000  0.000 0.0000000000
59306  0.000  0.000  0.000 0.0000000000
59315  0.000  0.000  0.000 0.0000000000
59316  0.000  0.000  0.000 0.0000000000
59323  0.000  0.000  0.000 0.0000000000
59324  0.000  0.000  0.000 0.0000000000
59330  0.000  0.000  0.000 0.0000000000
59331  0.000  0.000  0.000 0.0000000000
59337  0.000  0.000  0.000 0.0000000000
59338  0.000  0.000  0.000 0.0000000000
59343  0.000  0.000  0.000 0.0000000000
59344  0.000  0.000  0.000 0.0000000000
59345  0.000  0.000  0.000 0.0000000000
59349  0.000  0.000  0.000 0.0000000000
59350  0.000  0.000  0.000 0.0000000000
59351  0.000  0.000  0.000 0.0000000000
59352  0.000  0.000  0.000 0.0000000000
59357  0.000  0.000  0.000 0.0000000000
59358  0.000  0.000  0.000 0.0000000000
59359  0.000  0.000  0.000 0.0000000000
59360  0.000  0.000  0.000 0.0000000000
59365  0.000  0.000  0.000 0.0000000000
59366  0.000  0.000  0.000 0.0000000000
59367  0.000  0.000  0.000 0.0000000000
59368  0.000  0.000  0.000 0.0000000000
59374  0.000  0.000  0.000 0.0000000000
59375  0.000  0.000  0.000 0.0000000000
59376  0.000  0.000  0.000 0.0000000000
59394  0.000  0.000  0.000 0.0000000000
59395  0.000  0.000  0.000 0.0000000000
59888  0.000  0.000  0.000 0.0000000000
59890  0.000  0.000  0.000 0.0000000000
59893  0.000  0.000  0.000 0.0000000000
59894  0.000  0.000  0.000 0.0000000000
59896  0.000  0.000  0.000 0.0000000000
59897  0.000  0.000  0.000 0.0000000000
59899  0.000  0.000  0.000 0.0000000000
59900  0.000  0.000  0.000 0.0000000000
59902  0.000  0.000  0.000 0.0000000000
59903  0.000  0.000  0.000 0.0000000000
59905  0.000  0.000  0.000 0.0000000000
59906  0.000  0.000  0.000 0.0000000000
59908  0.000  0.000  0.000 0.0000000000
59909  0.000  0.000  0.000 0.0000000000
59914  0.000  0.000  0.000 0.0000000000
59915  0.000  0.000  0.000 0.0000000000
59923  0.000  0.000  0.000 0.0000000000
59931  0.000  0.000  0.000 0.0000000000
59932  0.000  0.000  0.000 0.0000000000
59940  0.000  0.000  0.000 0.0000000000
59941  0.000  0.000  0.000 0.0000000000
59948  0.000  0.000  0.000 0.0000000000
59949  0.000  0.000  0.000 0.0000000000
59954  0.000  0.000  0.000 0.0000000000
59955  0.000  0.000  0.000 0.0000000000
59956  0.000  0.000  0.000 0.0000000000
59961  0.000  0.000  0.000 0.0000000000
59962  0.000  0.000  0.000 0.0000000000
59967  0.000  0.000  0.000 0.0000000000
59968  0.000  0.000  0.000 0.0000000000
59969  0.000  0.000  0.000 0.0000000000
59974  0.000  0.000  0.000 0.0000000000
59975  0.000  0.000  0.000 0.0000000000
59976  0.000  0.000  0.000 0.0000000000
59981  0.000  0.000  0.000 0.0000000000
59982  0.000  0.000  0.000 0.0000000000
60486  0.000  0.000  0.000 0.0000000000
60487  0.000  0.000  0.000 0.0000000000
60489  0.000  0.000  0.000 0.0000000000
60490  0.000  0.000  0.000 0.0000000000
60492  0.000  0.000  0.000 0.0000000000
60493  0.000  0.000  0.000 0.0000000000
60495  0.000  0.000  0.000 0.0000000000
60496  0.000  0.000  0.000 0.0000000000
60498  0.000  0.000  0.000 0.0000000000
60499  0.000  0.000  0.000 0.0000000000
60501  0.000  0.000  0.000 0.0000000000
60502  0.000  0.000  0.000 0.0000000000
60504  0.000  0.000  0.000 0.0000000000
60505  0.000  0.000  0.000 0.0000000000
60507  0.000  0.000  0.000 0.0000000000
60508  0.000  0.000  0.000 0.0000000000
60514  0.000  0.000  0.000 0.0000000000
60515  0.000  0.000  0.000 0.0000000000
60523  0.000  0.000  0.000 0.0000000000
60524  0.000  0.000  0.000 0.0000000000
60531  0.000  0.000  0.000 0.0000000000
60532  0.000  0.000  0.000 0.0000000000
60538  0.000  0.000  0.000 0.0000000000
60539  0.000  0.000  0.000 0.0000000000
60544  0.000  0.000  0.000 0.0000000000
60545  0.000  0.000  0.000 0.0000000000
60546  0.000  0.000  0.000 0.0000000000
60550  0.000  0.000  0.000 0.0000000000
60551  0.000  0.000  0.000 0.0000000000
60552  0.000  0.000  0.000 0.0000000000
60553  0.000  0.000  0.000 0.0000000000
60557  0.000  0.000  0.000 0.0000000000
60558  0.000  0.000  0.000 0.0000000000
60559  0.000  0.000  0.000 0.0000000000
60560  0.000  0.000  0.000 0.0000000000
60565  0.000  0.000  0.000 0.0000000000
60566  0.000  0.000  0.000 0.0000000000
60567  0.000  0.000  0.000 0.0000000000
60568  0.000  0.000  0.000 0.0000000000
60574  0.000  0.000  0.000 0.0000000000
60575  0.000  0.000  0.000 0.0000000000
60576  0.000  0.000  0.000 0.0000000000
60577  0.000  0.000  0.000 0.0000000000
60583  0.000  0.000  0.000 0.0000000000
60584  0.000  0.000  0.000 0.0000000000
61146  0.000  0.000  0.000 0.0000000000
61147  0.000  0.000  0.000 0.0000000000
61150  0.000  0.000  0.000 0.0000000000
61151  0.000  0.000  0.000 0.0000000000
61154  0.000  0.000  0.000 0.0000000000
61155  0.000  0.000  0.000 0.0000000000
61158  0.000  0.000  0.000 0.0000000000
61159  0.000  0.000  0.000 0.0000000000
61162  0.000  0.000  0.000 0.0000000000
61163  0.000  0.000  0.000 0.0000000000
61166  0.000  0.000  0.000 0.0000000000
61167  0.000  0.000  0.000 0.0000000000
61170  0.000  0.000  0.000 0.0000000000
61171  0.000  0.000  0.000 0.0000000000
61174  0.000  0.000  0.000 0.0000000000
61175  0.000  0.000  0.000 0.0000000000
61181  0.000  0.000  0.000 0.0000000000
61182  0.000  0.000  0.000 0.0000000000
61190  0.000  0.000  0.000 0.0000000000
61191  0.000  0.000  0.000 0.0000000000
61199  0.000  0.000  0.000 0.0000000000
61207  0.000  0.000  0.000 0.0000000000
61208  0.000  0.000  0.000 0.0000000000
61215  0.000  0.000  0.000 0.0000000000
61216  0.000  0.000  0.000 0.0000000000
61217  0.000  0.000  0.000 0.0000000000
61218  0.000  0.000  0.000 0.0000000000
61223  0.000  0.000  0.000 0.0000000000
61224  0.000  0.000  0.000 0.0000000000
61225  0.000  0.000  0.000 0.0000000000
61226  0.000  0.000  0.000 0.0000000000
61231  0.000  0.000  0.000 0.0000000000
61232  0.000  0.000  0.000 0.0000000000
61233  0.000  0.000  0.000 0.0000000000
61234  0.000  0.000  0.000 0.0000000000
61240  0.000  0.000  0.000 0.0000000000
61241  0.000  0.000  0.000 0.0000000000
61242  0.000  0.000  0.000 0.0000000000
61243  0.000  0.000  0.000 0.0000000000
61249  0.000  0.000  0.000 0.0000000000
61250  0.000  0.000  0.000 0.0000000000
61251  0.000  0.000  0.000 0.0000000000
61819  0.000  0.000  0.000 0.0000000000
61820  0.000  0.000  0.000 0.0000000000
61822  0.000  0.000  0.000 0.0000000000
61823  0.000  0.000  0.000 0.0000000000
61825  0.000  0.000  0.000 0.0000000000
61826  0.000  0.000  0.000 0.0000000000
61828  0.000  0.000  0.000 0.0000000000
61829  0.000  0.000  0.000 0.0000000000
61831  0.000  0.000  0.000 0.0000000000
61832  0.000  0.000  0.000 0.0000000000
61834  0.000  0.000  0.000 0.0000000000
61835  0.000  0.000  0.000 0.0000000000
61837  0.000  0.000  0.000 0.0000000000
61838  0.000  0.000  0.000 0.0000000000
61844  0.000  0.000  0.000 0.0000000000
61851  0.000  0.000  0.000 0.0000000000
61852  0.000  0.000  0.000 0.0000000000
61859  0.000  0.000  0.000 0.0000000000
61860  0.000  0.000  0.000 0.0000000000
61867  0.000  0.000  0.000 0.0000000000
61868  0.000  0.000  0.000 0.0000000000
61875  0.000  0.000  0.000 0.0000000000
61876  0.000  0.000  0.000 0.0000000000
61877  0.000  0.000  0.000 0.0000000000
61882  0.000  0.000  0.000 0.0000000000
61883  0.000  0.000  0.000 0.0000000000
61884  0.000  0.000  0.000 0.0000000000
61885  0.000  0.000  0.000 0.0000000000
61889  0.000  0.000  0.000 0.0000000000
61890  0.000  0.000  0.000 0.0000000000
61891  0.000  0.000  0.000 0.0000000000
61897  0.000  0.000  0.000 0.0000000000
61898  0.000  0.000  0.000 0.0000000000
61899  0.000  0.000  0.000 0.0000000000
61905  0.000  0.000  0.000 0.0000000000
61906  0.000  0.000  0.000 0.0000000000
62499  0.000  0.000  0.000 0.0000000000
62502  0.000  0.000  0.000 0.0000000000
62505  0.000  0.000  0.000 0.0000000000
62506  0.000  0.000  0.000 0.0000000000
62508  0.000  0.000  0.000 0.0000000000
62509  0.000  0.000  0.000 0.0000000000
62511  0.000  0.000  0.000 0.0000000000
62512  0.000  0.000  0.000 0.0000000000
62513  0.000  0.000  0.000 0.0000000000
62520  0.000  0.000  0.000 0.0000000000
62521  0.000  0.000  0.000 0.0000000000
62528  0.000  0.000  0.000 0.0000000000
62529  0.000  0.000  0.000 0.0000000000
62535  0.000  0.000  0.000 0.0000000000
62541  0.000  0.000  0.000 0.0000000000
62542  0.000  0.000  0.000 0.0000000000
62547  0.000  0.000  0.000 0.0000000000
62548  0.000  0.000  0.000 0.0000000000
62549  0.000  0.000  0.000 0.0000000000
62555  0.000  0.000  0.000 0.0000000000
62556  0.000  0.000  0.000 0.0000000000
62557  0.000  0.000  0.000 0.0000000000
62558  0.000  0.000  0.000 0.0000000000
62563  0.000  0.000  0.000 0.0000000000
62564  0.000  0.000  0.000 0.0000000000
62565  0.000  0.000  0.000 0.0000000000
62566  0.000  0.000  0.000 0.0000000000
62571  0.000  0.000  0.000 0.0000000000
62572  0.000  0.000  0.000 0.0000000000
62573  0.000  0.000  0.000 0.0000000000
63165  0.000  0.000  0.000 0.0000000000
63173  0.000  0.000  0.000 0.0000000000
63179  0.000  0.000  0.000 0.0000000000
63180  0.000  0.000  0.000 0.0000000000
63185  0.000  0.000  0.000 0.0000000000
63186  0.000  0.000  0.000 0.0000000000
63193  0.000  0.000  0.000 0.0000000000
63201  0.000  0.000  0.000 0.0000000000
63209  0.000  0.000  0.000 0.0000000000
63210  0.000  0.000  0.000 0.0000000000
63211  0.000  0.000  0.000 0.0000000000
63217  0.000  0.000  0.000 0.0000000000
63218  0.000  0.000  0.000 0.0000000000
63219  0.000  0.000  0.000 0.0000000000
63220  0.000  0.000  0.000 0.0000000000
63225  0.000  0.000  0.000 0.0000000000
63226  0.000  0.000  0.000 0.0000000000
63823  0.000  0.000  0.000 0.0000000000
63830  0.000  0.000  0.000 0.0000000000
63831  0.000  0.000  0.000 0.0000000000
63837  0.000  0.000  0.000 0.0000000000
63838  0.000  0.000  0.000 0.0000000000
63845  0.000  0.000  0.000 0.0000000000
63846  0.000  0.000  0.000 0.0000000000
63855  0.000  0.000  0.000 0.0000000000
63856  0.000  0.000  0.000 0.0000000000
63864  0.000  0.000  0.000 0.0000000000
63865  0.000  0.000  0.000 0.0000000000
63866  0.000  0.000  0.000 0.0000000000
