#!ascii label  , from subject Woofsurfer vox2ras=TkReg coords=white
2203
60102  0.000  0.000  0.000 0.0000000000
60103  0.000  0.000  0.000 0.0000000000
60104  0.000  0.000  0.000 0.0000000000
60105  0.000  0.000  0.000 0.0000000000
60106  0.000  0.000  0.000 0.0000000000
60107  0.000  0.000  0.000 0.0000000000
60121  0.000  0.000  0.000 0.0000000000
60122  0.000  0.000  0.000 0.0000000000
60123  0.000  0.000  0.000 0.0000000000
60124  0.000  0.000  0.000 0.0000000000
60125  0.000  0.000  0.000 0.0000000000
60712  0.000  0.000  0.000 0.0000000000
60713  0.000  0.000  0.000 0.0000000000
60714  0.000  0.000  0.000 0.0000000000
60729  0.000  0.000  0.000 0.0000000000
60730  0.000  0.000  0.000 0.0000000000
60731  0.000  0.000  0.000 0.0000000000
60732  0.000  0.000  0.000 0.0000000000
60733  0.000  0.000  0.000 0.0000000000
60734  0.000  0.000  0.000 0.0000000000
60735  0.000  0.000  0.000 0.0000000000
60745  0.000  0.000  0.000 0.0000000000
60746  0.000  0.000  0.000 0.0000000000
60747  0.000  0.000  0.000 0.0000000000
60748  0.000  0.000  0.000 0.0000000000
60749  0.000  0.000  0.000 0.0000000000
60750  0.000  0.000  0.000 0.0000000000
60760  0.000  0.000  0.000 0.0000000000
60761  0.000  0.000  0.000 0.0000000000
60762  0.000  0.000  0.000 0.0000000000
60763  0.000  0.000  0.000 0.0000000000
61402  0.000  0.000  0.000 0.0000000000
61403  0.000  0.000  0.000 0.0000000000
61418  0.000  0.000  0.000 0.0000000000
61419  0.000  0.000  0.000 0.0000000000
61420  0.000  0.000  0.000 0.0000000000
61421  0.000  0.000  0.000 0.0000000000
61435  0.000  0.000  0.000 0.0000000000
61436  0.000  0.000  0.000 0.0000000000
61437  0.000  0.000  0.000 0.0000000000
61438  0.000  0.000  0.000 0.0000000000
61439  0.000  0.000  0.000 0.0000000000
61440  0.000  0.000  0.000 0.0000000000
61441  0.000  0.000  0.000 0.0000000000
61453  0.000  0.000  0.000 0.0000000000
61454  0.000  0.000  0.000 0.0000000000
61455  0.000  0.000  0.000 0.0000000000
61456  0.000  0.000  0.000 0.0000000000
61457  0.000  0.000  0.000 0.0000000000
61458  0.000  0.000  0.000 0.0000000000
61459  0.000  0.000  0.000 0.0000000000
61460  0.000  0.000  0.000 0.0000000000
61472  0.000  0.000  0.000 0.0000000000
61473  0.000  0.000  0.000 0.0000000000
61474  0.000  0.000  0.000 0.0000000000
61475  0.000  0.000  0.000 0.0000000000
61476  0.000  0.000  0.000 0.0000000000
61477  0.000  0.000  0.000 0.0000000000
61478  0.000  0.000  0.000 0.0000000000
61490  0.000  0.000  0.000 0.0000000000
61491  0.000  0.000  0.000 0.0000000000
61492  0.000  0.000  0.000 0.0000000000
61493  0.000  0.000  0.000 0.0000000000
62057  0.000  0.000  0.000 0.0000000000
62058  0.000  0.000  0.000 0.0000000000
62059  0.000  0.000  0.000 0.0000000000
62060  0.000  0.000  0.000 0.0000000000
62072  0.000  0.000  0.000 0.0000000000
62073  0.000  0.000  0.000 0.0000000000
62074  0.000  0.000  0.000 0.0000000000
62075  0.000  0.000  0.000 0.0000000000
62090  0.000  0.000  0.000 0.0000000000
62091  0.000  0.000  0.000 0.0000000000
62092  0.000  0.000  0.000 0.0000000000
62093  0.000  0.000  0.000 0.0000000000
62094  0.000  0.000  0.000 0.0000000000
62106  0.000  0.000  0.000 0.0000000000
62107  0.000  0.000  0.000 0.0000000000
62108  0.000  0.000  0.000 0.0000000000
62109  0.000  0.000  0.000 0.0000000000
62110  0.000  0.000  0.000 0.0000000000
62111  0.000  0.000  0.000 0.0000000000
62124  0.000  0.000  0.000 0.0000000000
62125  0.000  0.000  0.000 0.0000000000
62126  0.000  0.000  0.000 0.0000000000
62127  0.000  0.000  0.000 0.0000000000
62128  0.000  0.000  0.000 0.0000000000
62129  0.000  0.000  0.000 0.0000000000
62130  0.000  0.000  0.000 0.0000000000
62131  0.000  0.000  0.000 0.0000000000
62146  0.000  0.000  0.000 0.0000000000
62147  0.000  0.000  0.000 0.0000000000
62148  0.000  0.000  0.000 0.0000000000
62149  0.000  0.000  0.000 0.0000000000
62150  0.000  0.000  0.000 0.0000000000
62151  0.000  0.000  0.000 0.0000000000
62152  0.000  0.000  0.000 0.0000000000
62153  0.000  0.000  0.000 0.0000000000
62166  0.000  0.000  0.000 0.0000000000
62167  0.000  0.000  0.000 0.0000000000
62168  0.000  0.000  0.000 0.0000000000
62169  0.000  0.000  0.000 0.0000000000
62170  0.000  0.000  0.000 0.0000000000
62171  0.000  0.000  0.000 0.0000000000
62172  0.000  0.000  0.000 0.0000000000
62177  0.000  0.000  0.000 0.0000000000
62178  0.000  0.000  0.000 0.0000000000
62179  0.000  0.000  0.000 0.0000000000
62180  0.000  0.000  0.000 0.0000000000
62706  0.000  0.000  0.000 0.0000000000
62707  0.000  0.000  0.000 0.0000000000
62714  0.000  0.000  0.000 0.0000000000
62715  0.000  0.000  0.000 0.0000000000
62724  0.000  0.000  0.000 0.0000000000
62725  0.000  0.000  0.000 0.0000000000
62726  0.000  0.000  0.000 0.0000000000
62741  0.000  0.000  0.000 0.0000000000
62742  0.000  0.000  0.000 0.0000000000
62743  0.000  0.000  0.000 0.0000000000
62756  0.000  0.000  0.000 0.0000000000
62757  0.000  0.000  0.000 0.0000000000
62758  0.000  0.000  0.000 0.0000000000
62759  0.000  0.000  0.000 0.0000000000
62772  0.000  0.000  0.000 0.0000000000
62773  0.000  0.000  0.000 0.0000000000
62774  0.000  0.000  0.000 0.0000000000
62775  0.000  0.000  0.000 0.0000000000
62776  0.000  0.000  0.000 0.0000000000
62777  0.000  0.000  0.000 0.0000000000
62788  0.000  0.000  0.000 0.0000000000
62789  0.000  0.000  0.000 0.0000000000
62790  0.000  0.000  0.000 0.0000000000
62791  0.000  0.000  0.000 0.0000000000
62792  0.000  0.000  0.000 0.0000000000
62793  0.000  0.000  0.000 0.0000000000
62794  0.000  0.000  0.000 0.0000000000
62802  0.000  0.000  0.000 0.0000000000
62803  0.000  0.000  0.000 0.0000000000
62804  0.000  0.000  0.000 0.0000000000
62805  0.000  0.000  0.000 0.0000000000
62806  0.000  0.000  0.000 0.0000000000
62807  0.000  0.000  0.000 0.0000000000
62808  0.000  0.000  0.000 0.0000000000
62809  0.000  0.000  0.000 0.0000000000
62815  0.000  0.000  0.000 0.0000000000
62816  0.000  0.000  0.000 0.0000000000
62817  0.000  0.000  0.000 0.0000000000
62818  0.000  0.000  0.000 0.0000000000
62819  0.000  0.000  0.000 0.0000000000
62820  0.000  0.000  0.000 0.0000000000
62821  0.000  0.000  0.000 0.0000000000
62822  0.000  0.000  0.000 0.0000000000
62823  0.000  0.000  0.000 0.0000000000
62828  0.000  0.000  0.000 0.0000000000
62829  0.000  0.000  0.000 0.0000000000
62830  0.000  0.000  0.000 0.0000000000
62831  0.000  0.000  0.000 0.0000000000
62832  0.000  0.000  0.000 0.0000000000
62833  0.000  0.000  0.000 0.0000000000
63354  0.000  0.000  0.000 0.0000000000
63355  0.000  0.000  0.000 0.0000000000
63362  0.000  0.000  0.000 0.0000000000
63368  0.000  0.000  0.000 0.0000000000
63369  0.000  0.000  0.000 0.0000000000
63381  0.000  0.000  0.000 0.0000000000
63382  0.000  0.000  0.000 0.0000000000
63397  0.000  0.000  0.000 0.0000000000
63398  0.000  0.000  0.000 0.0000000000
63399  0.000  0.000  0.000 0.0000000000
63413  0.000  0.000  0.000 0.0000000000
63414  0.000  0.000  0.000 0.0000000000
63415  0.000  0.000  0.000 0.0000000000
63424  0.000  0.000  0.000 0.0000000000
63425  0.000  0.000  0.000 0.0000000000
63426  0.000  0.000  0.000 0.0000000000
63427  0.000  0.000  0.000 0.0000000000
63428  0.000  0.000  0.000 0.0000000000
63432  0.000  0.000  0.000 0.0000000000
63433  0.000  0.000  0.000 0.0000000000
63434  0.000  0.000  0.000 0.0000000000
63435  0.000  0.000  0.000 0.0000000000
63436  0.000  0.000  0.000 0.0000000000
63442  0.000  0.000  0.000 0.0000000000
63443  0.000  0.000  0.000 0.0000000000
63444  0.000  0.000  0.000 0.0000000000
63445  0.000  0.000  0.000 0.0000000000
63446  0.000  0.000  0.000 0.0000000000
63447  0.000  0.000  0.000 0.0000000000
63448  0.000  0.000  0.000 0.0000000000
63454  0.000  0.000  0.000 0.0000000000
63455  0.000  0.000  0.000 0.0000000000
63456  0.000  0.000  0.000 0.0000000000
63457  0.000  0.000  0.000 0.0000000000
63458  0.000  0.000  0.000 0.0000000000
63459  0.000  0.000  0.000 0.0000000000
63460  0.000  0.000  0.000 0.0000000000
63461  0.000  0.000  0.000 0.0000000000
63462  0.000  0.000  0.000 0.0000000000
63469  0.000  0.000  0.000 0.0000000000
63470  0.000  0.000  0.000 0.0000000000
63471  0.000  0.000  0.000 0.0000000000
63472  0.000  0.000  0.000 0.0000000000
63473  0.000  0.000  0.000 0.0000000000
63474  0.000  0.000  0.000 0.0000000000
63480  0.000  0.000  0.000 0.0000000000
63481  0.000  0.000  0.000 0.0000000000
63482  0.000  0.000  0.000 0.0000000000
63483  0.000  0.000  0.000 0.0000000000
64010  0.000  0.000  0.000 0.0000000000
64016  0.000  0.000  0.000 0.0000000000
64017  0.000  0.000  0.000 0.0000000000
64023  0.000  0.000  0.000 0.0000000000
64024  0.000  0.000  0.000 0.0000000000
64032  0.000  0.000  0.000 0.0000000000
64033  0.000  0.000  0.000 0.0000000000
64044  0.000  0.000  0.000 0.0000000000
64045  0.000  0.000  0.000 0.0000000000
64060  0.000  0.000  0.000 0.0000000000
64061  0.000  0.000  0.000 0.0000000000
64073  0.000  0.000  0.000 0.0000000000
64074  0.000  0.000  0.000 0.0000000000
64075  0.000  0.000  0.000 0.0000000000
64080  0.000  0.000  0.000 0.0000000000
64081  0.000  0.000  0.000 0.0000000000
64082  0.000  0.000  0.000 0.0000000000
64083  0.000  0.000  0.000 0.0000000000
64089  0.000  0.000  0.000 0.0000000000
64090  0.000  0.000  0.000 0.0000000000
64091  0.000  0.000  0.000 0.0000000000
64092  0.000  0.000  0.000 0.0000000000
64098  0.000  0.000  0.000 0.0000000000
64099  0.000  0.000  0.000 0.0000000000
64100  0.000  0.000  0.000 0.0000000000
64101  0.000  0.000  0.000 0.0000000000
64102  0.000  0.000  0.000 0.0000000000
64103  0.000  0.000  0.000 0.0000000000
64108  0.000  0.000  0.000 0.0000000000
64109  0.000  0.000  0.000 0.0000000000
64110  0.000  0.000  0.000 0.0000000000
64111  0.000  0.000  0.000 0.0000000000
64112  0.000  0.000  0.000 0.0000000000
64113  0.000  0.000  0.000 0.0000000000
64114  0.000  0.000  0.000 0.0000000000
64120  0.000  0.000  0.000 0.0000000000
64121  0.000  0.000  0.000 0.0000000000
64122  0.000  0.000  0.000 0.0000000000
64123  0.000  0.000  0.000 0.0000000000
64124  0.000  0.000  0.000 0.0000000000
64125  0.000  0.000  0.000 0.0000000000
64126  0.000  0.000  0.000 0.0000000000
64132  0.000  0.000  0.000 0.0000000000
64133  0.000  0.000  0.000 0.0000000000
64134  0.000  0.000  0.000 0.0000000000
64135  0.000  0.000  0.000 0.0000000000
64136  0.000  0.000  0.000 0.0000000000
64137  0.000  0.000  0.000 0.0000000000
64144  0.000  0.000  0.000 0.0000000000
64145  0.000  0.000  0.000 0.0000000000
64146  0.000  0.000  0.000 0.0000000000
64147  0.000  0.000  0.000 0.0000000000
64148  0.000  0.000  0.000 0.0000000000
64649  0.000  0.000  0.000 0.0000000000
64655  0.000  0.000  0.000 0.0000000000
64662  0.000  0.000  0.000 0.0000000000
64670  0.000  0.000  0.000 0.0000000000
64681  0.000  0.000  0.000 0.0000000000
64693  0.000  0.000  0.000 0.0000000000
64707  0.000  0.000  0.000 0.0000000000
64708  0.000  0.000  0.000 0.0000000000
64716  0.000  0.000  0.000 0.0000000000
64717  0.000  0.000  0.000 0.0000000000
64718  0.000  0.000  0.000 0.0000000000
64726  0.000  0.000  0.000 0.0000000000
64727  0.000  0.000  0.000 0.0000000000
64728  0.000  0.000  0.000 0.0000000000
64729  0.000  0.000  0.000 0.0000000000
64730  0.000  0.000  0.000 0.0000000000
64737  0.000  0.000  0.000 0.0000000000
64738  0.000  0.000  0.000 0.0000000000
64739  0.000  0.000  0.000 0.0000000000
64744  0.000  0.000  0.000 0.0000000000
64745  0.000  0.000  0.000 0.0000000000
64746  0.000  0.000  0.000 0.0000000000
64747  0.000  0.000  0.000 0.0000000000
64752  0.000  0.000  0.000 0.0000000000
64753  0.000  0.000  0.000 0.0000000000
64754  0.000  0.000  0.000 0.0000000000
64755  0.000  0.000  0.000 0.0000000000
64761  0.000  0.000  0.000 0.0000000000
64762  0.000  0.000  0.000 0.0000000000
64763  0.000  0.000  0.000 0.0000000000
64764  0.000  0.000  0.000 0.0000000000
64765  0.000  0.000  0.000 0.0000000000
64766  0.000  0.000  0.000 0.0000000000
64767  0.000  0.000  0.000 0.0000000000
64774  0.000  0.000  0.000 0.0000000000
64775  0.000  0.000  0.000 0.0000000000
64776  0.000  0.000  0.000 0.0000000000
64777  0.000  0.000  0.000 0.0000000000
64778  0.000  0.000  0.000 0.0000000000
64779  0.000  0.000  0.000 0.0000000000
64786  0.000  0.000  0.000 0.0000000000
64787  0.000  0.000  0.000 0.0000000000
64788  0.000  0.000  0.000 0.0000000000
64789  0.000  0.000  0.000 0.0000000000
64790  0.000  0.000  0.000 0.0000000000
64791  0.000  0.000  0.000 0.0000000000
64792  0.000  0.000  0.000 0.0000000000
64799  0.000  0.000  0.000 0.0000000000
64800  0.000  0.000  0.000 0.0000000000
64801  0.000  0.000  0.000 0.0000000000
64802  0.000  0.000  0.000 0.0000000000
64803  0.000  0.000  0.000 0.0000000000
65326  0.000  0.000  0.000 0.0000000000
65335  0.000  0.000  0.000 0.0000000000
65344  0.000  0.000  0.000 0.0000000000
65345  0.000  0.000  0.000 0.0000000000
65355  0.000  0.000  0.000 0.0000000000
65356  0.000  0.000  0.000 0.0000000000
65365  0.000  0.000  0.000 0.0000000000
65372  0.000  0.000  0.000 0.0000000000
65382  0.000  0.000  0.000 0.0000000000
65392  0.000  0.000  0.000 0.0000000000
65401  0.000  0.000  0.000 0.0000000000
65402  0.000  0.000  0.000 0.0000000000
65403  0.000  0.000  0.000 0.0000000000
65404  0.000  0.000  0.000 0.0000000000
65409  0.000  0.000  0.000 0.0000000000
65410  0.000  0.000  0.000 0.0000000000
65411  0.000  0.000  0.000 0.0000000000
65412  0.000  0.000  0.000 0.0000000000
65417  0.000  0.000  0.000 0.0000000000
65418  0.000  0.000  0.000 0.0000000000
65419  0.000  0.000  0.000 0.0000000000
65420  0.000  0.000  0.000 0.0000000000
65421  0.000  0.000  0.000 0.0000000000
65428  0.000  0.000  0.000 0.0000000000
65429  0.000  0.000  0.000 0.0000000000
65430  0.000  0.000  0.000 0.0000000000
65431  0.000  0.000  0.000 0.0000000000
65438  0.000  0.000  0.000 0.0000000000
65439  0.000  0.000  0.000 0.0000000000
65440  0.000  0.000  0.000 0.0000000000
65441  0.000  0.000  0.000 0.0000000000
65449  0.000  0.000  0.000 0.0000000000
65450  0.000  0.000  0.000 0.0000000000
65451  0.000  0.000  0.000 0.0000000000
65452  0.000  0.000  0.000 0.0000000000
65453  0.000  0.000  0.000 0.0000000000
65461  0.000  0.000  0.000 0.0000000000
65462  0.000  0.000  0.000 0.0000000000
65463  0.000  0.000  0.000 0.0000000000
65464  0.000  0.000  0.000 0.0000000000
65465  0.000  0.000  0.000 0.0000000000
65473  0.000  0.000  0.000 0.0000000000
65474  0.000  0.000  0.000 0.0000000000
65475  0.000  0.000  0.000 0.0000000000
65476  0.000  0.000  0.000 0.0000000000
65477  0.000  0.000  0.000 0.0000000000
65478  0.000  0.000  0.000 0.0000000000
65479  0.000  0.000  0.000 0.0000000000
65487  0.000  0.000  0.000 0.0000000000
65488  0.000  0.000  0.000 0.0000000000
65489  0.000  0.000  0.000 0.0000000000
65490  0.000  0.000  0.000 0.0000000000
65491  0.000  0.000  0.000 0.0000000000
66003  0.000  0.000  0.000 0.0000000000
66011  0.000  0.000  0.000 0.0000000000
66021  0.000  0.000  0.000 0.0000000000
66029  0.000  0.000  0.000 0.0000000000
66030  0.000  0.000  0.000 0.0000000000
66038  0.000  0.000  0.000 0.0000000000
66039  0.000  0.000  0.000 0.0000000000
66045  0.000  0.000  0.000 0.0000000000
66046  0.000  0.000  0.000 0.0000000000
66051  0.000  0.000  0.000 0.0000000000
66052  0.000  0.000  0.000 0.0000000000
66062  0.000  0.000  0.000 0.0000000000
66072  0.000  0.000  0.000 0.0000000000
66081  0.000  0.000  0.000 0.0000000000
66082  0.000  0.000  0.000 0.0000000000
66089  0.000  0.000  0.000 0.0000000000
66090  0.000  0.000  0.000 0.0000000000
66091  0.000  0.000  0.000 0.0000000000
66092  0.000  0.000  0.000 0.0000000000
66097  0.000  0.000  0.000 0.0000000000
66098  0.000  0.000  0.000 0.0000000000
66099  0.000  0.000  0.000 0.0000000000
66104  0.000  0.000  0.000 0.0000000000
66105  0.000  0.000  0.000 0.0000000000
66106  0.000  0.000  0.000 0.0000000000
66107  0.000  0.000  0.000 0.0000000000
66108  0.000  0.000  0.000 0.0000000000
66114  0.000  0.000  0.000 0.0000000000
66115  0.000  0.000  0.000 0.0000000000
66116  0.000  0.000  0.000 0.0000000000
66117  0.000  0.000  0.000 0.0000000000
66118  0.000  0.000  0.000 0.0000000000
66126  0.000  0.000  0.000 0.0000000000
66127  0.000  0.000  0.000 0.0000000000
66128  0.000  0.000  0.000 0.0000000000
66129  0.000  0.000  0.000 0.0000000000
66130  0.000  0.000  0.000 0.0000000000
66138  0.000  0.000  0.000 0.0000000000
66139  0.000  0.000  0.000 0.0000000000
66140  0.000  0.000  0.000 0.0000000000
66141  0.000  0.000  0.000 0.0000000000
66142  0.000  0.000  0.000 0.0000000000
66150  0.000  0.000  0.000 0.0000000000
66151  0.000  0.000  0.000 0.0000000000
66152  0.000  0.000  0.000 0.0000000000
66153  0.000  0.000  0.000 0.0000000000
66154  0.000  0.000  0.000 0.0000000000
66162  0.000  0.000  0.000 0.0000000000
66163  0.000  0.000  0.000 0.0000000000
66164  0.000  0.000  0.000 0.0000000000
66165  0.000  0.000  0.000 0.0000000000
66166  0.000  0.000  0.000 0.0000000000
66167  0.000  0.000  0.000 0.0000000000
66173  0.000  0.000  0.000 0.0000000000
66174  0.000  0.000  0.000 0.0000000000
66175  0.000  0.000  0.000 0.0000000000
66176  0.000  0.000  0.000 0.0000000000
66177  0.000  0.000  0.000 0.0000000000
66682  0.000  0.000  0.000 0.0000000000
66692  0.000  0.000  0.000 0.0000000000
66700  0.000  0.000  0.000 0.0000000000
66706  0.000  0.000  0.000 0.0000000000
66707  0.000  0.000  0.000 0.0000000000
66712  0.000  0.000  0.000 0.0000000000
66713  0.000  0.000  0.000 0.0000000000
66719  0.000  0.000  0.000 0.0000000000
66726  0.000  0.000  0.000 0.0000000000
66727  0.000  0.000  0.000 0.0000000000
66737  0.000  0.000  0.000 0.0000000000
66747  0.000  0.000  0.000 0.0000000000
66756  0.000  0.000  0.000 0.0000000000
66764  0.000  0.000  0.000 0.0000000000
66765  0.000  0.000  0.000 0.0000000000
66766  0.000  0.000  0.000 0.0000000000
66767  0.000  0.000  0.000 0.0000000000
66774  0.000  0.000  0.000 0.0000000000
66775  0.000  0.000  0.000 0.0000000000
66776  0.000  0.000  0.000 0.0000000000
66783  0.000  0.000  0.000 0.0000000000
66784  0.000  0.000  0.000 0.0000000000
66785  0.000  0.000  0.000 0.0000000000
66792  0.000  0.000  0.000 0.0000000000
66793  0.000  0.000  0.000 0.0000000000
66794  0.000  0.000  0.000 0.0000000000
66795  0.000  0.000  0.000 0.0000000000
66802  0.000  0.000  0.000 0.0000000000
66803  0.000  0.000  0.000 0.0000000000
66804  0.000  0.000  0.000 0.0000000000
66805  0.000  0.000  0.000 0.0000000000
66812  0.000  0.000  0.000 0.0000000000
66813  0.000  0.000  0.000 0.0000000000
66814  0.000  0.000  0.000 0.0000000000
66815  0.000  0.000  0.000 0.0000000000
66816  0.000  0.000  0.000 0.0000000000
66822  0.000  0.000  0.000 0.0000000000
66823  0.000  0.000  0.000 0.0000000000
66824  0.000  0.000  0.000 0.0000000000
66825  0.000  0.000  0.000 0.0000000000
66826  0.000  0.000  0.000 0.0000000000
66833  0.000  0.000  0.000 0.0000000000
66834  0.000  0.000  0.000 0.0000000000
66835  0.000  0.000  0.000 0.0000000000
66836  0.000  0.000  0.000 0.0000000000
66837  0.000  0.000  0.000 0.0000000000
66842  0.000  0.000  0.000 0.0000000000
66843  0.000  0.000  0.000 0.0000000000
66844  0.000  0.000  0.000 0.0000000000
66845  0.000  0.000  0.000 0.0000000000
66846  0.000  0.000  0.000 0.0000000000
66847  0.000  0.000  0.000 0.0000000000
66848  0.000  0.000  0.000 0.0000000000
66853  0.000  0.000  0.000 0.0000000000
66854  0.000  0.000  0.000 0.0000000000
66855  0.000  0.000  0.000 0.0000000000
66856  0.000  0.000  0.000 0.0000000000
66857  0.000  0.000  0.000 0.0000000000
67362  0.000  0.000  0.000 0.0000000000
67369  0.000  0.000  0.000 0.0000000000
67370  0.000  0.000  0.000 0.0000000000
67374  0.000  0.000  0.000 0.0000000000
67381  0.000  0.000  0.000 0.0000000000
67389  0.000  0.000  0.000 0.0000000000
67390  0.000  0.000  0.000 0.0000000000
67397  0.000  0.000  0.000 0.0000000000
67398  0.000  0.000  0.000 0.0000000000
67404  0.000  0.000  0.000 0.0000000000
67405  0.000  0.000  0.000 0.0000000000
67414  0.000  0.000  0.000 0.0000000000
67425  0.000  0.000  0.000 0.0000000000
67434  0.000  0.000  0.000 0.0000000000
67435  0.000  0.000  0.000 0.0000000000
67444  0.000  0.000  0.000 0.0000000000
67445  0.000  0.000  0.000 0.0000000000
67455  0.000  0.000  0.000 0.0000000000
67456  0.000  0.000  0.000 0.0000000000
67457  0.000  0.000  0.000 0.0000000000
67463  0.000  0.000  0.000 0.0000000000
67464  0.000  0.000  0.000 0.0000000000
67465  0.000  0.000  0.000 0.0000000000
67472  0.000  0.000  0.000 0.0000000000
67473  0.000  0.000  0.000 0.0000000000
67474  0.000  0.000  0.000 0.0000000000
67475  0.000  0.000  0.000 0.0000000000
67482  0.000  0.000  0.000 0.0000000000
67483  0.000  0.000  0.000 0.0000000000
67484  0.000  0.000  0.000 0.0000000000
67492  0.000  0.000  0.000 0.0000000000
67493  0.000  0.000  0.000 0.0000000000
67494  0.000  0.000  0.000 0.0000000000
67495  0.000  0.000  0.000 0.0000000000
67502  0.000  0.000  0.000 0.0000000000
67503  0.000  0.000  0.000 0.0000000000
67504  0.000  0.000  0.000 0.0000000000
67505  0.000  0.000  0.000 0.0000000000
67506  0.000  0.000  0.000 0.0000000000
67513  0.000  0.000  0.000 0.0000000000
67514  0.000  0.000  0.000 0.0000000000
67515  0.000  0.000  0.000 0.0000000000
67516  0.000  0.000  0.000 0.0000000000
67522  0.000  0.000  0.000 0.0000000000
67523  0.000  0.000  0.000 0.0000000000
67524  0.000  0.000  0.000 0.0000000000
67525  0.000  0.000  0.000 0.0000000000
67526  0.000  0.000  0.000 0.0000000000
67531  0.000  0.000  0.000 0.0000000000
67532  0.000  0.000  0.000 0.0000000000
67533  0.000  0.000  0.000 0.0000000000
67534  0.000  0.000  0.000 0.0000000000
67535  0.000  0.000  0.000 0.0000000000
67536  0.000  0.000  0.000 0.0000000000
67537  0.000  0.000  0.000 0.0000000000
67542  0.000  0.000  0.000 0.0000000000
67543  0.000  0.000  0.000 0.0000000000
67544  0.000  0.000  0.000 0.0000000000
67545  0.000  0.000  0.000 0.0000000000
67546  0.000  0.000  0.000 0.0000000000
68038  0.000  0.000  0.000 0.0000000000
68039  0.000  0.000  0.000 0.0000000000
68048  0.000  0.000  0.000 0.0000000000
68049  0.000  0.000  0.000 0.0000000000
68057  0.000  0.000  0.000 0.0000000000
68058  0.000  0.000  0.000 0.0000000000
68064  0.000  0.000  0.000 0.0000000000
68069  0.000  0.000  0.000 0.0000000000
68074  0.000  0.000  0.000 0.0000000000
68079  0.000  0.000  0.000 0.0000000000
68090  0.000  0.000  0.000 0.0000000000
68091  0.000  0.000  0.000 0.0000000000
68101  0.000  0.000  0.000 0.0000000000
68102  0.000  0.000  0.000 0.0000000000
68110  0.000  0.000  0.000 0.0000000000
68118  0.000  0.000  0.000 0.0000000000
68119  0.000  0.000  0.000 0.0000000000
68120  0.000  0.000  0.000 0.0000000000
68126  0.000  0.000  0.000 0.0000000000
68127  0.000  0.000  0.000 0.0000000000
68128  0.000  0.000  0.000 0.0000000000
68134  0.000  0.000  0.000 0.0000000000
68135  0.000  0.000  0.000 0.0000000000
68136  0.000  0.000  0.000 0.0000000000
68137  0.000  0.000  0.000 0.0000000000
68143  0.000  0.000  0.000 0.0000000000
68144  0.000  0.000  0.000 0.0000000000
68145  0.000  0.000  0.000 0.0000000000
68146  0.000  0.000  0.000 0.0000000000
68152  0.000  0.000  0.000 0.0000000000
68153  0.000  0.000  0.000 0.0000000000
68154  0.000  0.000  0.000 0.0000000000
68160  0.000  0.000  0.000 0.0000000000
68161  0.000  0.000  0.000 0.0000000000
68162  0.000  0.000  0.000 0.0000000000
68163  0.000  0.000  0.000 0.0000000000
68169  0.000  0.000  0.000 0.0000000000
68170  0.000  0.000  0.000 0.0000000000
68171  0.000  0.000  0.000 0.0000000000
68172  0.000  0.000  0.000 0.0000000000
68178  0.000  0.000  0.000 0.0000000000
68179  0.000  0.000  0.000 0.0000000000
68180  0.000  0.000  0.000 0.0000000000
68181  0.000  0.000  0.000 0.0000000000
68187  0.000  0.000  0.000 0.0000000000
68188  0.000  0.000  0.000 0.0000000000
68189  0.000  0.000  0.000 0.0000000000
68190  0.000  0.000  0.000 0.0000000000
68191  0.000  0.000  0.000 0.0000000000
68196  0.000  0.000  0.000 0.0000000000
68197  0.000  0.000  0.000 0.0000000000
68198  0.000  0.000  0.000 0.0000000000
68199  0.000  0.000  0.000 0.0000000000
68200  0.000  0.000  0.000 0.0000000000
68201  0.000  0.000  0.000 0.0000000000
68202  0.000  0.000  0.000 0.0000000000
68206  0.000  0.000  0.000 0.0000000000
68207  0.000  0.000  0.000 0.0000000000
68208  0.000  0.000  0.000 0.0000000000
68209  0.000  0.000  0.000 0.0000000000
68738  0.000  0.000  0.000 0.0000000000
68739  0.000  0.000  0.000 0.0000000000
68745  0.000  0.000  0.000 0.0000000000
68746  0.000  0.000  0.000 0.0000000000
68752  0.000  0.000  0.000 0.0000000000
68753  0.000  0.000  0.000 0.0000000000
68758  0.000  0.000  0.000 0.0000000000
68759  0.000  0.000  0.000 0.0000000000
68764  0.000  0.000  0.000 0.0000000000
68765  0.000  0.000  0.000 0.0000000000
68775  0.000  0.000  0.000 0.0000000000
68776  0.000  0.000  0.000 0.0000000000
68785  0.000  0.000  0.000 0.0000000000
68792  0.000  0.000  0.000 0.0000000000
68800  0.000  0.000  0.000 0.0000000000
68801  0.000  0.000  0.000 0.0000000000
68807  0.000  0.000  0.000 0.0000000000
68808  0.000  0.000  0.000 0.0000000000
68809  0.000  0.000  0.000 0.0000000000
68810  0.000  0.000  0.000 0.0000000000
68815  0.000  0.000  0.000 0.0000000000
68816  0.000  0.000  0.000 0.0000000000
68817  0.000  0.000  0.000 0.0000000000
68818  0.000  0.000  0.000 0.0000000000
68823  0.000  0.000  0.000 0.0000000000
68824  0.000  0.000  0.000 0.0000000000
68825  0.000  0.000  0.000 0.0000000000
68830  0.000  0.000  0.000 0.0000000000
68831  0.000  0.000  0.000 0.0000000000
68832  0.000  0.000  0.000 0.0000000000
68833  0.000  0.000  0.000 0.0000000000
68838  0.000  0.000  0.000 0.0000000000
68839  0.000  0.000  0.000 0.0000000000
68840  0.000  0.000  0.000 0.0000000000
68841  0.000  0.000  0.000 0.0000000000
68846  0.000  0.000  0.000 0.0000000000
68847  0.000  0.000  0.000 0.0000000000
68848  0.000  0.000  0.000 0.0000000000
68853  0.000  0.000  0.000 0.0000000000
68854  0.000  0.000  0.000 0.0000000000
68855  0.000  0.000  0.000 0.0000000000
68856  0.000  0.000  0.000 0.0000000000
68860  0.000  0.000  0.000 0.0000000000
68861  0.000  0.000  0.000 0.0000000000
68862  0.000  0.000  0.000 0.0000000000
68866  0.000  0.000  0.000 0.0000000000
68867  0.000  0.000  0.000 0.0000000000
68868  0.000  0.000  0.000 0.0000000000
68869  0.000  0.000  0.000 0.0000000000
68870  0.000  0.000  0.000 0.0000000000
68871  0.000  0.000  0.000 0.0000000000
68875  0.000  0.000  0.000 0.0000000000
68876  0.000  0.000  0.000 0.0000000000
68877  0.000  0.000  0.000 0.0000000000
68878  0.000  0.000  0.000 0.0000000000
68879  0.000  0.000  0.000 0.0000000000
68880  0.000  0.000  0.000 0.0000000000
68883  0.000  0.000  0.000 0.0000000000
68884  0.000  0.000  0.000 0.0000000000
68885  0.000  0.000  0.000 0.0000000000
68886  0.000  0.000  0.000 0.0000000000
69365  0.000  0.000  0.000 0.0000000000
69366  0.000  0.000  0.000 0.0000000000
69367  0.000  0.000  0.000 0.0000000000
69372  0.000  0.000  0.000 0.0000000000
69373  0.000  0.000  0.000 0.0000000000
69378  0.000  0.000  0.000 0.0000000000
69379  0.000  0.000  0.000 0.0000000000
69383  0.000  0.000  0.000 0.0000000000
69392  0.000  0.000  0.000 0.0000000000
69402  0.000  0.000  0.000 0.0000000000
69409  0.000  0.000  0.000 0.0000000000
69417  0.000  0.000  0.000 0.0000000000
69418  0.000  0.000  0.000 0.0000000000
69419  0.000  0.000  0.000 0.0000000000
69425  0.000  0.000  0.000 0.0000000000
69426  0.000  0.000  0.000 0.0000000000
69427  0.000  0.000  0.000 0.0000000000
69432  0.000  0.000  0.000 0.0000000000
69433  0.000  0.000  0.000 0.0000000000
69434  0.000  0.000  0.000 0.0000000000
69438  0.000  0.000  0.000 0.0000000000
69439  0.000  0.000  0.000 0.0000000000
69440  0.000  0.000  0.000 0.0000000000
69445  0.000  0.000  0.000 0.0000000000
69446  0.000  0.000  0.000 0.0000000000
69447  0.000  0.000  0.000 0.0000000000
69452  0.000  0.000  0.000 0.0000000000
69453  0.000  0.000  0.000 0.0000000000
69454  0.000  0.000  0.000 0.0000000000
69455  0.000  0.000  0.000 0.0000000000
69461  0.000  0.000  0.000 0.0000000000
69462  0.000  0.000  0.000 0.0000000000
69463  0.000  0.000  0.000 0.0000000000
69469  0.000  0.000  0.000 0.0000000000
69470  0.000  0.000  0.000 0.0000000000
69471  0.000  0.000  0.000 0.0000000000
69472  0.000  0.000  0.000 0.0000000000
69478  0.000  0.000  0.000 0.0000000000
69479  0.000  0.000  0.000 0.0000000000
69480  0.000  0.000  0.000 0.0000000000
69481  0.000  0.000  0.000 0.0000000000
69486  0.000  0.000  0.000 0.0000000000
69487  0.000  0.000  0.000 0.0000000000
69488  0.000  0.000  0.000 0.0000000000
69489  0.000  0.000  0.000 0.0000000000
69490  0.000  0.000  0.000 0.0000000000
69495  0.000  0.000  0.000 0.0000000000
69496  0.000  0.000  0.000 0.0000000000
69497  0.000  0.000  0.000 0.0000000000
69498  0.000  0.000  0.000 0.0000000000
69499  0.000  0.000  0.000 0.0000000000
69500  0.000  0.000  0.000 0.0000000000
69505  0.000  0.000  0.000 0.0000000000
69506  0.000  0.000  0.000 0.0000000000
69507  0.000  0.000  0.000 0.0000000000
69508  0.000  0.000  0.000 0.0000000000
69509  0.000  0.000  0.000 0.0000000000
69510  0.000  0.000  0.000 0.0000000000
69517  0.000  0.000  0.000 0.0000000000
69518  0.000  0.000  0.000 0.0000000000
69519  0.000  0.000  0.000 0.0000000000
70012  0.000  0.000  0.000 0.0000000000
70013  0.000  0.000  0.000 0.0000000000
70017  0.000  0.000  0.000 0.0000000000
70018  0.000  0.000  0.000 0.0000000000
70022  0.000  0.000  0.000 0.0000000000
70023  0.000  0.000  0.000 0.0000000000
70026  0.000  0.000  0.000 0.0000000000
70027  0.000  0.000  0.000 0.0000000000
70034  0.000  0.000  0.000 0.0000000000
70035  0.000  0.000  0.000 0.0000000000
70044  0.000  0.000  0.000 0.0000000000
70045  0.000  0.000  0.000 0.0000000000
70052  0.000  0.000  0.000 0.0000000000
70053  0.000  0.000  0.000 0.0000000000
70059  0.000  0.000  0.000 0.0000000000
70060  0.000  0.000  0.000 0.0000000000
70067  0.000  0.000  0.000 0.0000000000
70068  0.000  0.000  0.000 0.0000000000
70069  0.000  0.000  0.000 0.0000000000
70073  0.000  0.000  0.000 0.0000000000
70074  0.000  0.000  0.000 0.0000000000
70075  0.000  0.000  0.000 0.0000000000
70080  0.000  0.000  0.000 0.0000000000
70081  0.000  0.000  0.000 0.0000000000
70082  0.000  0.000  0.000 0.0000000000
70086  0.000  0.000  0.000 0.0000000000
70087  0.000  0.000  0.000 0.0000000000
70088  0.000  0.000  0.000 0.0000000000
70089  0.000  0.000  0.000 0.0000000000
70093  0.000  0.000  0.000 0.0000000000
70094  0.000  0.000  0.000 0.0000000000
70095  0.000  0.000  0.000 0.0000000000
70096  0.000  0.000  0.000 0.0000000000
70101  0.000  0.000  0.000 0.0000000000
70102  0.000  0.000  0.000 0.0000000000
70103  0.000  0.000  0.000 0.0000000000
70107  0.000  0.000  0.000 0.0000000000
70108  0.000  0.000  0.000 0.0000000000
70109  0.000  0.000  0.000 0.0000000000
70113  0.000  0.000  0.000 0.0000000000
70114  0.000  0.000  0.000 0.0000000000
70115  0.000  0.000  0.000 0.0000000000
70119  0.000  0.000  0.000 0.0000000000
70120  0.000  0.000  0.000 0.0000000000
70121  0.000  0.000  0.000 0.0000000000
70125  0.000  0.000  0.000 0.0000000000
70126  0.000  0.000  0.000 0.0000000000
70127  0.000  0.000  0.000 0.0000000000
70128  0.000  0.000  0.000 0.0000000000
70129  0.000  0.000  0.000 0.0000000000
70136  0.000  0.000  0.000 0.0000000000
70137  0.000  0.000  0.000 0.0000000000
70138  0.000  0.000  0.000 0.0000000000
70139  0.000  0.000  0.000 0.0000000000
70140  0.000  0.000  0.000 0.0000000000
70141  0.000  0.000  0.000 0.0000000000
70149  0.000  0.000  0.000 0.0000000000
70150  0.000  0.000  0.000 0.0000000000
70151  0.000  0.000  0.000 0.0000000000
70152  0.000  0.000  0.000 0.0000000000
70153  0.000  0.000  0.000 0.0000000000
70162  0.000  0.000  0.000 0.0000000000
70163  0.000  0.000  0.000 0.0000000000
70164  0.000  0.000  0.000 0.0000000000
70605  0.000  0.000  0.000 0.0000000000
70606  0.000  0.000  0.000 0.0000000000
70610  0.000  0.000  0.000 0.0000000000
70613  0.000  0.000  0.000 0.0000000000
70617  0.000  0.000  0.000 0.0000000000
70625  0.000  0.000  0.000 0.0000000000
70633  0.000  0.000  0.000 0.0000000000
70639  0.000  0.000  0.000 0.0000000000
70646  0.000  0.000  0.000 0.0000000000
70651  0.000  0.000  0.000 0.0000000000
70652  0.000  0.000  0.000 0.0000000000
70653  0.000  0.000  0.000 0.0000000000
70658  0.000  0.000  0.000 0.0000000000
70659  0.000  0.000  0.000 0.0000000000
70660  0.000  0.000  0.000 0.0000000000
70664  0.000  0.000  0.000 0.0000000000
70665  0.000  0.000  0.000 0.0000000000
70666  0.000  0.000  0.000 0.0000000000
70667  0.000  0.000  0.000 0.0000000000
70671  0.000  0.000  0.000 0.0000000000
70672  0.000  0.000  0.000 0.0000000000
70673  0.000  0.000  0.000 0.0000000000
70677  0.000  0.000  0.000 0.0000000000
70678  0.000  0.000  0.000 0.0000000000
70679  0.000  0.000  0.000 0.0000000000
70683  0.000  0.000  0.000 0.0000000000
70684  0.000  0.000  0.000 0.0000000000
70685  0.000  0.000  0.000 0.0000000000
70690  0.000  0.000  0.000 0.0000000000
70691  0.000  0.000  0.000 0.0000000000
70692  0.000  0.000  0.000 0.0000000000
70693  0.000  0.000  0.000 0.0000000000
70698  0.000  0.000  0.000 0.0000000000
70699  0.000  0.000  0.000 0.0000000000
70700  0.000  0.000  0.000 0.0000000000
70707  0.000  0.000  0.000 0.0000000000
70708  0.000  0.000  0.000 0.0000000000
70709  0.000  0.000  0.000 0.0000000000
70710  0.000  0.000  0.000 0.0000000000
70718  0.000  0.000  0.000 0.0000000000
70719  0.000  0.000  0.000 0.0000000000
70720  0.000  0.000  0.000 0.0000000000
70721  0.000  0.000  0.000 0.0000000000
70722  0.000  0.000  0.000 0.0000000000
70723  0.000  0.000  0.000 0.0000000000
70732  0.000  0.000  0.000 0.0000000000
70733  0.000  0.000  0.000 0.0000000000
70734  0.000  0.000  0.000 0.0000000000
70735  0.000  0.000  0.000 0.0000000000
70736  0.000  0.000  0.000 0.0000000000
70737  0.000  0.000  0.000 0.0000000000
70745  0.000  0.000  0.000 0.0000000000
70746  0.000  0.000  0.000 0.0000000000
70747  0.000  0.000  0.000 0.0000000000
70748  0.000  0.000  0.000 0.0000000000
70749  0.000  0.000  0.000 0.0000000000
71226  0.000  0.000  0.000 0.0000000000
71227  0.000  0.000  0.000 0.0000000000
71230  0.000  0.000  0.000 0.0000000000
71231  0.000  0.000  0.000 0.0000000000
71234  0.000  0.000  0.000 0.0000000000
71237  0.000  0.000  0.000 0.0000000000
71244  0.000  0.000  0.000 0.0000000000
71252  0.000  0.000  0.000 0.0000000000
71258  0.000  0.000  0.000 0.0000000000
71264  0.000  0.000  0.000 0.0000000000
71270  0.000  0.000  0.000 0.0000000000
71271  0.000  0.000  0.000 0.0000000000
71276  0.000  0.000  0.000 0.0000000000
71277  0.000  0.000  0.000 0.0000000000
71281  0.000  0.000  0.000 0.0000000000
71282  0.000  0.000  0.000 0.0000000000
71283  0.000  0.000  0.000 0.0000000000
71284  0.000  0.000  0.000 0.0000000000
71287  0.000  0.000  0.000 0.0000000000
71288  0.000  0.000  0.000 0.0000000000
71293  0.000  0.000  0.000 0.0000000000
71294  0.000  0.000  0.000 0.0000000000
71295  0.000  0.000  0.000 0.0000000000
71300  0.000  0.000  0.000 0.0000000000
71301  0.000  0.000  0.000 0.0000000000
71302  0.000  0.000  0.000 0.0000000000
71307  0.000  0.000  0.000 0.0000000000
71308  0.000  0.000  0.000 0.0000000000
71309  0.000  0.000  0.000 0.0000000000
71313  0.000  0.000  0.000 0.0000000000
71314  0.000  0.000  0.000 0.0000000000
71315  0.000  0.000  0.000 0.0000000000
71322  0.000  0.000  0.000 0.0000000000
71323  0.000  0.000  0.000 0.0000000000
71324  0.000  0.000  0.000 0.0000000000
71333  0.000  0.000  0.000 0.0000000000
71334  0.000  0.000  0.000 0.0000000000
71335  0.000  0.000  0.000 0.0000000000
71336  0.000  0.000  0.000 0.0000000000
71345  0.000  0.000  0.000 0.0000000000
71346  0.000  0.000  0.000 0.0000000000
71347  0.000  0.000  0.000 0.0000000000
71348  0.000  0.000  0.000 0.0000000000
71349  0.000  0.000  0.000 0.0000000000
71358  0.000  0.000  0.000 0.0000000000
71359  0.000  0.000  0.000 0.0000000000
71360  0.000  0.000  0.000 0.0000000000
71361  0.000  0.000  0.000 0.0000000000
71362  0.000  0.000  0.000 0.0000000000
71363  0.000  0.000  0.000 0.0000000000
71375  0.000  0.000  0.000 0.0000000000
71376  0.000  0.000  0.000 0.0000000000
71377  0.000  0.000  0.000 0.0000000000
71378  0.000  0.000  0.000 0.0000000000
71850  0.000  0.000  0.000 0.0000000000
71851  0.000  0.000  0.000 0.0000000000
71854  0.000  0.000  0.000 0.0000000000
71855  0.000  0.000  0.000 0.0000000000
71858  0.000  0.000  0.000 0.0000000000
71864  0.000  0.000  0.000 0.0000000000
71871  0.000  0.000  0.000 0.0000000000
71878  0.000  0.000  0.000 0.0000000000
71884  0.000  0.000  0.000 0.0000000000
71889  0.000  0.000  0.000 0.0000000000
71893  0.000  0.000  0.000 0.0000000000
71898  0.000  0.000  0.000 0.0000000000
71899  0.000  0.000  0.000 0.0000000000
71905  0.000  0.000  0.000 0.0000000000
71912  0.000  0.000  0.000 0.0000000000
71913  0.000  0.000  0.000 0.0000000000
71918  0.000  0.000  0.000 0.0000000000
71919  0.000  0.000  0.000 0.0000000000
71920  0.000  0.000  0.000 0.0000000000
71924  0.000  0.000  0.000 0.0000000000
71925  0.000  0.000  0.000 0.0000000000
71926  0.000  0.000  0.000 0.0000000000
71927  0.000  0.000  0.000 0.0000000000
71934  0.000  0.000  0.000 0.0000000000
71935  0.000  0.000  0.000 0.0000000000
71944  0.000  0.000  0.000 0.0000000000
71945  0.000  0.000  0.000 0.0000000000
71946  0.000  0.000  0.000 0.0000000000
71956  0.000  0.000  0.000 0.0000000000
71957  0.000  0.000  0.000 0.0000000000
71958  0.000  0.000  0.000 0.0000000000
71959  0.000  0.000  0.000 0.0000000000
71968  0.000  0.000  0.000 0.0000000000
71969  0.000  0.000  0.000 0.0000000000
71970  0.000  0.000  0.000 0.0000000000
71971  0.000  0.000  0.000 0.0000000000
71983  0.000  0.000  0.000 0.0000000000
71984  0.000  0.000  0.000 0.0000000000
71985  0.000  0.000  0.000 0.0000000000
71986  0.000  0.000  0.000 0.0000000000
71987  0.000  0.000  0.000 0.0000000000
71988  0.000  0.000  0.000 0.0000000000
72002  0.000  0.000  0.000 0.0000000000
72003  0.000  0.000  0.000 0.0000000000
72004  0.000  0.000  0.000 0.0000000000
72005  0.000  0.000  0.000 0.0000000000
72006  0.000  0.000  0.000 0.0000000000
72007  0.000  0.000  0.000 0.0000000000
72023  0.000  0.000  0.000 0.0000000000
72024  0.000  0.000  0.000 0.0000000000
72432  0.000  0.000  0.000 0.0000000000
72435  0.000  0.000  0.000 0.0000000000
72436  0.000  0.000  0.000 0.0000000000
72439  0.000  0.000  0.000 0.0000000000
72440  0.000  0.000  0.000 0.0000000000
72442  0.000  0.000  0.000 0.0000000000
72450  0.000  0.000  0.000 0.0000000000
72457  0.000  0.000  0.000 0.0000000000
72463  0.000  0.000  0.000 0.0000000000
72468  0.000  0.000  0.000 0.0000000000
72473  0.000  0.000  0.000 0.0000000000
72474  0.000  0.000  0.000 0.0000000000
72480  0.000  0.000  0.000 0.0000000000
72481  0.000  0.000  0.000 0.0000000000
72488  0.000  0.000  0.000 0.0000000000
72493  0.000  0.000  0.000 0.0000000000
72494  0.000  0.000  0.000 0.0000000000
72501  0.000  0.000  0.000 0.0000000000
72502  0.000  0.000  0.000 0.0000000000
72511  0.000  0.000  0.000 0.0000000000
72512  0.000  0.000  0.000 0.0000000000
72513  0.000  0.000  0.000 0.0000000000
72514  0.000  0.000  0.000 0.0000000000
72523  0.000  0.000  0.000 0.0000000000
72524  0.000  0.000  0.000 0.0000000000
72525  0.000  0.000  0.000 0.0000000000
72536  0.000  0.000  0.000 0.0000000000
72537  0.000  0.000  0.000 0.0000000000
72546  0.000  0.000  0.000 0.0000000000
72547  0.000  0.000  0.000 0.0000000000
72548  0.000  0.000  0.000 0.0000000000
72549  0.000  0.000  0.000 0.0000000000
72560  0.000  0.000  0.000 0.0000000000
72561  0.000  0.000  0.000 0.0000000000
72562  0.000  0.000  0.000 0.0000000000
72573  0.000  0.000  0.000 0.0000000000
72574  0.000  0.000  0.000 0.0000000000
72575  0.000  0.000  0.000 0.0000000000
72576  0.000  0.000  0.000 0.0000000000
72586  0.000  0.000  0.000 0.0000000000
72587  0.000  0.000  0.000 0.0000000000
72588  0.000  0.000  0.000 0.0000000000
72589  0.000  0.000  0.000 0.0000000000
72590  0.000  0.000  0.000 0.0000000000
72591  0.000  0.000  0.000 0.0000000000
72592  0.000  0.000  0.000 0.0000000000
72603  0.000  0.000  0.000 0.0000000000
72604  0.000  0.000  0.000 0.0000000000
72605  0.000  0.000  0.000 0.0000000000
72606  0.000  0.000  0.000 0.0000000000
72607  0.000  0.000  0.000 0.0000000000
72993  0.000  0.000  0.000 0.0000000000
72997  0.000  0.000  0.000 0.0000000000
72999  0.000  0.000  0.000 0.0000000000
73000  0.000  0.000  0.000 0.0000000000
73003  0.000  0.000  0.000 0.0000000000
73004  0.000  0.000  0.000 0.0000000000
73011  0.000  0.000  0.000 0.0000000000
73012  0.000  0.000  0.000 0.0000000000
73018  0.000  0.000  0.000 0.0000000000
73024  0.000  0.000  0.000 0.0000000000
73025  0.000  0.000  0.000 0.0000000000
73032  0.000  0.000  0.000 0.0000000000
73033  0.000  0.000  0.000 0.0000000000
73040  0.000  0.000  0.000 0.0000000000
73041  0.000  0.000  0.000 0.0000000000
73048  0.000  0.000  0.000 0.0000000000
73053  0.000  0.000  0.000 0.0000000000
73061  0.000  0.000  0.000 0.0000000000
73073  0.000  0.000  0.000 0.0000000000
73074  0.000  0.000  0.000 0.0000000000
73075  0.000  0.000  0.000 0.0000000000
73086  0.000  0.000  0.000 0.0000000000
73087  0.000  0.000  0.000 0.0000000000
73088  0.000  0.000  0.000 0.0000000000
73096  0.000  0.000  0.000 0.0000000000
73097  0.000  0.000  0.000 0.0000000000
73098  0.000  0.000  0.000 0.0000000000
73107  0.000  0.000  0.000 0.0000000000
73108  0.000  0.000  0.000 0.0000000000
73109  0.000  0.000  0.000 0.0000000000
73115  0.000  0.000  0.000 0.0000000000
73116  0.000  0.000  0.000 0.0000000000
73117  0.000  0.000  0.000 0.0000000000
73118  0.000  0.000  0.000 0.0000000000
73126  0.000  0.000  0.000 0.0000000000
73127  0.000  0.000  0.000 0.0000000000
73128  0.000  0.000  0.000 0.0000000000
73137  0.000  0.000  0.000 0.0000000000
73138  0.000  0.000  0.000 0.0000000000
73139  0.000  0.000  0.000 0.0000000000
73140  0.000  0.000  0.000 0.0000000000
73151  0.000  0.000  0.000 0.0000000000
73152  0.000  0.000  0.000 0.0000000000
73153  0.000  0.000  0.000 0.0000000000
73154  0.000  0.000  0.000 0.0000000000
73155  0.000  0.000  0.000 0.0000000000
73166  0.000  0.000  0.000 0.0000000000
73167  0.000  0.000  0.000 0.0000000000
73168  0.000  0.000  0.000 0.0000000000
73169  0.000  0.000  0.000 0.0000000000
73170  0.000  0.000  0.000 0.0000000000
73171  0.000  0.000  0.000 0.0000000000
73175  0.000  0.000  0.000 0.0000000000
73176  0.000  0.000  0.000 0.0000000000
73540  0.000  0.000  0.000 0.0000000000
73543  0.000  0.000  0.000 0.0000000000
73544  0.000  0.000  0.000 0.0000000000
73547  0.000  0.000  0.000 0.0000000000
73550  0.000  0.000  0.000 0.0000000000
73555  0.000  0.000  0.000 0.0000000000
73556  0.000  0.000  0.000 0.0000000000
73563  0.000  0.000  0.000 0.0000000000
73564  0.000  0.000  0.000 0.0000000000
73570  0.000  0.000  0.000 0.0000000000
73571  0.000  0.000  0.000 0.0000000000
73578  0.000  0.000  0.000 0.0000000000
73583  0.000  0.000  0.000 0.0000000000
73588  0.000  0.000  0.000 0.0000000000
73596  0.000  0.000  0.000 0.0000000000
73608  0.000  0.000  0.000 0.0000000000
73609  0.000  0.000  0.000 0.0000000000
73622  0.000  0.000  0.000 0.0000000000
73623  0.000  0.000  0.000 0.0000000000
73624  0.000  0.000  0.000 0.0000000000
73632  0.000  0.000  0.000 0.0000000000
73633  0.000  0.000  0.000 0.0000000000
73641  0.000  0.000  0.000 0.0000000000
73642  0.000  0.000  0.000 0.0000000000
73649  0.000  0.000  0.000 0.0000000000
73650  0.000  0.000  0.000 0.0000000000
73657  0.000  0.000  0.000 0.0000000000
73658  0.000  0.000  0.000 0.0000000000
73659  0.000  0.000  0.000 0.0000000000
73660  0.000  0.000  0.000 0.0000000000
73669  0.000  0.000  0.000 0.0000000000
73670  0.000  0.000  0.000 0.0000000000
73671  0.000  0.000  0.000 0.0000000000
73680  0.000  0.000  0.000 0.0000000000
73681  0.000  0.000  0.000 0.0000000000
73682  0.000  0.000  0.000 0.0000000000
73694  0.000  0.000  0.000 0.0000000000
73695  0.000  0.000  0.000 0.0000000000
73696  0.000  0.000  0.000 0.0000000000
73697  0.000  0.000  0.000 0.0000000000
73698  0.000  0.000  0.000 0.0000000000
73709  0.000  0.000  0.000 0.0000000000
73710  0.000  0.000  0.000 0.0000000000
73711  0.000  0.000  0.000 0.0000000000
73712  0.000  0.000  0.000 0.0000000000
73713  0.000  0.000  0.000 0.0000000000
73714  0.000  0.000  0.000 0.0000000000
73715  0.000  0.000  0.000 0.0000000000
73720  0.000  0.000  0.000 0.0000000000
73721  0.000  0.000  0.000 0.0000000000
73722  0.000  0.000  0.000 0.0000000000
73723  0.000  0.000  0.000 0.0000000000
73724  0.000  0.000  0.000 0.0000000000
74064  0.000  0.000  0.000 0.0000000000
74065  0.000  0.000  0.000 0.0000000000
74068  0.000  0.000  0.000 0.0000000000
74069  0.000  0.000  0.000 0.0000000000
74071  0.000  0.000  0.000 0.0000000000
74072  0.000  0.000  0.000 0.0000000000
74074  0.000  0.000  0.000 0.0000000000
74081  0.000  0.000  0.000 0.0000000000
74089  0.000  0.000  0.000 0.0000000000
74095  0.000  0.000  0.000 0.0000000000
74100  0.000  0.000  0.000 0.0000000000
74110  0.000  0.000  0.000 0.0000000000
74121  0.000  0.000  0.000 0.0000000000
74122  0.000  0.000  0.000 0.0000000000
74134  0.000  0.000  0.000 0.0000000000
74135  0.000  0.000  0.000 0.0000000000
74145  0.000  0.000  0.000 0.0000000000
74153  0.000  0.000  0.000 0.0000000000
74154  0.000  0.000  0.000 0.0000000000
74155  0.000  0.000  0.000 0.0000000000
74162  0.000  0.000  0.000 0.0000000000
74163  0.000  0.000  0.000 0.0000000000
74164  0.000  0.000  0.000 0.0000000000
74170  0.000  0.000  0.000 0.0000000000
74171  0.000  0.000  0.000 0.0000000000
74172  0.000  0.000  0.000 0.0000000000
74179  0.000  0.000  0.000 0.0000000000
74180  0.000  0.000  0.000 0.0000000000
74181  0.000  0.000  0.000 0.0000000000
74189  0.000  0.000  0.000 0.0000000000
74190  0.000  0.000  0.000 0.0000000000
74191  0.000  0.000  0.000 0.0000000000
74199  0.000  0.000  0.000 0.0000000000
74200  0.000  0.000  0.000 0.0000000000
74201  0.000  0.000  0.000 0.0000000000
74213  0.000  0.000  0.000 0.0000000000
74214  0.000  0.000  0.000 0.0000000000
74215  0.000  0.000  0.000 0.0000000000
74216  0.000  0.000  0.000 0.0000000000
74225  0.000  0.000  0.000 0.0000000000
74226  0.000  0.000  0.000 0.0000000000
74227  0.000  0.000  0.000 0.0000000000
74228  0.000  0.000  0.000 0.0000000000
74229  0.000  0.000  0.000 0.0000000000
74233  0.000  0.000  0.000 0.0000000000
74234  0.000  0.000  0.000 0.0000000000
74235  0.000  0.000  0.000 0.0000000000
74236  0.000  0.000  0.000 0.0000000000
74237  0.000  0.000  0.000 0.0000000000
74238  0.000  0.000  0.000 0.0000000000
74669  0.000  0.000  0.000 0.0000000000
74671  0.000  0.000  0.000 0.0000000000
74674  0.000  0.000  0.000 0.0000000000
74675  0.000  0.000  0.000 0.0000000000
74678  0.000  0.000  0.000 0.0000000000
74679  0.000  0.000  0.000 0.0000000000
74682  0.000  0.000  0.000 0.0000000000
74683  0.000  0.000  0.000 0.0000000000
74689  0.000  0.000  0.000 0.0000000000
74690  0.000  0.000  0.000 0.0000000000
74699  0.000  0.000  0.000 0.0000000000
74700  0.000  0.000  0.000 0.0000000000
74711  0.000  0.000  0.000 0.0000000000
74712  0.000  0.000  0.000 0.0000000000
74723  0.000  0.000  0.000 0.0000000000
74724  0.000  0.000  0.000 0.0000000000
74734  0.000  0.000  0.000 0.0000000000
74735  0.000  0.000  0.000 0.0000000000
74746  0.000  0.000  0.000 0.0000000000
74755  0.000  0.000  0.000 0.0000000000
74763  0.000  0.000  0.000 0.0000000000
74772  0.000  0.000  0.000 0.0000000000
74773  0.000  0.000  0.000 0.0000000000
74781  0.000  0.000  0.000 0.0000000000
74782  0.000  0.000  0.000 0.0000000000
74783  0.000  0.000  0.000 0.0000000000
74784  0.000  0.000  0.000 0.0000000000
74791  0.000  0.000  0.000 0.0000000000
74792  0.000  0.000  0.000 0.0000000000
74793  0.000  0.000  0.000 0.0000000000
74794  0.000  0.000  0.000 0.0000000000
74801  0.000  0.000  0.000 0.0000000000
74802  0.000  0.000  0.000 0.0000000000
74810  0.000  0.000  0.000 0.0000000000
74811  0.000  0.000  0.000 0.0000000000
74812  0.000  0.000  0.000 0.0000000000
74823  0.000  0.000  0.000 0.0000000000
74824  0.000  0.000  0.000 0.0000000000
74825  0.000  0.000  0.000 0.0000000000
74826  0.000  0.000  0.000 0.0000000000
74834  0.000  0.000  0.000 0.0000000000
74835  0.000  0.000  0.000 0.0000000000
74836  0.000  0.000  0.000 0.0000000000
74837  0.000  0.000  0.000 0.0000000000
74840  0.000  0.000  0.000 0.0000000000
74841  0.000  0.000  0.000 0.0000000000
74842  0.000  0.000  0.000 0.0000000000
74843  0.000  0.000  0.000 0.0000000000
74844  0.000  0.000  0.000 0.0000000000
74845  0.000  0.000  0.000 0.0000000000
74846  0.000  0.000  0.000 0.0000000000
74851  0.000  0.000  0.000 0.0000000000
74852  0.000  0.000  0.000 0.0000000000
74853  0.000  0.000  0.000 0.0000000000
74854  0.000  0.000  0.000 0.0000000000
75239  0.000  0.000  0.000 0.0000000000
75243  0.000  0.000  0.000 0.0000000000
75246  0.000  0.000  0.000 0.0000000000
75248  0.000  0.000  0.000 0.0000000000
75251  0.000  0.000  0.000 0.0000000000
75261  0.000  0.000  0.000 0.0000000000
75274  0.000  0.000  0.000 0.0000000000
75287  0.000  0.000  0.000 0.0000000000
75295  0.000  0.000  0.000 0.0000000000
75302  0.000  0.000  0.000 0.0000000000
75309  0.000  0.000  0.000 0.0000000000
75319  0.000  0.000  0.000 0.0000000000
75329  0.000  0.000  0.000 0.0000000000
75339  0.000  0.000  0.000 0.0000000000
75340  0.000  0.000  0.000 0.0000000000
75349  0.000  0.000  0.000 0.0000000000
75350  0.000  0.000  0.000 0.0000000000
75351  0.000  0.000  0.000 0.0000000000
75360  0.000  0.000  0.000 0.0000000000
75361  0.000  0.000  0.000 0.0000000000
75362  0.000  0.000  0.000 0.0000000000
75371  0.000  0.000  0.000 0.0000000000
75372  0.000  0.000  0.000 0.0000000000
75373  0.000  0.000  0.000 0.0000000000
75383  0.000  0.000  0.000 0.0000000000
75384  0.000  0.000  0.000 0.0000000000
75385  0.000  0.000  0.000 0.0000000000
75396  0.000  0.000  0.000 0.0000000000
75397  0.000  0.000  0.000 0.0000000000
75398  0.000  0.000  0.000 0.0000000000
75399  0.000  0.000  0.000 0.0000000000
75406  0.000  0.000  0.000 0.0000000000
75407  0.000  0.000  0.000 0.0000000000
75408  0.000  0.000  0.000 0.0000000000
75409  0.000  0.000  0.000 0.0000000000
75410  0.000  0.000  0.000 0.0000000000
75414  0.000  0.000  0.000 0.0000000000
75415  0.000  0.000  0.000 0.0000000000
75416  0.000  0.000  0.000 0.0000000000
75417  0.000  0.000  0.000 0.0000000000
75418  0.000  0.000  0.000 0.0000000000
75419  0.000  0.000  0.000 0.0000000000
75423  0.000  0.000  0.000 0.0000000000
75424  0.000  0.000  0.000 0.0000000000
75425  0.000  0.000  0.000 0.0000000000
75426  0.000  0.000  0.000 0.0000000000
75427  0.000  0.000  0.000 0.0000000000
75428  0.000  0.000  0.000 0.0000000000
75801  0.000  0.000  0.000 0.0000000000
75805  0.000  0.000  0.000 0.0000000000
75806  0.000  0.000  0.000 0.0000000000
75809  0.000  0.000  0.000 0.0000000000
75810  0.000  0.000  0.000 0.0000000000
75813  0.000  0.000  0.000 0.0000000000
75814  0.000  0.000  0.000 0.0000000000
75821  0.000  0.000  0.000 0.0000000000
75822  0.000  0.000  0.000 0.0000000000
75829  0.000  0.000  0.000 0.0000000000
75838  0.000  0.000  0.000 0.0000000000
75849  0.000  0.000  0.000 0.0000000000
75858  0.000  0.000  0.000 0.0000000000
75867  0.000  0.000  0.000 0.0000000000
75877  0.000  0.000  0.000 0.0000000000
75878  0.000  0.000  0.000 0.0000000000
75889  0.000  0.000  0.000 0.0000000000
75890  0.000  0.000  0.000 0.0000000000
75901  0.000  0.000  0.000 0.0000000000
75902  0.000  0.000  0.000 0.0000000000
75911  0.000  0.000  0.000 0.0000000000
75912  0.000  0.000  0.000 0.0000000000
75922  0.000  0.000  0.000 0.0000000000
75923  0.000  0.000  0.000 0.0000000000
75924  0.000  0.000  0.000 0.0000000000
75933  0.000  0.000  0.000 0.0000000000
75934  0.000  0.000  0.000 0.0000000000
75935  0.000  0.000  0.000 0.0000000000
75944  0.000  0.000  0.000 0.0000000000
75945  0.000  0.000  0.000 0.0000000000
75956  0.000  0.000  0.000 0.0000000000
75957  0.000  0.000  0.000 0.0000000000
75958  0.000  0.000  0.000 0.0000000000
75970  0.000  0.000  0.000 0.0000000000
75971  0.000  0.000  0.000 0.0000000000
75972  0.000  0.000  0.000 0.0000000000
75976  0.000  0.000  0.000 0.0000000000
75977  0.000  0.000  0.000 0.0000000000
75978  0.000  0.000  0.000 0.0000000000
75979  0.000  0.000  0.000 0.0000000000
75983  0.000  0.000  0.000 0.0000000000
75984  0.000  0.000  0.000 0.0000000000
75985  0.000  0.000  0.000 0.0000000000
75986  0.000  0.000  0.000 0.0000000000
75987  0.000  0.000  0.000 0.0000000000
75991  0.000  0.000  0.000 0.0000000000
75992  0.000  0.000  0.000 0.0000000000
75993  0.000  0.000  0.000 0.0000000000
75994  0.000  0.000  0.000 0.0000000000
75995  0.000  0.000  0.000 0.0000000000
75996  0.000  0.000  0.000 0.0000000000
76001  0.000  0.000  0.000 0.0000000000
76002  0.000  0.000  0.000 0.0000000000
76382  0.000  0.000  0.000 0.0000000000
76388  0.000  0.000  0.000 0.0000000000
76395  0.000  0.000  0.000 0.0000000000
76403  0.000  0.000  0.000 0.0000000000
76404  0.000  0.000  0.000 0.0000000000
76411  0.000  0.000  0.000 0.0000000000
76412  0.000  0.000  0.000 0.0000000000
76421  0.000  0.000  0.000 0.0000000000
76422  0.000  0.000  0.000 0.0000000000
76433  0.000  0.000  0.000 0.0000000000
76434  0.000  0.000  0.000 0.0000000000
76443  0.000  0.000  0.000 0.0000000000
76444  0.000  0.000  0.000 0.0000000000
76452  0.000  0.000  0.000 0.0000000000
76453  0.000  0.000  0.000 0.0000000000
76463  0.000  0.000  0.000 0.0000000000
76464  0.000  0.000  0.000 0.0000000000
76473  0.000  0.000  0.000 0.0000000000
76484  0.000  0.000  0.000 0.0000000000
76493  0.000  0.000  0.000 0.0000000000
76501  0.000  0.000  0.000 0.0000000000
76502  0.000  0.000  0.000 0.0000000000
76509  0.000  0.000  0.000 0.0000000000
76510  0.000  0.000  0.000 0.0000000000
76511  0.000  0.000  0.000 0.0000000000
76519  0.000  0.000  0.000 0.0000000000
76520  0.000  0.000  0.000 0.0000000000
76521  0.000  0.000  0.000 0.0000000000
76529  0.000  0.000  0.000 0.0000000000
76530  0.000  0.000  0.000 0.0000000000
76531  0.000  0.000  0.000 0.0000000000
76541  0.000  0.000  0.000 0.0000000000
76542  0.000  0.000  0.000 0.0000000000
76543  0.000  0.000  0.000 0.0000000000
76548  0.000  0.000  0.000 0.0000000000
76549  0.000  0.000  0.000 0.0000000000
76550  0.000  0.000  0.000 0.0000000000
76551  0.000  0.000  0.000 0.0000000000
76556  0.000  0.000  0.000 0.0000000000
76557  0.000  0.000  0.000 0.0000000000
76558  0.000  0.000  0.000 0.0000000000
76559  0.000  0.000  0.000 0.0000000000
76560  0.000  0.000  0.000 0.0000000000
76564  0.000  0.000  0.000 0.0000000000
76565  0.000  0.000  0.000 0.0000000000
76566  0.000  0.000  0.000 0.0000000000
76567  0.000  0.000  0.000 0.0000000000
76568  0.000  0.000  0.000 0.0000000000
76569  0.000  0.000  0.000 0.0000000000
76570  0.000  0.000  0.000 0.0000000000
76571  0.000  0.000  0.000 0.0000000000
76576  0.000  0.000  0.000 0.0000000000
76577  0.000  0.000  0.000 0.0000000000
76578  0.000  0.000  0.000 0.0000000000
76579  0.000  0.000  0.000 0.0000000000
76939  0.000  0.000  0.000 0.0000000000
76940  0.000  0.000  0.000 0.0000000000
76947  0.000  0.000  0.000 0.0000000000
76948  0.000  0.000  0.000 0.0000000000
76954  0.000  0.000  0.000 0.0000000000
76960  0.000  0.000  0.000 0.0000000000
76965  0.000  0.000  0.000 0.0000000000
76971  0.000  0.000  0.000 0.0000000000
76981  0.000  0.000  0.000 0.0000000000
76992  0.000  0.000  0.000 0.0000000000
77000  0.000  0.000  0.000 0.0000000000
77010  0.000  0.000  0.000 0.0000000000
77020  0.000  0.000  0.000 0.0000000000
77027  0.000  0.000  0.000 0.0000000000
77036  0.000  0.000  0.000 0.0000000000
77047  0.000  0.000  0.000 0.0000000000
77048  0.000  0.000  0.000 0.0000000000
77049  0.000  0.000  0.000 0.0000000000
77058  0.000  0.000  0.000 0.0000000000
77059  0.000  0.000  0.000 0.0000000000
77060  0.000  0.000  0.000 0.0000000000
77069  0.000  0.000  0.000 0.0000000000
77070  0.000  0.000  0.000 0.0000000000
77071  0.000  0.000  0.000 0.0000000000
77080  0.000  0.000  0.000 0.0000000000
77081  0.000  0.000  0.000 0.0000000000
77082  0.000  0.000  0.000 0.0000000000
77091  0.000  0.000  0.000 0.0000000000
77092  0.000  0.000  0.000 0.0000000000
77093  0.000  0.000  0.000 0.0000000000
77097  0.000  0.000  0.000 0.0000000000
77098  0.000  0.000  0.000 0.0000000000
77099  0.000  0.000  0.000 0.0000000000
77100  0.000  0.000  0.000 0.0000000000
77104  0.000  0.000  0.000 0.0000000000
77105  0.000  0.000  0.000 0.0000000000
77106  0.000  0.000  0.000 0.0000000000
77107  0.000  0.000  0.000 0.0000000000
77112  0.000  0.000  0.000 0.0000000000
77113  0.000  0.000  0.000 0.0000000000
77114  0.000  0.000  0.000 0.0000000000
77115  0.000  0.000  0.000 0.0000000000
77116  0.000  0.000  0.000 0.0000000000
77117  0.000  0.000  0.000 0.0000000000
77118  0.000  0.000  0.000 0.0000000000
77122  0.000  0.000  0.000 0.0000000000
77123  0.000  0.000  0.000 0.0000000000
77124  0.000  0.000  0.000 0.0000000000
77125  0.000  0.000  0.000 0.0000000000
77126  0.000  0.000  0.000 0.0000000000
77127  0.000  0.000  0.000 0.0000000000
77484  0.000  0.000  0.000 0.0000000000
77491  0.000  0.000  0.000 0.0000000000
77492  0.000  0.000  0.000 0.0000000000
77499  0.000  0.000  0.000 0.0000000000
77500  0.000  0.000  0.000 0.0000000000
77506  0.000  0.000  0.000 0.0000000000
77507  0.000  0.000  0.000 0.0000000000
77513  0.000  0.000  0.000 0.0000000000
77514  0.000  0.000  0.000 0.0000000000
77521  0.000  0.000  0.000 0.0000000000
77522  0.000  0.000  0.000 0.0000000000
77529  0.000  0.000  0.000 0.0000000000
77530  0.000  0.000  0.000 0.0000000000
77541  0.000  0.000  0.000 0.0000000000
77542  0.000  0.000  0.000 0.0000000000
77554  0.000  0.000  0.000 0.0000000000
77555  0.000  0.000  0.000 0.0000000000
77564  0.000  0.000  0.000 0.0000000000
77565  0.000  0.000  0.000 0.0000000000
77574  0.000  0.000  0.000 0.0000000000
77575  0.000  0.000  0.000 0.0000000000
77584  0.000  0.000  0.000 0.0000000000
77594  0.000  0.000  0.000 0.0000000000
77595  0.000  0.000  0.000 0.0000000000
77604  0.000  0.000  0.000 0.0000000000
77605  0.000  0.000  0.000 0.0000000000
77612  0.000  0.000  0.000 0.0000000000
77613  0.000  0.000  0.000 0.0000000000
77623  0.000  0.000  0.000 0.0000000000
77624  0.000  0.000  0.000 0.0000000000
77625  0.000  0.000  0.000 0.0000000000
77637  0.000  0.000  0.000 0.0000000000
77638  0.000  0.000  0.000 0.0000000000
77639  0.000  0.000  0.000 0.0000000000
77646  0.000  0.000  0.000 0.0000000000
77647  0.000  0.000  0.000 0.0000000000
77648  0.000  0.000  0.000 0.0000000000
77652  0.000  0.000  0.000 0.0000000000
77653  0.000  0.000  0.000 0.0000000000
77654  0.000  0.000  0.000 0.0000000000
77655  0.000  0.000  0.000 0.0000000000
77659  0.000  0.000  0.000 0.0000000000
77660  0.000  0.000  0.000 0.0000000000
77661  0.000  0.000  0.000 0.0000000000
77662  0.000  0.000  0.000 0.0000000000
77667  0.000  0.000  0.000 0.0000000000
77668  0.000  0.000  0.000 0.0000000000
77669  0.000  0.000  0.000 0.0000000000
77670  0.000  0.000  0.000 0.0000000000
77671  0.000  0.000  0.000 0.0000000000
77675  0.000  0.000  0.000 0.0000000000
77676  0.000  0.000  0.000 0.0000000000
77677  0.000  0.000  0.000 0.0000000000
77678  0.000  0.000  0.000 0.0000000000
77679  0.000  0.000  0.000 0.0000000000
77680  0.000  0.000  0.000 0.0000000000
77681  0.000  0.000  0.000 0.0000000000
77685  0.000  0.000  0.000 0.0000000000
77686  0.000  0.000  0.000 0.0000000000
78037  0.000  0.000  0.000 0.0000000000
78038  0.000  0.000  0.000 0.0000000000
78044  0.000  0.000  0.000 0.0000000000
78045  0.000  0.000  0.000 0.0000000000
78052  0.000  0.000  0.000 0.0000000000
78059  0.000  0.000  0.000 0.0000000000
78067  0.000  0.000  0.000 0.0000000000
78074  0.000  0.000  0.000 0.0000000000
78081  0.000  0.000  0.000 0.0000000000
78090  0.000  0.000  0.000 0.0000000000
78118  0.000  0.000  0.000 0.0000000000
78119  0.000  0.000  0.000 0.0000000000
78129  0.000  0.000  0.000 0.0000000000
78130  0.000  0.000  0.000 0.0000000000
78139  0.000  0.000  0.000 0.0000000000
78140  0.000  0.000  0.000 0.0000000000
78150  0.000  0.000  0.000 0.0000000000
78151  0.000  0.000  0.000 0.0000000000
78152  0.000  0.000  0.000 0.0000000000
78153  0.000  0.000  0.000 0.0000000000
78161  0.000  0.000  0.000 0.0000000000
78162  0.000  0.000  0.000 0.0000000000
78163  0.000  0.000  0.000 0.0000000000
78174  0.000  0.000  0.000 0.0000000000
78175  0.000  0.000  0.000 0.0000000000
78187  0.000  0.000  0.000 0.0000000000
78188  0.000  0.000  0.000 0.0000000000
78189  0.000  0.000  0.000 0.0000000000
78196  0.000  0.000  0.000 0.0000000000
78197  0.000  0.000  0.000 0.0000000000
78198  0.000  0.000  0.000 0.0000000000
78201  0.000  0.000  0.000 0.0000000000
78202  0.000  0.000  0.000 0.0000000000
78203  0.000  0.000  0.000 0.0000000000
78207  0.000  0.000  0.000 0.0000000000
78208  0.000  0.000  0.000 0.0000000000
78209  0.000  0.000  0.000 0.0000000000
78210  0.000  0.000  0.000 0.0000000000
78211  0.000  0.000  0.000 0.0000000000
78216  0.000  0.000  0.000 0.0000000000
78217  0.000  0.000  0.000 0.0000000000
78218  0.000  0.000  0.000 0.0000000000
78219  0.000  0.000  0.000 0.0000000000
78220  0.000  0.000  0.000 0.0000000000
78225  0.000  0.000  0.000 0.0000000000
78226  0.000  0.000  0.000 0.0000000000
78227  0.000  0.000  0.000 0.0000000000
78228  0.000  0.000  0.000 0.0000000000
78229  0.000  0.000  0.000 0.0000000000
78230  0.000  0.000  0.000 0.0000000000
78231  0.000  0.000  0.000 0.0000000000
78232  0.000  0.000  0.000 0.0000000000
78233  0.000  0.000  0.000 0.0000000000
78238  0.000  0.000  0.000 0.0000000000
78239  0.000  0.000  0.000 0.0000000000
78240  0.000  0.000  0.000 0.0000000000
78241  0.000  0.000  0.000 0.0000000000
78242  0.000  0.000  0.000 0.0000000000
78578  0.000  0.000  0.000 0.0000000000
78579  0.000  0.000  0.000 0.0000000000
78586  0.000  0.000  0.000 0.0000000000
78587  0.000  0.000  0.000 0.0000000000
78594  0.000  0.000  0.000 0.0000000000
78595  0.000  0.000  0.000 0.0000000000
78601  0.000  0.000  0.000 0.0000000000
78602  0.000  0.000  0.000 0.0000000000
78607  0.000  0.000  0.000 0.0000000000
78613  0.000  0.000  0.000 0.0000000000
78678  0.000  0.000  0.000 0.0000000000
78679  0.000  0.000  0.000 0.0000000000
78680  0.000  0.000  0.000 0.0000000000
78688  0.000  0.000  0.000 0.0000000000
78689  0.000  0.000  0.000 0.0000000000
78690  0.000  0.000  0.000 0.0000000000
78691  0.000  0.000  0.000 0.0000000000
78701  0.000  0.000  0.000 0.0000000000
78702  0.000  0.000  0.000 0.0000000000
78703  0.000  0.000  0.000 0.0000000000
78712  0.000  0.000  0.000 0.0000000000
78713  0.000  0.000  0.000 0.0000000000
78714  0.000  0.000  0.000 0.0000000000
78719  0.000  0.000  0.000 0.0000000000
78720  0.000  0.000  0.000 0.0000000000
78721  0.000  0.000  0.000 0.0000000000
78725  0.000  0.000  0.000 0.0000000000
78726  0.000  0.000  0.000 0.0000000000
78727  0.000  0.000  0.000 0.0000000000
78731  0.000  0.000  0.000 0.0000000000
78732  0.000  0.000  0.000 0.0000000000
78733  0.000  0.000  0.000 0.0000000000
78734  0.000  0.000  0.000 0.0000000000
78738  0.000  0.000  0.000 0.0000000000
78739  0.000  0.000  0.000 0.0000000000
78740  0.000  0.000  0.000 0.0000000000
78741  0.000  0.000  0.000 0.0000000000
78745  0.000  0.000  0.000 0.0000000000
78746  0.000  0.000  0.000 0.0000000000
78747  0.000  0.000  0.000 0.0000000000
78748  0.000  0.000  0.000 0.0000000000
78749  0.000  0.000  0.000 0.0000000000
78750  0.000  0.000  0.000 0.0000000000
78755  0.000  0.000  0.000 0.0000000000
78756  0.000  0.000  0.000 0.0000000000
78757  0.000  0.000  0.000 0.0000000000
78758  0.000  0.000  0.000 0.0000000000
78759  0.000  0.000  0.000 0.0000000000
78760  0.000  0.000  0.000 0.0000000000
78761  0.000  0.000  0.000 0.0000000000
79140  0.000  0.000  0.000 0.0000000000
79145  0.000  0.000  0.000 0.0000000000
79151  0.000  0.000  0.000 0.0000000000
79152  0.000  0.000  0.000 0.0000000000
79159  0.000  0.000  0.000 0.0000000000
79166  0.000  0.000  0.000 0.0000000000
79247  0.000  0.000  0.000 0.0000000000
79248  0.000  0.000  0.000 0.0000000000
79249  0.000  0.000  0.000 0.0000000000
79261  0.000  0.000  0.000 0.0000000000
79262  0.000  0.000  0.000 0.0000000000
79263  0.000  0.000  0.000 0.0000000000
79271  0.000  0.000  0.000 0.0000000000
79272  0.000  0.000  0.000 0.0000000000
79273  0.000  0.000  0.000 0.0000000000
79277  0.000  0.000  0.000 0.0000000000
79278  0.000  0.000  0.000 0.0000000000
79282  0.000  0.000  0.000 0.0000000000
79283  0.000  0.000  0.000 0.0000000000
79284  0.000  0.000  0.000 0.0000000000
79289  0.000  0.000  0.000 0.0000000000
79290  0.000  0.000  0.000 0.0000000000
79291  0.000  0.000  0.000 0.0000000000
79296  0.000  0.000  0.000 0.0000000000
79297  0.000  0.000  0.000 0.0000000000
79298  0.000  0.000  0.000 0.0000000000
79299  0.000  0.000  0.000 0.0000000000
79300  0.000  0.000  0.000 0.0000000000
79305  0.000  0.000  0.000 0.0000000000
79306  0.000  0.000  0.000 0.0000000000
79307  0.000  0.000  0.000 0.0000000000
79308  0.000  0.000  0.000 0.0000000000
79309  0.000  0.000  0.000 0.0000000000
79314  0.000  0.000  0.000 0.0000000000
79315  0.000  0.000  0.000 0.0000000000
79316  0.000  0.000  0.000 0.0000000000
79317  0.000  0.000  0.000 0.0000000000
79318  0.000  0.000  0.000 0.0000000000
79319  0.000  0.000  0.000 0.0000000000
79320  0.000  0.000  0.000 0.0000000000
79653  0.000  0.000  0.000 0.0000000000
79661  0.000  0.000  0.000 0.0000000000
79758  0.000  0.000  0.000 0.0000000000
79759  0.000  0.000  0.000 0.0000000000
79770  0.000  0.000  0.000 0.0000000000
79771  0.000  0.000  0.000 0.0000000000
79772  0.000  0.000  0.000 0.0000000000
79775  0.000  0.000  0.000 0.0000000000
79776  0.000  0.000  0.000 0.0000000000
79777  0.000  0.000  0.000 0.0000000000
79781  0.000  0.000  0.000 0.0000000000
79782  0.000  0.000  0.000 0.0000000000
79783  0.000  0.000  0.000 0.0000000000
79786  0.000  0.000  0.000 0.0000000000
79787  0.000  0.000  0.000 0.0000000000
79788  0.000  0.000  0.000 0.0000000000
79792  0.000  0.000  0.000 0.0000000000
79793  0.000  0.000  0.000 0.0000000000
79794  0.000  0.000  0.000 0.0000000000
79798  0.000  0.000  0.000 0.0000000000
79799  0.000  0.000  0.000 0.0000000000
79800  0.000  0.000  0.000 0.0000000000
79801  0.000  0.000  0.000 0.0000000000
79806  0.000  0.000  0.000 0.0000000000
79807  0.000  0.000  0.000 0.0000000000
79808  0.000  0.000  0.000 0.0000000000
79809  0.000  0.000  0.000 0.0000000000
79810  0.000  0.000  0.000 0.0000000000
79811  0.000  0.000  0.000 0.0000000000
79816  0.000  0.000  0.000 0.0000000000
79817  0.000  0.000  0.000 0.0000000000
79818  0.000  0.000  0.000 0.0000000000
79819  0.000  0.000  0.000 0.0000000000
79820  0.000  0.000  0.000 0.0000000000
79821  0.000  0.000  0.000 0.0000000000
79822  0.000  0.000  0.000 0.0000000000
79823  0.000  0.000  0.000 0.0000000000
79824  0.000  0.000  0.000 0.0000000000
79829  0.000  0.000  0.000 0.0000000000
79830  0.000  0.000  0.000 0.0000000000
79831  0.000  0.000  0.000 0.0000000000
79832  0.000  0.000  0.000 0.0000000000
80291  0.000  0.000  0.000 0.0000000000
80292  0.000  0.000  0.000 0.0000000000
80301  0.000  0.000  0.000 0.0000000000
80302  0.000  0.000  0.000 0.0000000000
80303  0.000  0.000  0.000 0.0000000000
80306  0.000  0.000  0.000 0.0000000000
80307  0.000  0.000  0.000 0.0000000000
80311  0.000  0.000  0.000 0.0000000000
80312  0.000  0.000  0.000 0.0000000000
80313  0.000  0.000  0.000 0.0000000000
80316  0.000  0.000  0.000 0.0000000000
80317  0.000  0.000  0.000 0.0000000000
80318  0.000  0.000  0.000 0.0000000000
80322  0.000  0.000  0.000 0.0000000000
80323  0.000  0.000  0.000 0.0000000000
80324  0.000  0.000  0.000 0.0000000000
80325  0.000  0.000  0.000 0.0000000000
80330  0.000  0.000  0.000 0.0000000000
80331  0.000  0.000  0.000 0.0000000000
80332  0.000  0.000  0.000 0.0000000000
80336  0.000  0.000  0.000 0.0000000000
80337  0.000  0.000  0.000 0.0000000000
80338  0.000  0.000  0.000 0.0000000000
80339  0.000  0.000  0.000 0.0000000000
80344  0.000  0.000  0.000 0.0000000000
80345  0.000  0.000  0.000 0.0000000000
80346  0.000  0.000  0.000 0.0000000000
80347  0.000  0.000  0.000 0.0000000000
80348  0.000  0.000  0.000 0.0000000000
80349  0.000  0.000  0.000 0.0000000000
80350  0.000  0.000  0.000 0.0000000000
80354  0.000  0.000  0.000 0.0000000000
80355  0.000  0.000  0.000 0.0000000000
80356  0.000  0.000  0.000 0.0000000000
80357  0.000  0.000  0.000 0.0000000000
80358  0.000  0.000  0.000 0.0000000000
80795  0.000  0.000  0.000 0.0000000000
80800  0.000  0.000  0.000 0.0000000000
80801  0.000  0.000  0.000 0.0000000000
80802  0.000  0.000  0.000 0.0000000000
80807  0.000  0.000  0.000 0.0000000000
80808  0.000  0.000  0.000 0.0000000000
80812  0.000  0.000  0.000 0.0000000000
80813  0.000  0.000  0.000 0.0000000000
80814  0.000  0.000  0.000 0.0000000000
80815  0.000  0.000  0.000 0.0000000000
80818  0.000  0.000  0.000 0.0000000000
80819  0.000  0.000  0.000 0.0000000000
80820  0.000  0.000  0.000 0.0000000000
80823  0.000  0.000  0.000 0.0000000000
80824  0.000  0.000  0.000 0.0000000000
80825  0.000  0.000  0.000 0.0000000000
80826  0.000  0.000  0.000 0.0000000000
80831  0.000  0.000  0.000 0.0000000000
80832  0.000  0.000  0.000 0.0000000000
80833  0.000  0.000  0.000 0.0000000000
80834  0.000  0.000  0.000 0.0000000000
80838  0.000  0.000  0.000 0.0000000000
80839  0.000  0.000  0.000 0.0000000000
80840  0.000  0.000  0.000 0.0000000000
80841  0.000  0.000  0.000 0.0000000000
80846  0.000  0.000  0.000 0.0000000000
80847  0.000  0.000  0.000 0.0000000000
80848  0.000  0.000  0.000 0.0000000000
80849  0.000  0.000  0.000 0.0000000000
80850  0.000  0.000  0.000 0.0000000000
80851  0.000  0.000  0.000 0.0000000000
80856  0.000  0.000  0.000 0.0000000000
80857  0.000  0.000  0.000 0.0000000000
80858  0.000  0.000  0.000 0.0000000000
80859  0.000  0.000  0.000 0.0000000000
80860  0.000  0.000  0.000 0.0000000000
80861  0.000  0.000  0.000 0.0000000000
80862  0.000  0.000  0.000 0.0000000000
81304  0.000  0.000  0.000 0.0000000000
81305  0.000  0.000  0.000 0.0000000000
81306  0.000  0.000  0.000 0.0000000000
81310  0.000  0.000  0.000 0.0000000000
81311  0.000  0.000  0.000 0.0000000000
81314  0.000  0.000  0.000 0.0000000000
81315  0.000  0.000  0.000 0.0000000000
81316  0.000  0.000  0.000 0.0000000000
81317  0.000  0.000  0.000 0.0000000000
81320  0.000  0.000  0.000 0.0000000000
81321  0.000  0.000  0.000 0.0000000000
81324  0.000  0.000  0.000 0.0000000000
81325  0.000  0.000  0.000 0.0000000000
81326  0.000  0.000  0.000 0.0000000000
81330  0.000  0.000  0.000 0.0000000000
81331  0.000  0.000  0.000 0.0000000000
81332  0.000  0.000  0.000 0.0000000000
81333  0.000  0.000  0.000 0.0000000000
81338  0.000  0.000  0.000 0.0000000000
81339  0.000  0.000  0.000 0.0000000000
81340  0.000  0.000  0.000 0.0000000000
81341  0.000  0.000  0.000 0.0000000000
81342  0.000  0.000  0.000 0.0000000000
81346  0.000  0.000  0.000 0.0000000000
81347  0.000  0.000  0.000 0.0000000000
81348  0.000  0.000  0.000 0.0000000000
81349  0.000  0.000  0.000 0.0000000000
81350  0.000  0.000  0.000 0.0000000000
81351  0.000  0.000  0.000 0.0000000000
81355  0.000  0.000  0.000 0.0000000000
81356  0.000  0.000  0.000 0.0000000000
81357  0.000  0.000  0.000 0.0000000000
81358  0.000  0.000  0.000 0.0000000000
81359  0.000  0.000  0.000 0.0000000000
81360  0.000  0.000  0.000 0.0000000000
81361  0.000  0.000  0.000 0.0000000000
81782  0.000  0.000  0.000 0.0000000000
81783  0.000  0.000  0.000 0.0000000000
81788  0.000  0.000  0.000 0.0000000000
81789  0.000  0.000  0.000 0.0000000000
81792  0.000  0.000  0.000 0.0000000000
81793  0.000  0.000  0.000 0.0000000000
81794  0.000  0.000  0.000 0.0000000000
81795  0.000  0.000  0.000 0.0000000000
81798  0.000  0.000  0.000 0.0000000000
81799  0.000  0.000  0.000 0.0000000000
81802  0.000  0.000  0.000 0.0000000000
81803  0.000  0.000  0.000 0.0000000000
81804  0.000  0.000  0.000 0.0000000000
81807  0.000  0.000  0.000 0.0000000000
81808  0.000  0.000  0.000 0.0000000000
81809  0.000  0.000  0.000 0.0000000000
81814  0.000  0.000  0.000 0.0000000000
81815  0.000  0.000  0.000 0.0000000000
81816  0.000  0.000  0.000 0.0000000000
81817  0.000  0.000  0.000 0.0000000000
81821  0.000  0.000  0.000 0.0000000000
81822  0.000  0.000  0.000 0.0000000000
81823  0.000  0.000  0.000 0.0000000000
81824  0.000  0.000  0.000 0.0000000000
81825  0.000  0.000  0.000 0.0000000000
81826  0.000  0.000  0.000 0.0000000000
81830  0.000  0.000  0.000 0.0000000000
81831  0.000  0.000  0.000 0.0000000000
81832  0.000  0.000  0.000 0.0000000000
81833  0.000  0.000  0.000 0.0000000000
81834  0.000  0.000  0.000 0.0000000000
81835  0.000  0.000  0.000 0.0000000000
81836  0.000  0.000  0.000 0.0000000000
81837  0.000  0.000  0.000 0.0000000000
81838  0.000  0.000  0.000 0.0000000000
81842  0.000  0.000  0.000 0.0000000000
81843  0.000  0.000  0.000 0.0000000000
81844  0.000  0.000  0.000 0.0000000000
82282  0.000  0.000  0.000 0.0000000000
82283  0.000  0.000  0.000 0.0000000000
82287  0.000  0.000  0.000 0.0000000000
82288  0.000  0.000  0.000 0.0000000000
82293  0.000  0.000  0.000 0.0000000000
82294  0.000  0.000  0.000 0.0000000000
82298  0.000  0.000  0.000 0.0000000000
82299  0.000  0.000  0.000 0.0000000000
82300  0.000  0.000  0.000 0.0000000000
82301  0.000  0.000  0.000 0.0000000000
82304  0.000  0.000  0.000 0.0000000000
82305  0.000  0.000  0.000 0.0000000000
82308  0.000  0.000  0.000 0.0000000000
82309  0.000  0.000  0.000 0.0000000000
82310  0.000  0.000  0.000 0.0000000000
82315  0.000  0.000  0.000 0.0000000000
82316  0.000  0.000  0.000 0.0000000000
82324  0.000  0.000  0.000 0.0000000000
82325  0.000  0.000  0.000 0.0000000000
82326  0.000  0.000  0.000 0.0000000000
82327  0.000  0.000  0.000 0.0000000000
82336  0.000  0.000  0.000 0.0000000000
82337  0.000  0.000  0.000 0.0000000000
82338  0.000  0.000  0.000 0.0000000000
82339  0.000  0.000  0.000 0.0000000000
82348  0.000  0.000  0.000 0.0000000000
82349  0.000  0.000  0.000 0.0000000000
82350  0.000  0.000  0.000 0.0000000000
82351  0.000  0.000  0.000 0.0000000000
82352  0.000  0.000  0.000 0.0000000000
82353  0.000  0.000  0.000 0.0000000000
82354  0.000  0.000  0.000 0.0000000000
82355  0.000  0.000  0.000 0.0000000000
82364  0.000  0.000  0.000 0.0000000000
82365  0.000  0.000  0.000 0.0000000000
82366  0.000  0.000  0.000 0.0000000000
82367  0.000  0.000  0.000 0.0000000000
82368  0.000  0.000  0.000 0.0000000000
82825  0.000  0.000  0.000 0.0000000000
82826  0.000  0.000  0.000 0.0000000000
82837  0.000  0.000  0.000 0.0000000000
82838  0.000  0.000  0.000 0.0000000000
82849  0.000  0.000  0.000 0.0000000000
82850  0.000  0.000  0.000 0.0000000000
82860  0.000  0.000  0.000 0.0000000000
82861  0.000  0.000  0.000 0.0000000000
82872  0.000  0.000  0.000 0.0000000000
82873  0.000  0.000  0.000 0.0000000000
82874  0.000  0.000  0.000 0.0000000000
82885  0.000  0.000  0.000 0.0000000000
82886  0.000  0.000  0.000 0.0000000000
82887  0.000  0.000  0.000 0.0000000000
82888  0.000  0.000  0.000 0.0000000000
82900  0.000  0.000  0.000 0.0000000000
82901  0.000  0.000  0.000 0.0000000000
82902  0.000  0.000  0.000 0.0000000000
82915  0.000  0.000  0.000 0.0000000000
82916  0.000  0.000  0.000 0.0000000000
82917  0.000  0.000  0.000 0.0000000000
82918  0.000  0.000  0.000 0.0000000000
82928  0.000  0.000  0.000 0.0000000000
82929  0.000  0.000  0.000 0.0000000000
82930  0.000  0.000  0.000 0.0000000000
82931  0.000  0.000  0.000 0.0000000000
82932  0.000  0.000  0.000 0.0000000000
82943  0.000  0.000  0.000 0.0000000000
82944  0.000  0.000  0.000 0.0000000000
82945  0.000  0.000  0.000 0.0000000000
82946  0.000  0.000  0.000 0.0000000000
82947  0.000  0.000  0.000 0.0000000000
82948  0.000  0.000  0.000 0.0000000000
82949  0.000  0.000  0.000 0.0000000000
82959  0.000  0.000  0.000 0.0000000000
82960  0.000  0.000  0.000 0.0000000000
82961  0.000  0.000  0.000 0.0000000000
82962  0.000  0.000  0.000 0.0000000000
82963  0.000  0.000  0.000 0.0000000000
82964  0.000  0.000  0.000 0.0000000000
83492  0.000  0.000  0.000 0.0000000000
83493  0.000  0.000  0.000 0.0000000000
83505  0.000  0.000  0.000 0.0000000000
83506  0.000  0.000  0.000 0.0000000000
83518  0.000  0.000  0.000 0.0000000000
83527  0.000  0.000  0.000 0.0000000000
83528  0.000  0.000  0.000 0.0000000000
83539  0.000  0.000  0.000 0.0000000000
83540  0.000  0.000  0.000 0.0000000000
83541  0.000  0.000  0.000 0.0000000000
83549  0.000  0.000  0.000 0.0000000000
83550  0.000  0.000  0.000 0.0000000000
83551  0.000  0.000  0.000 0.0000000000
83561  0.000  0.000  0.000 0.0000000000
83562  0.000  0.000  0.000 0.0000000000
83563  0.000  0.000  0.000 0.0000000000
83572  0.000  0.000  0.000 0.0000000000
83573  0.000  0.000  0.000 0.0000000000
83574  0.000  0.000  0.000 0.0000000000
83583  0.000  0.000  0.000 0.0000000000
83584  0.000  0.000  0.000 0.0000000000
83585  0.000  0.000  0.000 0.0000000000
83586  0.000  0.000  0.000 0.0000000000
83595  0.000  0.000  0.000 0.0000000000
83596  0.000  0.000  0.000 0.0000000000
83597  0.000  0.000  0.000 0.0000000000
83598  0.000  0.000  0.000 0.0000000000
83599  0.000  0.000  0.000 0.0000000000
83600  0.000  0.000  0.000 0.0000000000
83609  0.000  0.000  0.000 0.0000000000
83610  0.000  0.000  0.000 0.0000000000
83611  0.000  0.000  0.000 0.0000000000
83612  0.000  0.000  0.000 0.0000000000
83613  0.000  0.000  0.000 0.0000000000
83614  0.000  0.000  0.000 0.0000000000
83615  0.000  0.000  0.000 0.0000000000
84138  0.000  0.000  0.000 0.0000000000
84150  0.000  0.000  0.000 0.0000000000
84151  0.000  0.000  0.000 0.0000000000
84163  0.000  0.000  0.000 0.0000000000
84164  0.000  0.000  0.000 0.0000000000
84176  0.000  0.000  0.000 0.0000000000
84177  0.000  0.000  0.000 0.0000000000
84189  0.000  0.000  0.000 0.0000000000
84190  0.000  0.000  0.000 0.0000000000
84201  0.000  0.000  0.000 0.0000000000
84210  0.000  0.000  0.000 0.0000000000
84211  0.000  0.000  0.000 0.0000000000
84212  0.000  0.000  0.000 0.0000000000
84222  0.000  0.000  0.000 0.0000000000
84223  0.000  0.000  0.000 0.0000000000
84224  0.000  0.000  0.000 0.0000000000
84231  0.000  0.000  0.000 0.0000000000
84232  0.000  0.000  0.000 0.0000000000
84233  0.000  0.000  0.000 0.0000000000
84234  0.000  0.000  0.000 0.0000000000
84243  0.000  0.000  0.000 0.0000000000
84244  0.000  0.000  0.000 0.0000000000
84245  0.000  0.000  0.000 0.0000000000
84246  0.000  0.000  0.000 0.0000000000
84255  0.000  0.000  0.000 0.0000000000
84256  0.000  0.000  0.000 0.0000000000
84257  0.000  0.000  0.000 0.0000000000
84258  0.000  0.000  0.000 0.0000000000
84259  0.000  0.000  0.000 0.0000000000
84267  0.000  0.000  0.000 0.0000000000
84268  0.000  0.000  0.000 0.0000000000
84269  0.000  0.000  0.000 0.0000000000
84270  0.000  0.000  0.000 0.0000000000
84271  0.000  0.000  0.000 0.0000000000
84272  0.000  0.000  0.000 0.0000000000
84273  0.000  0.000  0.000 0.0000000000
84274  0.000  0.000  0.000 0.0000000000
84826  0.000  0.000  0.000 0.0000000000
84835  0.000  0.000  0.000 0.0000000000
84836  0.000  0.000  0.000 0.0000000000
84846  0.000  0.000  0.000 0.0000000000
84847  0.000  0.000  0.000 0.0000000000
84858  0.000  0.000  0.000 0.0000000000
84859  0.000  0.000  0.000 0.0000000000
84871  0.000  0.000  0.000 0.0000000000
84881  0.000  0.000  0.000 0.0000000000
84890  0.000  0.000  0.000 0.0000000000
84891  0.000  0.000  0.000 0.0000000000
84901  0.000  0.000  0.000 0.0000000000
84902  0.000  0.000  0.000 0.0000000000
84903  0.000  0.000  0.000 0.0000000000
84910  0.000  0.000  0.000 0.0000000000
84911  0.000  0.000  0.000 0.0000000000
84912  0.000  0.000  0.000 0.0000000000
84913  0.000  0.000  0.000 0.0000000000
84920  0.000  0.000  0.000 0.0000000000
84921  0.000  0.000  0.000 0.0000000000
84922  0.000  0.000  0.000 0.0000000000
84923  0.000  0.000  0.000 0.0000000000
84924  0.000  0.000  0.000 0.0000000000
84932  0.000  0.000  0.000 0.0000000000
84933  0.000  0.000  0.000 0.0000000000
84934  0.000  0.000  0.000 0.0000000000
84935  0.000  0.000  0.000 0.0000000000
84936  0.000  0.000  0.000 0.0000000000
84945  0.000  0.000  0.000 0.0000000000
84946  0.000  0.000  0.000 0.0000000000
84947  0.000  0.000  0.000 0.0000000000
84948  0.000  0.000  0.000 0.0000000000
84949  0.000  0.000  0.000 0.0000000000
84950  0.000  0.000  0.000 0.0000000000
84951  0.000  0.000  0.000 0.0000000000
84952  0.000  0.000  0.000 0.0000000000
85579  0.000  0.000  0.000 0.0000000000
85587  0.000  0.000  0.000 0.0000000000
85588  0.000  0.000  0.000 0.0000000000
85594  0.000  0.000  0.000 0.0000000000
85595  0.000  0.000  0.000 0.0000000000
85605  0.000  0.000  0.000 0.0000000000
85606  0.000  0.000  0.000 0.0000000000
85616  0.000  0.000  0.000 0.0000000000
85625  0.000  0.000  0.000 0.0000000000
85634  0.000  0.000  0.000 0.0000000000
85645  0.000  0.000  0.000 0.0000000000
85646  0.000  0.000  0.000 0.0000000000
85647  0.000  0.000  0.000 0.0000000000
85654  0.000  0.000  0.000 0.0000000000
85655  0.000  0.000  0.000 0.0000000000
85662  0.000  0.000  0.000 0.0000000000
85663  0.000  0.000  0.000 0.0000000000
85664  0.000  0.000  0.000 0.0000000000
85665  0.000  0.000  0.000 0.0000000000
85672  0.000  0.000  0.000 0.0000000000
85673  0.000  0.000  0.000 0.0000000000
85674  0.000  0.000  0.000 0.0000000000
85675  0.000  0.000  0.000 0.0000000000
85676  0.000  0.000  0.000 0.0000000000
85685  0.000  0.000  0.000 0.0000000000
85686  0.000  0.000  0.000 0.0000000000
85687  0.000  0.000  0.000 0.0000000000
85688  0.000  0.000  0.000 0.0000000000
85689  0.000  0.000  0.000 0.0000000000
85690  0.000  0.000  0.000 0.0000000000
85691  0.000  0.000  0.000 0.0000000000
85692  0.000  0.000  0.000 0.0000000000
85693  0.000  0.000  0.000 0.0000000000
85701  0.000  0.000  0.000 0.0000000000
85702  0.000  0.000  0.000 0.0000000000
85703  0.000  0.000  0.000 0.0000000000
86284  0.000  0.000  0.000 0.0000000000
86285  0.000  0.000  0.000 0.0000000000
86291  0.000  0.000  0.000 0.0000000000
86292  0.000  0.000  0.000 0.0000000000
86297  0.000  0.000  0.000 0.0000000000
86298  0.000  0.000  0.000 0.0000000000
86307  0.000  0.000  0.000 0.0000000000
86317  0.000  0.000  0.000 0.0000000000
86318  0.000  0.000  0.000 0.0000000000
86328  0.000  0.000  0.000 0.0000000000
86329  0.000  0.000  0.000 0.0000000000
86337  0.000  0.000  0.000 0.0000000000
86338  0.000  0.000  0.000 0.0000000000
86348  0.000  0.000  0.000 0.0000000000
86349  0.000  0.000  0.000 0.0000000000
86359  0.000  0.000  0.000 0.0000000000
86360  0.000  0.000  0.000 0.0000000000
86366  0.000  0.000  0.000 0.0000000000
86367  0.000  0.000  0.000 0.0000000000
86368  0.000  0.000  0.000 0.0000000000
86369  0.000  0.000  0.000 0.0000000000
86375  0.000  0.000  0.000 0.0000000000
86376  0.000  0.000  0.000 0.0000000000
86377  0.000  0.000  0.000 0.0000000000
86378  0.000  0.000  0.000 0.0000000000
86386  0.000  0.000  0.000 0.0000000000
86387  0.000  0.000  0.000 0.0000000000
86388  0.000  0.000  0.000 0.0000000000
86389  0.000  0.000  0.000 0.0000000000
86390  0.000  0.000  0.000 0.0000000000
86391  0.000  0.000  0.000 0.0000000000
86392  0.000  0.000  0.000 0.0000000000
86393  0.000  0.000  0.000 0.0000000000
86401  0.000  0.000  0.000 0.0000000000
86402  0.000  0.000  0.000 0.0000000000
86403  0.000  0.000  0.000 0.0000000000
86404  0.000  0.000  0.000 0.0000000000
86977  0.000  0.000  0.000 0.0000000000
86978  0.000  0.000  0.000 0.0000000000
86983  0.000  0.000  0.000 0.0000000000
86984  0.000  0.000  0.000 0.0000000000
86989  0.000  0.000  0.000 0.0000000000
86997  0.000  0.000  0.000 0.0000000000
86998  0.000  0.000  0.000 0.0000000000
87007  0.000  0.000  0.000 0.0000000000
87016  0.000  0.000  0.000 0.0000000000
87024  0.000  0.000  0.000 0.0000000000
87025  0.000  0.000  0.000 0.0000000000
87035  0.000  0.000  0.000 0.0000000000
87036  0.000  0.000  0.000 0.0000000000
87045  0.000  0.000  0.000 0.0000000000
87046  0.000  0.000  0.000 0.0000000000
87047  0.000  0.000  0.000 0.0000000000
87048  0.000  0.000  0.000 0.0000000000
87055  0.000  0.000  0.000 0.0000000000
87056  0.000  0.000  0.000 0.0000000000
87057  0.000  0.000  0.000 0.0000000000
87058  0.000  0.000  0.000 0.0000000000
87059  0.000  0.000  0.000 0.0000000000
87060  0.000  0.000  0.000 0.0000000000
87068  0.000  0.000  0.000 0.0000000000
87069  0.000  0.000  0.000 0.0000000000
87070  0.000  0.000  0.000 0.0000000000
87071  0.000  0.000  0.000 0.0000000000
87072  0.000  0.000  0.000 0.0000000000
87073  0.000  0.000  0.000 0.0000000000
87074  0.000  0.000  0.000 0.0000000000
87075  0.000  0.000  0.000 0.0000000000
87084  0.000  0.000  0.000 0.0000000000
87085  0.000  0.000  0.000 0.0000000000
87086  0.000  0.000  0.000 0.0000000000
87087  0.000  0.000  0.000 0.0000000000
87088  0.000  0.000  0.000 0.0000000000
87634  0.000  0.000  0.000 0.0000000000
87640  0.000  0.000  0.000 0.0000000000
87645  0.000  0.000  0.000 0.0000000000
87646  0.000  0.000  0.000 0.0000000000
87652  0.000  0.000  0.000 0.0000000000
87653  0.000  0.000  0.000 0.0000000000
87660  0.000  0.000  0.000 0.0000000000
87668  0.000  0.000  0.000 0.0000000000
87677  0.000  0.000  0.000 0.0000000000
87688  0.000  0.000  0.000 0.0000000000
87689  0.000  0.000  0.000 0.0000000000
87697  0.000  0.000  0.000 0.0000000000
87698  0.000  0.000  0.000 0.0000000000
87707  0.000  0.000  0.000 0.0000000000
87708  0.000  0.000  0.000 0.0000000000
87718  0.000  0.000  0.000 0.0000000000
87719  0.000  0.000  0.000 0.0000000000
87720  0.000  0.000  0.000 0.0000000000
87721  0.000  0.000  0.000 0.0000000000
87722  0.000  0.000  0.000 0.0000000000
87723  0.000  0.000  0.000 0.0000000000
87732  0.000  0.000  0.000 0.0000000000
87733  0.000  0.000  0.000 0.0000000000
87734  0.000  0.000  0.000 0.0000000000
87735  0.000  0.000  0.000 0.0000000000
87736  0.000  0.000  0.000 0.0000000000
88294  0.000  0.000  0.000 0.0000000000
88295  0.000  0.000  0.000 0.0000000000
88300  0.000  0.000  0.000 0.0000000000
88301  0.000  0.000  0.000 0.0000000000
88305  0.000  0.000  0.000 0.0000000000
88310  0.000  0.000  0.000 0.0000000000
88318  0.000  0.000  0.000 0.0000000000
88327  0.000  0.000  0.000 0.0000000000
88337  0.000  0.000  0.000 0.0000000000
88346  0.000  0.000  0.000 0.0000000000
88347  0.000  0.000  0.000 0.0000000000
88356  0.000  0.000  0.000 0.0000000000
88357  0.000  0.000  0.000 0.0000000000
88365  0.000  0.000  0.000 0.0000000000
88366  0.000  0.000  0.000 0.0000000000
88367  0.000  0.000  0.000 0.0000000000
88368  0.000  0.000  0.000 0.0000000000
88369  0.000  0.000  0.000 0.0000000000
88379  0.000  0.000  0.000 0.0000000000
88380  0.000  0.000  0.000 0.0000000000
88381  0.000  0.000  0.000 0.0000000000
88382  0.000  0.000  0.000 0.0000000000
88383  0.000  0.000  0.000 0.0000000000
88895  0.000  0.000  0.000 0.0000000000
88899  0.000  0.000  0.000 0.0000000000
88905  0.000  0.000  0.000 0.0000000000
88910  0.000  0.000  0.000 0.0000000000
88917  0.000  0.000  0.000 0.0000000000
88926  0.000  0.000  0.000 0.0000000000
88936  0.000  0.000  0.000 0.0000000000
88937  0.000  0.000  0.000 0.0000000000
88947  0.000  0.000  0.000 0.0000000000
88948  0.000  0.000  0.000 0.0000000000
88957  0.000  0.000  0.000 0.0000000000
88958  0.000  0.000  0.000 0.0000000000
88959  0.000  0.000  0.000 0.0000000000
88960  0.000  0.000  0.000 0.0000000000
88961  0.000  0.000  0.000 0.0000000000
88972  0.000  0.000  0.000 0.0000000000
88973  0.000  0.000  0.000 0.0000000000
88974  0.000  0.000  0.000 0.0000000000
88975  0.000  0.000  0.000 0.0000000000
88976  0.000  0.000  0.000 0.0000000000
89471  0.000  0.000  0.000 0.0000000000
89478  0.000  0.000  0.000 0.0000000000
89483  0.000  0.000  0.000 0.0000000000
89487  0.000  0.000  0.000 0.0000000000
89496  0.000  0.000  0.000 0.0000000000
89505  0.000  0.000  0.000 0.0000000000
89506  0.000  0.000  0.000 0.0000000000
89516  0.000  0.000  0.000 0.0000000000
89517  0.000  0.000  0.000 0.0000000000
89527  0.000  0.000  0.000 0.0000000000
89528  0.000  0.000  0.000 0.0000000000
89529  0.000  0.000  0.000 0.0000000000
89541  0.000  0.000  0.000 0.0000000000
89542  0.000  0.000  0.000 0.0000000000
89543  0.000  0.000  0.000 0.0000000000
89544  0.000  0.000  0.000 0.0000000000
90046  0.000  0.000  0.000 0.0000000000
90051  0.000  0.000  0.000 0.0000000000
90057  0.000  0.000  0.000 0.0000000000
90063  0.000  0.000  0.000 0.0000000000
90064  0.000  0.000  0.000 0.0000000000
90073  0.000  0.000  0.000 0.0000000000
90074  0.000  0.000  0.000 0.0000000000
