#!ascii label  , from subject Woofsurfer vox2ras=TkReg coords=white
1065
1914  0.000  0.000  0.000 0.0000000000
1925  0.000  0.000  0.000 0.0000000000
1937  0.000  0.000  0.000 0.0000000000
1952  0.000  0.000  0.000 0.0000000000
1953  0.000  0.000  0.000 0.0000000000
1967  0.000  0.000  0.000 0.0000000000
2196  0.000  0.000  0.000 0.0000000000
2199  0.000  0.000  0.000 0.0000000000
2200  0.000  0.000  0.000 0.0000000000
2203  0.000  0.000  0.000 0.0000000000
2204  0.000  0.000  0.000 0.0000000000
2206  0.000  0.000  0.000 0.0000000000
2207  0.000  0.000  0.000 0.0000000000
2210  0.000  0.000  0.000 0.0000000000
2211  0.000  0.000  0.000 0.0000000000
2212  0.000  0.000  0.000 0.0000000000
2226  0.000  0.000  0.000 0.0000000000
2227  0.000  0.000  0.000 0.0000000000
2228  0.000  0.000  0.000 0.0000000000
2242  0.000  0.000  0.000 0.0000000000
2243  0.000  0.000  0.000 0.0000000000
2258  0.000  0.000  0.000 0.0000000000
2445  0.000  0.000  0.000 0.0000000000
2452  0.000  0.000  0.000 0.0000000000
2453  0.000  0.000  0.000 0.0000000000
2457  0.000  0.000  0.000 0.0000000000
2458  0.000  0.000  0.000 0.0000000000
2464  0.000  0.000  0.000 0.0000000000
2465  0.000  0.000  0.000 0.0000000000
2473  0.000  0.000  0.000 0.0000000000
2474  0.000  0.000  0.000 0.0000000000
2483  0.000  0.000  0.000 0.0000000000
2484  0.000  0.000  0.000 0.0000000000
2492  0.000  0.000  0.000 0.0000000000
2511  0.000  0.000  0.000 0.0000000000
2521  0.000  0.000  0.000 0.0000000000
2522  0.000  0.000  0.000 0.0000000000
2533  0.000  0.000  0.000 0.0000000000
2534  0.000  0.000  0.000 0.0000000000
2545  0.000  0.000  0.000 0.0000000000
2555  0.000  0.000  0.000 0.0000000000
2558  0.000  0.000  0.000 0.0000000000
2559  0.000  0.000  0.000 0.0000000000
2562  0.000  0.000  0.000 0.0000000000
2563  0.000  0.000  0.000 0.0000000000
2564  0.000  0.000  0.000 0.0000000000
2568  0.000  0.000  0.000 0.0000000000
2569  0.000  0.000  0.000 0.0000000000
2570  0.000  0.000  0.000 0.0000000000
2584  0.000  0.000  0.000 0.0000000000
2585  0.000  0.000  0.000 0.0000000000
2586  0.000  0.000  0.000 0.0000000000
2600  0.000  0.000  0.000 0.0000000000
2774  0.000  0.000  0.000 0.0000000000
2783  0.000  0.000  0.000 0.0000000000
2784  0.000  0.000  0.000 0.0000000000
2794  0.000  0.000  0.000 0.0000000000
2795  0.000  0.000  0.000 0.0000000000
2803  0.000  0.000  0.000 0.0000000000
2804  0.000  0.000  0.000 0.0000000000
2809  0.000  0.000  0.000 0.0000000000
2810  0.000  0.000  0.000 0.0000000000
2816  0.000  0.000  0.000 0.0000000000
2817  0.000  0.000  0.000 0.0000000000
2821  0.000  0.000  0.000 0.0000000000
2822  0.000  0.000  0.000 0.0000000000
2823  0.000  0.000  0.000 0.0000000000
2827  0.000  0.000  0.000 0.0000000000
2828  0.000  0.000  0.000 0.0000000000
2829  0.000  0.000  0.000 0.0000000000
2830  0.000  0.000  0.000 0.0000000000
2836  0.000  0.000  0.000 0.0000000000
2837  0.000  0.000  0.000 0.0000000000
2838  0.000  0.000  0.000 0.0000000000
2839  0.000  0.000  0.000 0.0000000000
2847  0.000  0.000  0.000 0.0000000000
2848  0.000  0.000  0.000 0.0000000000
2859  0.000  0.000  0.000 0.0000000000
2860  0.000  0.000  0.000 0.0000000000
2872  0.000  0.000  0.000 0.0000000000
2873  0.000  0.000  0.000 0.0000000000
2882  0.000  0.000  0.000 0.0000000000
2883  0.000  0.000  0.000 0.0000000000
2891  0.000  0.000  0.000 0.0000000000
2899  0.000  0.000  0.000 0.0000000000
2912  0.000  0.000  0.000 0.0000000000
2913  0.000  0.000  0.000 0.0000000000
2927  0.000  0.000  0.000 0.0000000000
2928  0.000  0.000  0.000 0.0000000000
2938  0.000  0.000  0.000 0.0000000000
2939  0.000  0.000  0.000 0.0000000000
2942  0.000  0.000  0.000 0.0000000000
2943  0.000  0.000  0.000 0.0000000000
2944  0.000  0.000  0.000 0.0000000000
2948  0.000  0.000  0.000 0.0000000000
2949  0.000  0.000  0.000 0.0000000000
2950  0.000  0.000  0.000 0.0000000000
2951  0.000  0.000  0.000 0.0000000000
2960  0.000  0.000  0.000 0.0000000000
2961  0.000  0.000  0.000 0.0000000000
3154  0.000  0.000  0.000 0.0000000000
3165  0.000  0.000  0.000 0.0000000000
3175  0.000  0.000  0.000 0.0000000000
3180  0.000  0.000  0.000 0.0000000000
3185  0.000  0.000  0.000 0.0000000000
3186  0.000  0.000  0.000 0.0000000000
3189  0.000  0.000  0.000 0.0000000000
3190  0.000  0.000  0.000 0.0000000000
3193  0.000  0.000  0.000 0.0000000000
3194  0.000  0.000  0.000 0.0000000000
3199  0.000  0.000  0.000 0.0000000000
3200  0.000  0.000  0.000 0.0000000000
3201  0.000  0.000  0.000 0.0000000000
3202  0.000  0.000  0.000 0.0000000000
3209  0.000  0.000  0.000 0.0000000000
3210  0.000  0.000  0.000 0.0000000000
3211  0.000  0.000  0.000 0.0000000000
3212  0.000  0.000  0.000 0.0000000000
3213  0.000  0.000  0.000 0.0000000000
3214  0.000  0.000  0.000 0.0000000000
3215  0.000  0.000  0.000 0.0000000000
3220  0.000  0.000  0.000 0.0000000000
3221  0.000  0.000  0.000 0.0000000000
3222  0.000  0.000  0.000 0.0000000000
3223  0.000  0.000  0.000 0.0000000000
3228  0.000  0.000  0.000 0.0000000000
3229  0.000  0.000  0.000 0.0000000000
3233  0.000  0.000  0.000 0.0000000000
3234  0.000  0.000  0.000 0.0000000000
3238  0.000  0.000  0.000 0.0000000000
3241  0.000  0.000  0.000 0.0000000000
3245  0.000  0.000  0.000 0.0000000000
3246  0.000  0.000  0.000 0.0000000000
3250  0.000  0.000  0.000 0.0000000000
3251  0.000  0.000  0.000 0.0000000000
3261  0.000  0.000  0.000 0.0000000000
3262  0.000  0.000  0.000 0.0000000000
3278  0.000  0.000  0.000 0.0000000000
3279  0.000  0.000  0.000 0.0000000000
3280  0.000  0.000  0.000 0.0000000000
3291  0.000  0.000  0.000 0.0000000000
3292  0.000  0.000  0.000 0.0000000000
3293  0.000  0.000  0.000 0.0000000000
3294  0.000  0.000  0.000 0.0000000000
3297  0.000  0.000  0.000 0.0000000000
3298  0.000  0.000  0.000 0.0000000000
3299  0.000  0.000  0.000 0.0000000000
3300  0.000  0.000  0.000 0.0000000000
3301  0.000  0.000  0.000 0.0000000000
3302  0.000  0.000  0.000 0.0000000000
3303  0.000  0.000  0.000 0.0000000000
3307  0.000  0.000  0.000 0.0000000000
3308  0.000  0.000  0.000 0.0000000000
3309  0.000  0.000  0.000 0.0000000000
3310  0.000  0.000  0.000 0.0000000000
3311  0.000  0.000  0.000 0.0000000000
3318  0.000  0.000  0.000 0.0000000000
3319  0.000  0.000  0.000 0.0000000000
3507  0.000  0.000  0.000 0.0000000000
3517  0.000  0.000  0.000 0.0000000000
3526  0.000  0.000  0.000 0.0000000000
3531  0.000  0.000  0.000 0.0000000000
3535  0.000  0.000  0.000 0.0000000000
3539  0.000  0.000  0.000 0.0000000000
3540  0.000  0.000  0.000 0.0000000000
3547  0.000  0.000  0.000 0.0000000000
3548  0.000  0.000  0.000 0.0000000000
3558  0.000  0.000  0.000 0.0000000000
3559  0.000  0.000  0.000 0.0000000000
3560  0.000  0.000  0.000 0.0000000000
3561  0.000  0.000  0.000 0.0000000000
3572  0.000  0.000  0.000 0.0000000000
3573  0.000  0.000  0.000 0.0000000000
3574  0.000  0.000  0.000 0.0000000000
3575  0.000  0.000  0.000 0.0000000000
3576  0.000  0.000  0.000 0.0000000000
3577  0.000  0.000  0.000 0.0000000000
3588  0.000  0.000  0.000 0.0000000000
3589  0.000  0.000  0.000 0.0000000000
3590  0.000  0.000  0.000 0.0000000000
3591  0.000  0.000  0.000 0.0000000000
3592  0.000  0.000  0.000 0.0000000000
3602  0.000  0.000  0.000 0.0000000000
3603  0.000  0.000  0.000 0.0000000000
3604  0.000  0.000  0.000 0.0000000000
3613  0.000  0.000  0.000 0.0000000000
3614  0.000  0.000  0.000 0.0000000000
3615  0.000  0.000  0.000 0.0000000000
3616  0.000  0.000  0.000 0.0000000000
3617  0.000  0.000  0.000 0.0000000000
3624  0.000  0.000  0.000 0.0000000000
3625  0.000  0.000  0.000 0.0000000000
3626  0.000  0.000  0.000 0.0000000000
3627  0.000  0.000  0.000 0.0000000000
3628  0.000  0.000  0.000 0.0000000000
3629  0.000  0.000  0.000 0.0000000000
3630  0.000  0.000  0.000 0.0000000000
3637  0.000  0.000  0.000 0.0000000000
3638  0.000  0.000  0.000 0.0000000000
3639  0.000  0.000  0.000 0.0000000000
3640  0.000  0.000  0.000 0.0000000000
3641  0.000  0.000  0.000 0.0000000000
3642  0.000  0.000  0.000 0.0000000000
3643  0.000  0.000  0.000 0.0000000000
3644  0.000  0.000  0.000 0.0000000000
3650  0.000  0.000  0.000 0.0000000000
3651  0.000  0.000  0.000 0.0000000000
3652  0.000  0.000  0.000 0.0000000000
3653  0.000  0.000  0.000 0.0000000000
3654  0.000  0.000  0.000 0.0000000000
3655  0.000  0.000  0.000 0.0000000000
3663  0.000  0.000  0.000 0.0000000000
3664  0.000  0.000  0.000 0.0000000000
3665  0.000  0.000  0.000 0.0000000000
3666  0.000  0.000  0.000 0.0000000000
3667  0.000  0.000  0.000 0.0000000000
3673  0.000  0.000  0.000 0.0000000000
3674  0.000  0.000  0.000 0.0000000000
3675  0.000  0.000  0.000 0.0000000000
3676  0.000  0.000  0.000 0.0000000000
3682  0.000  0.000  0.000 0.0000000000
3683  0.000  0.000  0.000 0.0000000000
3684  0.000  0.000  0.000 0.0000000000
3685  0.000  0.000  0.000 0.0000000000
3686  0.000  0.000  0.000 0.0000000000
3687  0.000  0.000  0.000 0.0000000000
3688  0.000  0.000  0.000 0.0000000000
3701  0.000  0.000  0.000 0.0000000000
3702  0.000  0.000  0.000 0.0000000000
3703  0.000  0.000  0.000 0.0000000000
3704  0.000  0.000  0.000 0.0000000000
3705  0.000  0.000  0.000 0.0000000000
3706  0.000  0.000  0.000 0.0000000000
3707  0.000  0.000  0.000 0.0000000000
3708  0.000  0.000  0.000 0.0000000000
3709  0.000  0.000  0.000 0.0000000000
3710  0.000  0.000  0.000 0.0000000000
3730  0.000  0.000  0.000 0.0000000000
3731  0.000  0.000  0.000 0.0000000000
3732  0.000  0.000  0.000 0.0000000000
3733  0.000  0.000  0.000 0.0000000000
3734  0.000  0.000  0.000 0.0000000000
3735  0.000  0.000  0.000 0.0000000000
3736  0.000  0.000  0.000 0.0000000000
3737  0.000  0.000  0.000 0.0000000000
3738  0.000  0.000  0.000 0.0000000000
3754  0.000  0.000  0.000 0.0000000000
3755  0.000  0.000  0.000 0.0000000000
3756  0.000  0.000  0.000 0.0000000000
3757  0.000  0.000  0.000 0.0000000000
3758  0.000  0.000  0.000 0.0000000000
3759  0.000  0.000  0.000 0.0000000000
3760  0.000  0.000  0.000 0.0000000000
3761  0.000  0.000  0.000 0.0000000000
3767  0.000  0.000  0.000 0.0000000000
3768  0.000  0.000  0.000 0.0000000000
3769  0.000  0.000  0.000 0.0000000000
3777  0.000  0.000  0.000 0.0000000000
3778  0.000  0.000  0.000 0.0000000000
3985  0.000  0.000  0.000 0.0000000000
3996  0.000  0.000  0.000 0.0000000000
4004  0.000  0.000  0.000 0.0000000000
4009  0.000  0.000  0.000 0.0000000000
4013  0.000  0.000  0.000 0.0000000000
4021  0.000  0.000  0.000 0.0000000000
4022  0.000  0.000  0.000 0.0000000000
4034  0.000  0.000  0.000 0.0000000000
4035  0.000  0.000  0.000 0.0000000000
4036  0.000  0.000  0.000 0.0000000000
4037  0.000  0.000  0.000 0.0000000000
4047  0.000  0.000  0.000 0.0000000000
4048  0.000  0.000  0.000 0.0000000000
4049  0.000  0.000  0.000 0.0000000000
4050  0.000  0.000  0.000 0.0000000000
4051  0.000  0.000  0.000 0.0000000000
4052  0.000  0.000  0.000 0.0000000000
4053  0.000  0.000  0.000 0.0000000000
4063  0.000  0.000  0.000 0.0000000000
4064  0.000  0.000  0.000 0.0000000000
4065  0.000  0.000  0.000 0.0000000000
4066  0.000  0.000  0.000 0.0000000000
4067  0.000  0.000  0.000 0.0000000000
4103  0.000  0.000  0.000 0.0000000000
4104  0.000  0.000  0.000 0.0000000000
4105  0.000  0.000  0.000 0.0000000000
4106  0.000  0.000  0.000 0.0000000000
4113  0.000  0.000  0.000 0.0000000000
4114  0.000  0.000  0.000 0.0000000000
4115  0.000  0.000  0.000 0.0000000000
4116  0.000  0.000  0.000 0.0000000000
4117  0.000  0.000  0.000 0.0000000000
4118  0.000  0.000  0.000 0.0000000000
4126  0.000  0.000  0.000 0.0000000000
4127  0.000  0.000  0.000 0.0000000000
4128  0.000  0.000  0.000 0.0000000000
4129  0.000  0.000  0.000 0.0000000000
4130  0.000  0.000  0.000 0.0000000000
4131  0.000  0.000  0.000 0.0000000000
4132  0.000  0.000  0.000 0.0000000000
4138  0.000  0.000  0.000 0.0000000000
4139  0.000  0.000  0.000 0.0000000000
4140  0.000  0.000  0.000 0.0000000000
4141  0.000  0.000  0.000 0.0000000000
4142  0.000  0.000  0.000 0.0000000000
4143  0.000  0.000  0.000 0.0000000000
4144  0.000  0.000  0.000 0.0000000000
4152  0.000  0.000  0.000 0.0000000000
4153  0.000  0.000  0.000 0.0000000000
4154  0.000  0.000  0.000 0.0000000000
4155  0.000  0.000  0.000 0.0000000000
4156  0.000  0.000  0.000 0.0000000000
4157  0.000  0.000  0.000 0.0000000000
4158  0.000  0.000  0.000 0.0000000000
4166  0.000  0.000  0.000 0.0000000000
4167  0.000  0.000  0.000 0.0000000000
4168  0.000  0.000  0.000 0.0000000000
4169  0.000  0.000  0.000 0.0000000000
4170  0.000  0.000  0.000 0.0000000000
4429  0.000  0.000  0.000 0.0000000000
4441  0.000  0.000  0.000 0.0000000000
4450  0.000  0.000  0.000 0.0000000000
4455  0.000  0.000  0.000 0.0000000000
4462  0.000  0.000  0.000 0.0000000000
4473  0.000  0.000  0.000 0.0000000000
4474  0.000  0.000  0.000 0.0000000000
4475  0.000  0.000  0.000 0.0000000000
4486  0.000  0.000  0.000 0.0000000000
4487  0.000  0.000  0.000 0.0000000000
4488  0.000  0.000  0.000 0.0000000000
4489  0.000  0.000  0.000 0.0000000000
4490  0.000  0.000  0.000 0.0000000000
4491  0.000  0.000  0.000 0.0000000000
4501  0.000  0.000  0.000 0.0000000000
4502  0.000  0.000  0.000 0.0000000000
4503  0.000  0.000  0.000 0.0000000000
4504  0.000  0.000  0.000 0.0000000000
4505  0.000  0.000  0.000 0.0000000000
4506  0.000  0.000  0.000 0.0000000000
4507  0.000  0.000  0.000 0.0000000000
4514  0.000  0.000  0.000 0.0000000000
4515  0.000  0.000  0.000 0.0000000000
4516  0.000  0.000  0.000 0.0000000000
4517  0.000  0.000  0.000 0.0000000000
4518  0.000  0.000  0.000 0.0000000000
4824  0.000  0.000  0.000 0.0000000000
4834  0.000  0.000  0.000 0.0000000000
4845  0.000  0.000  0.000 0.0000000000
4850  0.000  0.000  0.000 0.0000000000
4860  0.000  0.000  0.000 0.0000000000
4875  0.000  0.000  0.000 0.0000000000
4876  0.000  0.000  0.000 0.0000000000
4877  0.000  0.000  0.000 0.0000000000
4889  0.000  0.000  0.000 0.0000000000
4890  0.000  0.000  0.000 0.0000000000
4891  0.000  0.000  0.000 0.0000000000
4892  0.000  0.000  0.000 0.0000000000
4893  0.000  0.000  0.000 0.0000000000
4894  0.000  0.000  0.000 0.0000000000
4895  0.000  0.000  0.000 0.0000000000
4896  0.000  0.000  0.000 0.0000000000
4903  0.000  0.000  0.000 0.0000000000
4904  0.000  0.000  0.000 0.0000000000
4905  0.000  0.000  0.000 0.0000000000
4906  0.000  0.000  0.000 0.0000000000
4907  0.000  0.000  0.000 0.0000000000
4908  0.000  0.000  0.000 0.0000000000
4916  0.000  0.000  0.000 0.0000000000
4917  0.000  0.000  0.000 0.0000000000
4918  0.000  0.000  0.000 0.0000000000
4919  0.000  0.000  0.000 0.0000000000
5229  0.000  0.000  0.000 0.0000000000
5230  0.000  0.000  0.000 0.0000000000
5237  0.000  0.000  0.000 0.0000000000
5238  0.000  0.000  0.000 0.0000000000
5250  0.000  0.000  0.000 0.0000000000
5251  0.000  0.000  0.000 0.0000000000
5259  0.000  0.000  0.000 0.0000000000
5260  0.000  0.000  0.000 0.0000000000
5267  0.000  0.000  0.000 0.0000000000
5268  0.000  0.000  0.000 0.0000000000
5285  0.000  0.000  0.000 0.0000000000
5286  0.000  0.000  0.000 0.0000000000
5287  0.000  0.000  0.000 0.0000000000
5288  0.000  0.000  0.000 0.0000000000
5289  0.000  0.000  0.000 0.0000000000
5304  0.000  0.000  0.000 0.0000000000
5305  0.000  0.000  0.000 0.0000000000
5306  0.000  0.000  0.000 0.0000000000
5307  0.000  0.000  0.000 0.0000000000
5308  0.000  0.000  0.000 0.0000000000
5309  0.000  0.000  0.000 0.0000000000
5310  0.000  0.000  0.000 0.0000000000
5311  0.000  0.000  0.000 0.0000000000
5318  0.000  0.000  0.000 0.0000000000
5319  0.000  0.000  0.000 0.0000000000
5320  0.000  0.000  0.000 0.0000000000
5321  0.000  0.000  0.000 0.0000000000
5322  0.000  0.000  0.000 0.0000000000
5323  0.000  0.000  0.000 0.0000000000
5641  0.000  0.000  0.000 0.0000000000
5642  0.000  0.000  0.000 0.0000000000
5648  0.000  0.000  0.000 0.0000000000
5649  0.000  0.000  0.000 0.0000000000
5657  0.000  0.000  0.000 0.0000000000
5668  0.000  0.000  0.000 0.0000000000
5677  0.000  0.000  0.000 0.0000000000
5678  0.000  0.000  0.000 0.0000000000
5690  0.000  0.000  0.000 0.0000000000
5691  0.000  0.000  0.000 0.0000000000
5692  0.000  0.000  0.000 0.0000000000
5693  0.000  0.000  0.000 0.0000000000
5709  0.000  0.000  0.000 0.0000000000
5710  0.000  0.000  0.000 0.0000000000
5711  0.000  0.000  0.000 0.0000000000
5712  0.000  0.000  0.000 0.0000000000
5713  0.000  0.000  0.000 0.0000000000
5714  0.000  0.000  0.000 0.0000000000
5723  0.000  0.000  0.000 0.0000000000
5724  0.000  0.000  0.000 0.0000000000
5725  0.000  0.000  0.000 0.0000000000
5726  0.000  0.000  0.000 0.0000000000
5727  0.000  0.000  0.000 0.0000000000
6061  0.000  0.000  0.000 0.0000000000
6068  0.000  0.000  0.000 0.0000000000
6069  0.000  0.000  0.000 0.0000000000
6076  0.000  0.000  0.000 0.0000000000
6089  0.000  0.000  0.000 0.0000000000
6105  0.000  0.000  0.000 0.0000000000
6117  0.000  0.000  0.000 0.0000000000
6118  0.000  0.000  0.000 0.0000000000
6132  0.000  0.000  0.000 0.0000000000
6133  0.000  0.000  0.000 0.0000000000
6134  0.000  0.000  0.000 0.0000000000
6135  0.000  0.000  0.000 0.0000000000
6136  0.000  0.000  0.000 0.0000000000
6148  0.000  0.000  0.000 0.0000000000
6149  0.000  0.000  0.000 0.0000000000
6150  0.000  0.000  0.000 0.0000000000
6151  0.000  0.000  0.000 0.0000000000
6530  0.000  0.000  0.000 0.0000000000
6531  0.000  0.000  0.000 0.0000000000
6539  0.000  0.000  0.000 0.0000000000
6549  0.000  0.000  0.000 0.0000000000
6566  0.000  0.000  0.000 0.0000000000
6578  0.000  0.000  0.000 0.0000000000
6587  0.000  0.000  0.000 0.0000000000
6588  0.000  0.000  0.000 0.0000000000
6589  0.000  0.000  0.000 0.0000000000
6590  0.000  0.000  0.000 0.0000000000
6602  0.000  0.000  0.000 0.0000000000
6603  0.000  0.000  0.000 0.0000000000
6604  0.000  0.000  0.000 0.0000000000
6605  0.000  0.000  0.000 0.0000000000
6606  0.000  0.000  0.000 0.0000000000
7079  0.000  0.000  0.000 0.0000000000
7085  0.000  0.000  0.000 0.0000000000
7086  0.000  0.000  0.000 0.0000000000
7092  0.000  0.000  0.000 0.0000000000
7105  0.000  0.000  0.000 0.0000000000
7122  0.000  0.000  0.000 0.0000000000
7131  0.000  0.000  0.000 0.0000000000
7132  0.000  0.000  0.000 0.0000000000
7133  0.000  0.000  0.000 0.0000000000
7134  0.000  0.000  0.000 0.0000000000
7138  0.000  0.000  0.000 0.0000000000
7139  0.000  0.000  0.000 0.0000000000
7140  0.000  0.000  0.000 0.0000000000
7141  0.000  0.000  0.000 0.0000000000
7142  0.000  0.000  0.000 0.0000000000
7143  0.000  0.000  0.000 0.0000000000
7153  0.000  0.000  0.000 0.0000000000
7154  0.000  0.000  0.000 0.0000000000
7155  0.000  0.000  0.000 0.0000000000
7156  0.000  0.000  0.000 0.0000000000
7656  0.000  0.000  0.000 0.0000000000
7657  0.000  0.000  0.000 0.0000000000
7662  0.000  0.000  0.000 0.0000000000
7670  0.000  0.000  0.000 0.0000000000
7688  0.000  0.000  0.000 0.0000000000
7704  0.000  0.000  0.000 0.0000000000
7705  0.000  0.000  0.000 0.0000000000
7706  0.000  0.000  0.000 0.0000000000
7712  0.000  0.000  0.000 0.0000000000
7713  0.000  0.000  0.000 0.0000000000
7714  0.000  0.000  0.000 0.0000000000
7715  0.000  0.000  0.000 0.0000000000
7716  0.000  0.000  0.000 0.0000000000
7725  0.000  0.000  0.000 0.0000000000
7726  0.000  0.000  0.000 0.0000000000
7727  0.000  0.000  0.000 0.0000000000
7728  0.000  0.000  0.000 0.0000000000
7729  0.000  0.000  0.000 0.0000000000
8216  0.000  0.000  0.000 0.0000000000
8217  0.000  0.000  0.000 0.0000000000
8223  0.000  0.000  0.000 0.0000000000
8224  0.000  0.000  0.000 0.0000000000
8231  0.000  0.000  0.000 0.0000000000
8246  0.000  0.000  0.000 0.0000000000
8265  0.000  0.000  0.000 0.0000000000
8277  0.000  0.000  0.000 0.0000000000
8278  0.000  0.000  0.000 0.0000000000
8279  0.000  0.000  0.000 0.0000000000
8284  0.000  0.000  0.000 0.0000000000
8285  0.000  0.000  0.000 0.0000000000
8286  0.000  0.000  0.000 0.0000000000
8287  0.000  0.000  0.000 0.0000000000
8288  0.000  0.000  0.000 0.0000000000
8289  0.000  0.000  0.000 0.0000000000
8298  0.000  0.000  0.000 0.0000000000
8299  0.000  0.000  0.000 0.0000000000
8300  0.000  0.000  0.000 0.0000000000
8301  0.000  0.000  0.000 0.0000000000
8801  0.000  0.000  0.000 0.0000000000
8802  0.000  0.000  0.000 0.0000000000
8808  0.000  0.000  0.000 0.0000000000
8819  0.000  0.000  0.000 0.0000000000
8835  0.000  0.000  0.000 0.0000000000
8850  0.000  0.000  0.000 0.0000000000
8851  0.000  0.000  0.000 0.0000000000
8852  0.000  0.000  0.000 0.0000000000
8858  0.000  0.000  0.000 0.0000000000
8859  0.000  0.000  0.000 0.0000000000
8860  0.000  0.000  0.000 0.0000000000
8861  0.000  0.000  0.000 0.0000000000
8862  0.000  0.000  0.000 0.0000000000
8870  0.000  0.000  0.000 0.0000000000
8871  0.000  0.000  0.000 0.0000000000
8872  0.000  0.000  0.000 0.0000000000
8873  0.000  0.000  0.000 0.0000000000
8874  0.000  0.000  0.000 0.0000000000
8875  0.000  0.000  0.000 0.0000000000
9382  0.000  0.000  0.000 0.0000000000
9383  0.000  0.000  0.000 0.0000000000
9390  0.000  0.000  0.000 0.0000000000
9405  0.000  0.000  0.000 0.0000000000
9422  0.000  0.000  0.000 0.0000000000
9423  0.000  0.000  0.000 0.0000000000
9435  0.000  0.000  0.000 0.0000000000
9436  0.000  0.000  0.000 0.0000000000
9437  0.000  0.000  0.000 0.0000000000
9438  0.000  0.000  0.000 0.0000000000
9439  0.000  0.000  0.000 0.0000000000
9443  0.000  0.000  0.000 0.0000000000
9444  0.000  0.000  0.000 0.0000000000
9445  0.000  0.000  0.000 0.0000000000
9446  0.000  0.000  0.000 0.0000000000
9447  0.000  0.000  0.000 0.0000000000
9448  0.000  0.000  0.000 0.0000000000
9457  0.000  0.000  0.000 0.0000000000
9458  0.000  0.000  0.000 0.0000000000
9459  0.000  0.000  0.000 0.0000000000
9460  0.000  0.000  0.000 0.0000000000
9961  0.000  0.000  0.000 0.0000000000
9962  0.000  0.000  0.000 0.0000000000
9969  0.000  0.000  0.000 0.0000000000
9970  0.000  0.000  0.000 0.0000000000
9983  0.000  0.000  0.000 0.0000000000
10001  0.000  0.000  0.000 0.0000000000
10016  0.000  0.000  0.000 0.0000000000
10017  0.000  0.000  0.000 0.0000000000
10018  0.000  0.000  0.000 0.0000000000
10026  0.000  0.000  0.000 0.0000000000
10027  0.000  0.000  0.000 0.0000000000
10028  0.000  0.000  0.000 0.0000000000
10029  0.000  0.000  0.000 0.0000000000
10030  0.000  0.000  0.000 0.0000000000
10038  0.000  0.000  0.000 0.0000000000
10039  0.000  0.000  0.000 0.0000000000
10040  0.000  0.000  0.000 0.0000000000
10041  0.000  0.000  0.000 0.0000000000
10042  0.000  0.000  0.000 0.0000000000
10524  0.000  0.000  0.000 0.0000000000
10525  0.000  0.000  0.000 0.0000000000
10532  0.000  0.000  0.000 0.0000000000
10547  0.000  0.000  0.000 0.0000000000
10562  0.000  0.000  0.000 0.0000000000
10563  0.000  0.000  0.000 0.0000000000
10564  0.000  0.000  0.000 0.0000000000
10574  0.000  0.000  0.000 0.0000000000
10575  0.000  0.000  0.000 0.0000000000
10576  0.000  0.000  0.000 0.0000000000
10577  0.000  0.000  0.000 0.0000000000
10581  0.000  0.000  0.000 0.0000000000
10582  0.000  0.000  0.000 0.0000000000
10583  0.000  0.000  0.000 0.0000000000
10584  0.000  0.000  0.000 0.0000000000
10585  0.000  0.000  0.000 0.0000000000
10586  0.000  0.000  0.000 0.0000000000
10587  0.000  0.000  0.000 0.0000000000
10597  0.000  0.000  0.000 0.0000000000
10598  0.000  0.000  0.000 0.0000000000
10599  0.000  0.000  0.000 0.0000000000
10600  0.000  0.000  0.000 0.0000000000
11078  0.000  0.000  0.000 0.0000000000
11079  0.000  0.000  0.000 0.0000000000
11085  0.000  0.000  0.000 0.0000000000
11086  0.000  0.000  0.000 0.0000000000
11099  0.000  0.000  0.000 0.0000000000
11114  0.000  0.000  0.000 0.0000000000
11115  0.000  0.000  0.000 0.0000000000
11129  0.000  0.000  0.000 0.0000000000
11130  0.000  0.000  0.000 0.0000000000
11131  0.000  0.000  0.000 0.0000000000
11132  0.000  0.000  0.000 0.0000000000
11140  0.000  0.000  0.000 0.0000000000
11141  0.000  0.000  0.000 0.0000000000
11142  0.000  0.000  0.000 0.0000000000
11143  0.000  0.000  0.000 0.0000000000
11144  0.000  0.000  0.000 0.0000000000
11152  0.000  0.000  0.000 0.0000000000
11153  0.000  0.000  0.000 0.0000000000
11154  0.000  0.000  0.000 0.0000000000
11155  0.000  0.000  0.000 0.0000000000
11156  0.000  0.000  0.000 0.0000000000
11157  0.000  0.000  0.000 0.0000000000
11670  0.000  0.000  0.000 0.0000000000
11680  0.000  0.000  0.000 0.0000000000
11695  0.000  0.000  0.000 0.0000000000
11709  0.000  0.000  0.000 0.0000000000
11710  0.000  0.000  0.000 0.0000000000
11723  0.000  0.000  0.000 0.0000000000
11724  0.000  0.000  0.000 0.0000000000
11725  0.000  0.000  0.000 0.0000000000
11726  0.000  0.000  0.000 0.0000000000
11732  0.000  0.000  0.000 0.0000000000
11733  0.000  0.000  0.000 0.0000000000
11734  0.000  0.000  0.000 0.0000000000
11735  0.000  0.000  0.000 0.0000000000
11736  0.000  0.000  0.000 0.0000000000
11737  0.000  0.000  0.000 0.0000000000
11746  0.000  0.000  0.000 0.0000000000
11747  0.000  0.000  0.000 0.0000000000
11748  0.000  0.000  0.000 0.0000000000
11749  0.000  0.000  0.000 0.0000000000
12246  0.000  0.000  0.000 0.0000000000
12253  0.000  0.000  0.000 0.0000000000
12264  0.000  0.000  0.000 0.0000000000
12279  0.000  0.000  0.000 0.0000000000
12280  0.000  0.000  0.000 0.0000000000
12294  0.000  0.000  0.000 0.0000000000
12295  0.000  0.000  0.000 0.0000000000
12296  0.000  0.000  0.000 0.0000000000
12297  0.000  0.000  0.000 0.0000000000
12307  0.000  0.000  0.000 0.0000000000
12308  0.000  0.000  0.000 0.0000000000
12309  0.000  0.000  0.000 0.0000000000
12310  0.000  0.000  0.000 0.0000000000
12311  0.000  0.000  0.000 0.0000000000
12320  0.000  0.000  0.000 0.0000000000
12321  0.000  0.000  0.000 0.0000000000
12322  0.000  0.000  0.000 0.0000000000
12323  0.000  0.000  0.000 0.0000000000
12324  0.000  0.000  0.000 0.0000000000
12871  0.000  0.000  0.000 0.0000000000
12880  0.000  0.000  0.000 0.0000000000
12894  0.000  0.000  0.000 0.0000000000
12895  0.000  0.000  0.000 0.0000000000
12908  0.000  0.000  0.000 0.0000000000
12909  0.000  0.000  0.000 0.0000000000
12923  0.000  0.000  0.000 0.0000000000
12924  0.000  0.000  0.000 0.0000000000
12925  0.000  0.000  0.000 0.0000000000
12926  0.000  0.000  0.000 0.0000000000
12937  0.000  0.000  0.000 0.0000000000
12938  0.000  0.000  0.000 0.0000000000
12939  0.000  0.000  0.000 0.0000000000
12940  0.000  0.000  0.000 0.0000000000
12941  0.000  0.000  0.000 0.0000000000
12942  0.000  0.000  0.000 0.0000000000
12951  0.000  0.000  0.000 0.0000000000
12952  0.000  0.000  0.000 0.0000000000
12953  0.000  0.000  0.000 0.0000000000
12954  0.000  0.000  0.000 0.0000000000
13519  0.000  0.000  0.000 0.0000000000
13531  0.000  0.000  0.000 0.0000000000
13532  0.000  0.000  0.000 0.0000000000
13548  0.000  0.000  0.000 0.0000000000
13549  0.000  0.000  0.000 0.0000000000
13561  0.000  0.000  0.000 0.0000000000
13562  0.000  0.000  0.000 0.0000000000
13574  0.000  0.000  0.000 0.0000000000
13575  0.000  0.000  0.000 0.0000000000
13576  0.000  0.000  0.000 0.0000000000
13577  0.000  0.000  0.000 0.0000000000
13587  0.000  0.000  0.000 0.0000000000
13588  0.000  0.000  0.000 0.0000000000
13589  0.000  0.000  0.000 0.0000000000
13590  0.000  0.000  0.000 0.0000000000
13591  0.000  0.000  0.000 0.0000000000
13592  0.000  0.000  0.000 0.0000000000
13601  0.000  0.000  0.000 0.0000000000
13602  0.000  0.000  0.000 0.0000000000
14176  0.000  0.000  0.000 0.0000000000
14177  0.000  0.000  0.000 0.0000000000
14188  0.000  0.000  0.000 0.0000000000
14189  0.000  0.000  0.000 0.0000000000
14202  0.000  0.000  0.000 0.0000000000
14212  0.000  0.000  0.000 0.0000000000
14213  0.000  0.000  0.000 0.0000000000
14214  0.000  0.000  0.000 0.0000000000
14227  0.000  0.000  0.000 0.0000000000
14228  0.000  0.000  0.000 0.0000000000
14229  0.000  0.000  0.000 0.0000000000
14230  0.000  0.000  0.000 0.0000000000
14240  0.000  0.000  0.000 0.0000000000
14241  0.000  0.000  0.000 0.0000000000
14242  0.000  0.000  0.000 0.0000000000
14243  0.000  0.000  0.000 0.0000000000
14244  0.000  0.000  0.000 0.0000000000
14245  0.000  0.000  0.000 0.0000000000
14832  0.000  0.000  0.000 0.0000000000
14833  0.000  0.000  0.000 0.0000000000
14848  0.000  0.000  0.000 0.0000000000
14861  0.000  0.000  0.000 0.0000000000
14872  0.000  0.000  0.000 0.0000000000
14873  0.000  0.000  0.000 0.0000000000
14874  0.000  0.000  0.000 0.0000000000
14889  0.000  0.000  0.000 0.0000000000
14890  0.000  0.000  0.000 0.0000000000
14891  0.000  0.000  0.000 0.0000000000
14892  0.000  0.000  0.000 0.0000000000
14901  0.000  0.000  0.000 0.0000000000
14902  0.000  0.000  0.000 0.0000000000
14903  0.000  0.000  0.000 0.0000000000
14904  0.000  0.000  0.000 0.0000000000
14905  0.000  0.000  0.000 0.0000000000
15488  0.000  0.000  0.000 0.0000000000
15489  0.000  0.000  0.000 0.0000000000
15503  0.000  0.000  0.000 0.0000000000
15514  0.000  0.000  0.000 0.0000000000
15515  0.000  0.000  0.000 0.0000000000
15526  0.000  0.000  0.000 0.0000000000
15527  0.000  0.000  0.000 0.0000000000
15528  0.000  0.000  0.000 0.0000000000
15529  0.000  0.000  0.000 0.0000000000
15545  0.000  0.000  0.000 0.0000000000
15546  0.000  0.000  0.000 0.0000000000
15547  0.000  0.000  0.000 0.0000000000
15548  0.000  0.000  0.000 0.0000000000
15553  0.000  0.000  0.000 0.0000000000
15554  0.000  0.000  0.000 0.0000000000
15555  0.000  0.000  0.000 0.0000000000
15556  0.000  0.000  0.000 0.0000000000
16152  0.000  0.000  0.000 0.0000000000
16167  0.000  0.000  0.000 0.0000000000
16168  0.000  0.000  0.000 0.0000000000
16180  0.000  0.000  0.000 0.0000000000
16191  0.000  0.000  0.000 0.0000000000
16192  0.000  0.000  0.000 0.0000000000
16204  0.000  0.000  0.000 0.0000000000
16205  0.000  0.000  0.000 0.0000000000
16206  0.000  0.000  0.000 0.0000000000
16207  0.000  0.000  0.000 0.0000000000
16222  0.000  0.000  0.000 0.0000000000
16223  0.000  0.000  0.000 0.0000000000
16224  0.000  0.000  0.000 0.0000000000
16225  0.000  0.000  0.000 0.0000000000
16226  0.000  0.000  0.000 0.0000000000
16231  0.000  0.000  0.000 0.0000000000
16232  0.000  0.000  0.000 0.0000000000
16233  0.000  0.000  0.000 0.0000000000
16234  0.000  0.000  0.000 0.0000000000
16855  0.000  0.000  0.000 0.0000000000
16870  0.000  0.000  0.000 0.0000000000
16881  0.000  0.000  0.000 0.0000000000
16891  0.000  0.000  0.000 0.0000000000
16892  0.000  0.000  0.000 0.0000000000
16893  0.000  0.000  0.000 0.0000000000
16906  0.000  0.000  0.000 0.0000000000
16907  0.000  0.000  0.000 0.0000000000
16908  0.000  0.000  0.000 0.0000000000
16909  0.000  0.000  0.000 0.0000000000
16910  0.000  0.000  0.000 0.0000000000
16924  0.000  0.000  0.000 0.0000000000
16925  0.000  0.000  0.000 0.0000000000
16926  0.000  0.000  0.000 0.0000000000
16927  0.000  0.000  0.000 0.0000000000
16928  0.000  0.000  0.000 0.0000000000
16933  0.000  0.000  0.000 0.0000000000
16934  0.000  0.000  0.000 0.0000000000
16935  0.000  0.000  0.000 0.0000000000
16936  0.000  0.000  0.000 0.0000000000
17587  0.000  0.000  0.000 0.0000000000
17603  0.000  0.000  0.000 0.0000000000
17614  0.000  0.000  0.000 0.0000000000
17623  0.000  0.000  0.000 0.0000000000
17624  0.000  0.000  0.000 0.0000000000
17625  0.000  0.000  0.000 0.0000000000
17626  0.000  0.000  0.000 0.0000000000
17641  0.000  0.000  0.000 0.0000000000
17642  0.000  0.000  0.000 0.0000000000
17643  0.000  0.000  0.000 0.0000000000
17644  0.000  0.000  0.000 0.0000000000
17654  0.000  0.000  0.000 0.0000000000
17655  0.000  0.000  0.000 0.0000000000
17656  0.000  0.000  0.000 0.0000000000
17661  0.000  0.000  0.000 0.0000000000
17662  0.000  0.000  0.000 0.0000000000
17663  0.000  0.000  0.000 0.0000000000
17664  0.000  0.000  0.000 0.0000000000
18335  0.000  0.000  0.000 0.0000000000
18336  0.000  0.000  0.000 0.0000000000
18348  0.000  0.000  0.000 0.0000000000
18358  0.000  0.000  0.000 0.0000000000
18368  0.000  0.000  0.000 0.0000000000
18369  0.000  0.000  0.000 0.0000000000
18370  0.000  0.000  0.000 0.0000000000
18371  0.000  0.000  0.000 0.0000000000
18386  0.000  0.000  0.000 0.0000000000
18387  0.000  0.000  0.000 0.0000000000
18388  0.000  0.000  0.000 0.0000000000
18397  0.000  0.000  0.000 0.0000000000
18398  0.000  0.000  0.000 0.0000000000
18399  0.000  0.000  0.000 0.0000000000
18405  0.000  0.000  0.000 0.0000000000
18406  0.000  0.000  0.000 0.0000000000
18407  0.000  0.000  0.000 0.0000000000
18408  0.000  0.000  0.000 0.0000000000
19085  0.000  0.000  0.000 0.0000000000
19086  0.000  0.000  0.000 0.0000000000
19098  0.000  0.000  0.000 0.0000000000
19108  0.000  0.000  0.000 0.0000000000
19122  0.000  0.000  0.000 0.0000000000
19123  0.000  0.000  0.000 0.0000000000
19124  0.000  0.000  0.000 0.0000000000
19125  0.000  0.000  0.000 0.0000000000
19140  0.000  0.000  0.000 0.0000000000
19141  0.000  0.000  0.000 0.0000000000
19142  0.000  0.000  0.000 0.0000000000
19151  0.000  0.000  0.000 0.0000000000
19152  0.000  0.000  0.000 0.0000000000
19153  0.000  0.000  0.000 0.0000000000
19158  0.000  0.000  0.000 0.0000000000
19159  0.000  0.000  0.000 0.0000000000
19160  0.000  0.000  0.000 0.0000000000
19161  0.000  0.000  0.000 0.0000000000
19845  0.000  0.000  0.000 0.0000000000
19846  0.000  0.000  0.000 0.0000000000
19856  0.000  0.000  0.000 0.0000000000
19864  0.000  0.000  0.000 0.0000000000
19865  0.000  0.000  0.000 0.0000000000
19878  0.000  0.000  0.000 0.0000000000
19879  0.000  0.000  0.000 0.0000000000
19880  0.000  0.000  0.000 0.0000000000
19881  0.000  0.000  0.000 0.0000000000
19894  0.000  0.000  0.000 0.0000000000
19895  0.000  0.000  0.000 0.0000000000
19896  0.000  0.000  0.000 0.0000000000
19904  0.000  0.000  0.000 0.0000000000
19905  0.000  0.000  0.000 0.0000000000
19906  0.000  0.000  0.000 0.0000000000
19907  0.000  0.000  0.000 0.0000000000
19908  0.000  0.000  0.000 0.0000000000
19913  0.000  0.000  0.000 0.0000000000
19914  0.000  0.000  0.000 0.0000000000
19915  0.000  0.000  0.000 0.0000000000
19916  0.000  0.000  0.000 0.0000000000
20642  0.000  0.000  0.000 0.0000000000
20643  0.000  0.000  0.000 0.0000000000
20655  0.000  0.000  0.000 0.0000000000
20656  0.000  0.000  0.000 0.0000000000
20657  0.000  0.000  0.000 0.0000000000
20665  0.000  0.000  0.000 0.0000000000
20666  0.000  0.000  0.000 0.0000000000
20667  0.000  0.000  0.000 0.0000000000
20668  0.000  0.000  0.000 0.0000000000
20681  0.000  0.000  0.000 0.0000000000
20682  0.000  0.000  0.000 0.0000000000
20683  0.000  0.000  0.000 0.0000000000
20684  0.000  0.000  0.000 0.0000000000
20685  0.000  0.000  0.000 0.0000000000
20696  0.000  0.000  0.000 0.0000000000
20697  0.000  0.000  0.000 0.0000000000
20698  0.000  0.000  0.000 0.0000000000
20699  0.000  0.000  0.000 0.0000000000
20700  0.000  0.000  0.000 0.0000000000
20708  0.000  0.000  0.000 0.0000000000
20709  0.000  0.000  0.000 0.0000000000
20710  0.000  0.000  0.000 0.0000000000
20711  0.000  0.000  0.000 0.0000000000
20712  0.000  0.000  0.000 0.0000000000
20717  0.000  0.000  0.000 0.0000000000
20718  0.000  0.000  0.000 0.0000000000
21466  0.000  0.000  0.000 0.0000000000
21478  0.000  0.000  0.000 0.0000000000
21479  0.000  0.000  0.000 0.0000000000
21490  0.000  0.000  0.000 0.0000000000
21491  0.000  0.000  0.000 0.0000000000
21492  0.000  0.000  0.000 0.0000000000
21493  0.000  0.000  0.000 0.0000000000
21503  0.000  0.000  0.000 0.0000000000
21504  0.000  0.000  0.000 0.0000000000
21505  0.000  0.000  0.000 0.0000000000
21519  0.000  0.000  0.000 0.0000000000
21520  0.000  0.000  0.000 0.0000000000
21521  0.000  0.000  0.000 0.0000000000
21531  0.000  0.000  0.000 0.0000000000
21532  0.000  0.000  0.000 0.0000000000
21533  0.000  0.000  0.000 0.0000000000
21542  0.000  0.000  0.000 0.0000000000
21543  0.000  0.000  0.000 0.0000000000
21544  0.000  0.000  0.000 0.0000000000
22325  0.000  0.000  0.000 0.0000000000
22337  0.000  0.000  0.000 0.0000000000
22348  0.000  0.000  0.000 0.0000000000
22349  0.000  0.000  0.000 0.0000000000
22350  0.000  0.000  0.000 0.0000000000
22351  0.000  0.000  0.000 0.0000000000
22363  0.000  0.000  0.000 0.0000000000
22364  0.000  0.000  0.000 0.0000000000
22365  0.000  0.000  0.000 0.0000000000
22366  0.000  0.000  0.000 0.0000000000
22379  0.000  0.000  0.000 0.0000000000
22380  0.000  0.000  0.000 0.0000000000
22381  0.000  0.000  0.000 0.0000000000
22382  0.000  0.000  0.000 0.0000000000
22391  0.000  0.000  0.000 0.0000000000
22392  0.000  0.000  0.000 0.0000000000
22393  0.000  0.000  0.000 0.0000000000
22394  0.000  0.000  0.000 0.0000000000
22403  0.000  0.000  0.000 0.0000000000
22404  0.000  0.000  0.000 0.0000000000
22405  0.000  0.000  0.000 0.0000000000
23144  0.000  0.000  0.000 0.0000000000
23156  0.000  0.000  0.000 0.0000000000
23168  0.000  0.000  0.000 0.0000000000
23169  0.000  0.000  0.000 0.0000000000
23170  0.000  0.000  0.000 0.0000000000
23177  0.000  0.000  0.000 0.0000000000
23178  0.000  0.000  0.000 0.0000000000
23179  0.000  0.000  0.000 0.0000000000
23180  0.000  0.000  0.000 0.0000000000
23192  0.000  0.000  0.000 0.0000000000
23193  0.000  0.000  0.000 0.0000000000
23194  0.000  0.000  0.000 0.0000000000
23195  0.000  0.000  0.000 0.0000000000
23196  0.000  0.000  0.000 0.0000000000
23206  0.000  0.000  0.000 0.0000000000
23207  0.000  0.000  0.000 0.0000000000
23208  0.000  0.000  0.000 0.0000000000
23209  0.000  0.000  0.000 0.0000000000
23210  0.000  0.000  0.000 0.0000000000
23219  0.000  0.000  0.000 0.0000000000
23220  0.000  0.000  0.000 0.0000000000
23221  0.000  0.000  0.000 0.0000000000
23918  0.000  0.000  0.000 0.0000000000
23929  0.000  0.000  0.000 0.0000000000
23940  0.000  0.000  0.000 0.0000000000
23941  0.000  0.000  0.000 0.0000000000
23942  0.000  0.000  0.000 0.0000000000
23951  0.000  0.000  0.000 0.0000000000
23952  0.000  0.000  0.000 0.0000000000
23953  0.000  0.000  0.000 0.0000000000
23954  0.000  0.000  0.000 0.0000000000
23955  0.000  0.000  0.000 0.0000000000
23967  0.000  0.000  0.000 0.0000000000
23968  0.000  0.000  0.000 0.0000000000
23969  0.000  0.000  0.000 0.0000000000
23970  0.000  0.000  0.000 0.0000000000
23979  0.000  0.000  0.000 0.0000000000
23980  0.000  0.000  0.000 0.0000000000
23981  0.000  0.000  0.000 0.0000000000
24669  0.000  0.000  0.000 0.0000000000
24670  0.000  0.000  0.000 0.0000000000
24681  0.000  0.000  0.000 0.0000000000
24682  0.000  0.000  0.000 0.0000000000
24691  0.000  0.000  0.000 0.0000000000
24692  0.000  0.000  0.000 0.0000000000
24693  0.000  0.000  0.000 0.0000000000
24694  0.000  0.000  0.000 0.0000000000
24695  0.000  0.000  0.000 0.0000000000
24708  0.000  0.000  0.000 0.0000000000
24709  0.000  0.000  0.000 0.0000000000
24710  0.000  0.000  0.000 0.0000000000
24711  0.000  0.000  0.000 0.0000000000
24712  0.000  0.000  0.000 0.0000000000
24726  0.000  0.000  0.000 0.0000000000
24727  0.000  0.000  0.000 0.0000000000
25450  0.000  0.000  0.000 0.0000000000
25456  0.000  0.000  0.000 0.0000000000
25457  0.000  0.000  0.000 0.0000000000
25467  0.000  0.000  0.000 0.0000000000
25468  0.000  0.000  0.000 0.0000000000
25469  0.000  0.000  0.000 0.0000000000
25476  0.000  0.000  0.000 0.0000000000
25477  0.000  0.000  0.000 0.0000000000
25478  0.000  0.000  0.000 0.0000000000
25479  0.000  0.000  0.000 0.0000000000
25480  0.000  0.000  0.000 0.0000000000
25493  0.000  0.000  0.000 0.0000000000
25494  0.000  0.000  0.000 0.0000000000
25495  0.000  0.000  0.000 0.0000000000
26244  0.000  0.000  0.000 0.0000000000
26252  0.000  0.000  0.000 0.0000000000
26263  0.000  0.000  0.000 0.0000000000
26264  0.000  0.000  0.000 0.0000000000
26265  0.000  0.000  0.000 0.0000000000
26266  0.000  0.000  0.000 0.0000000000
26279  0.000  0.000  0.000 0.0000000000
26280  0.000  0.000  0.000 0.0000000000
26281  0.000  0.000  0.000 0.0000000000
26282  0.000  0.000  0.000 0.0000000000
26294  0.000  0.000  0.000 0.0000000000
26295  0.000  0.000  0.000 0.0000000000
27035  0.000  0.000  0.000 0.0000000000
27044  0.000  0.000  0.000 0.0000000000
27054  0.000  0.000  0.000 0.0000000000
27055  0.000  0.000  0.000 0.0000000000
27056  0.000  0.000  0.000 0.0000000000
27057  0.000  0.000  0.000 0.0000000000
27058  0.000  0.000  0.000 0.0000000000
27070  0.000  0.000  0.000 0.0000000000
27071  0.000  0.000  0.000 0.0000000000
27072  0.000  0.000  0.000 0.0000000000
27811  0.000  0.000  0.000 0.0000000000
27819  0.000  0.000  0.000 0.0000000000
27820  0.000  0.000  0.000 0.0000000000
27821  0.000  0.000  0.000 0.0000000000
27822  0.000  0.000  0.000 0.0000000000
27832  0.000  0.000  0.000 0.0000000000
27833  0.000  0.000  0.000 0.0000000000
27834  0.000  0.000  0.000 0.0000000000
27835  0.000  0.000  0.000 0.0000000000
27836  0.000  0.000  0.000 0.0000000000
27848  0.000  0.000  0.000 0.0000000000
27849  0.000  0.000  0.000 0.0000000000
28581  0.000  0.000  0.000 0.0000000000
28586  0.000  0.000  0.000 0.0000000000
28587  0.000  0.000  0.000 0.0000000000
28595  0.000  0.000  0.000 0.0000000000
28596  0.000  0.000  0.000 0.0000000000
28597  0.000  0.000  0.000 0.0000000000
28598  0.000  0.000  0.000 0.0000000000
28612  0.000  0.000  0.000 0.0000000000
28613  0.000  0.000  0.000 0.0000000000
28614  0.000  0.000  0.000 0.0000000000
29355  0.000  0.000  0.000 0.0000000000
29356  0.000  0.000  0.000 0.0000000000
29362  0.000  0.000  0.000 0.0000000000
29363  0.000  0.000  0.000 0.0000000000
29372  0.000  0.000  0.000 0.0000000000
29373  0.000  0.000  0.000 0.0000000000
29374  0.000  0.000  0.000 0.0000000000
29375  0.000  0.000  0.000 0.0000000000
29390  0.000  0.000  0.000 0.0000000000
29391  0.000  0.000  0.000 0.0000000000
29392  0.000  0.000  0.000 0.0000000000
30090  0.000  0.000  0.000 0.0000000000
30096  0.000  0.000  0.000 0.0000000000
30109  0.000  0.000  0.000 0.0000000000
30110  0.000  0.000  0.000 0.0000000000
30111  0.000  0.000  0.000 0.0000000000
30112  0.000  0.000  0.000 0.0000000000
30932  0.000  0.000  0.000 0.0000000000
30937  0.000  0.000  0.000 0.0000000000
30938  0.000  0.000  0.000 0.0000000000
30953  0.000  0.000  0.000 0.0000000000
30954  0.000  0.000  0.000 0.0000000000
30955  0.000  0.000  0.000 0.0000000000
31751  0.000  0.000  0.000 0.0000000000
31759  0.000  0.000  0.000 0.0000000000
31760  0.000  0.000  0.000 0.0000000000
31773  0.000  0.000  0.000 0.0000000000
32978  0.000  0.000  0.000 0.0000000000
32979  0.000  0.000  0.000 0.0000000000
