#!ascii label  , from subject Woofsurfer vox2ras=TkReg coords=white
1386
65156  0.000  0.000  0.000 0.0000000000
65157  0.000  0.000  0.000 0.0000000000
65158  0.000  0.000  0.000 0.0000000000
65170  0.000  0.000  0.000 0.0000000000
65171  0.000  0.000  0.000 0.0000000000
65172  0.000  0.000  0.000 0.0000000000
65173  0.000  0.000  0.000 0.0000000000
65185  0.000  0.000  0.000 0.0000000000
65186  0.000  0.000  0.000 0.0000000000
65187  0.000  0.000  0.000 0.0000000000
65188  0.000  0.000  0.000 0.0000000000
65203  0.000  0.000  0.000 0.0000000000
65204  0.000  0.000  0.000 0.0000000000
65205  0.000  0.000  0.000 0.0000000000
65206  0.000  0.000  0.000 0.0000000000
65222  0.000  0.000  0.000 0.0000000000
65223  0.000  0.000  0.000 0.0000000000
65224  0.000  0.000  0.000 0.0000000000
65827  0.000  0.000  0.000 0.0000000000
65828  0.000  0.000  0.000 0.0000000000
65840  0.000  0.000  0.000 0.0000000000
65841  0.000  0.000  0.000 0.0000000000
65842  0.000  0.000  0.000 0.0000000000
65843  0.000  0.000  0.000 0.0000000000
65861  0.000  0.000  0.000 0.0000000000
65862  0.000  0.000  0.000 0.0000000000
65863  0.000  0.000  0.000 0.0000000000
65864  0.000  0.000  0.000 0.0000000000
65889  0.000  0.000  0.000 0.0000000000
65890  0.000  0.000  0.000 0.0000000000
65891  0.000  0.000  0.000 0.0000000000
65892  0.000  0.000  0.000 0.0000000000
65910  0.000  0.000  0.000 0.0000000000
65911  0.000  0.000  0.000 0.0000000000
65912  0.000  0.000  0.000 0.0000000000
65913  0.000  0.000  0.000 0.0000000000
65926  0.000  0.000  0.000 0.0000000000
65927  0.000  0.000  0.000 0.0000000000
65928  0.000  0.000  0.000 0.0000000000
66512  0.000  0.000  0.000 0.0000000000
66513  0.000  0.000  0.000 0.0000000000
66523  0.000  0.000  0.000 0.0000000000
66524  0.000  0.000  0.000 0.0000000000
66538  0.000  0.000  0.000 0.0000000000
66539  0.000  0.000  0.000 0.0000000000
66540  0.000  0.000  0.000 0.0000000000
66541  0.000  0.000  0.000 0.0000000000
66560  0.000  0.000  0.000 0.0000000000
66561  0.000  0.000  0.000 0.0000000000
66562  0.000  0.000  0.000 0.0000000000
66563  0.000  0.000  0.000 0.0000000000
66580  0.000  0.000  0.000 0.0000000000
66581  0.000  0.000  0.000 0.0000000000
66582  0.000  0.000  0.000 0.0000000000
66583  0.000  0.000  0.000 0.0000000000
66596  0.000  0.000  0.000 0.0000000000
66597  0.000  0.000  0.000 0.0000000000
66598  0.000  0.000  0.000 0.0000000000
66599  0.000  0.000  0.000 0.0000000000
66606  0.000  0.000  0.000 0.0000000000
66607  0.000  0.000  0.000 0.0000000000
66608  0.000  0.000  0.000 0.0000000000
66609  0.000  0.000  0.000 0.0000000000
67180  0.000  0.000  0.000 0.0000000000
67181  0.000  0.000  0.000 0.0000000000
67193  0.000  0.000  0.000 0.0000000000
67194  0.000  0.000  0.000 0.0000000000
67195  0.000  0.000  0.000 0.0000000000
67196  0.000  0.000  0.000 0.0000000000
67197  0.000  0.000  0.000 0.0000000000
67211  0.000  0.000  0.000 0.0000000000
67212  0.000  0.000  0.000 0.0000000000
67213  0.000  0.000  0.000 0.0000000000
67214  0.000  0.000  0.000 0.0000000000
67229  0.000  0.000  0.000 0.0000000000
67230  0.000  0.000  0.000 0.0000000000
67231  0.000  0.000  0.000 0.0000000000
67232  0.000  0.000  0.000 0.0000000000
67248  0.000  0.000  0.000 0.0000000000
67249  0.000  0.000  0.000 0.0000000000
67250  0.000  0.000  0.000 0.0000000000
67251  0.000  0.000  0.000 0.0000000000
67272  0.000  0.000  0.000 0.0000000000
67273  0.000  0.000  0.000 0.0000000000
67274  0.000  0.000  0.000 0.0000000000
67279  0.000  0.000  0.000 0.0000000000
67280  0.000  0.000  0.000 0.0000000000
67281  0.000  0.000  0.000 0.0000000000
67872  0.000  0.000  0.000 0.0000000000
67873  0.000  0.000  0.000 0.0000000000
67874  0.000  0.000  0.000 0.0000000000
67887  0.000  0.000  0.000 0.0000000000
67888  0.000  0.000  0.000 0.0000000000
67889  0.000  0.000  0.000 0.0000000000
67890  0.000  0.000  0.000 0.0000000000
67901  0.000  0.000  0.000 0.0000000000
67902  0.000  0.000  0.000 0.0000000000
67903  0.000  0.000  0.000 0.0000000000
67909  0.000  0.000  0.000 0.0000000000
67910  0.000  0.000  0.000 0.0000000000
67911  0.000  0.000  0.000 0.0000000000
67928  0.000  0.000  0.000 0.0000000000
67929  0.000  0.000  0.000 0.0000000000
68564  0.000  0.000  0.000 0.0000000000
68565  0.000  0.000  0.000 0.0000000000
68566  0.000  0.000  0.000 0.0000000000
68567  0.000  0.000  0.000 0.0000000000
68568  0.000  0.000  0.000 0.0000000000
68576  0.000  0.000  0.000 0.0000000000
68577  0.000  0.000  0.000 0.0000000000
68578  0.000  0.000  0.000 0.0000000000
68579  0.000  0.000  0.000 0.0000000000
68580  0.000  0.000  0.000 0.0000000000
68589  0.000  0.000  0.000 0.0000000000
68590  0.000  0.000  0.000 0.0000000000
69191  0.000  0.000  0.000 0.0000000000
69192  0.000  0.000  0.000 0.0000000000
69197  0.000  0.000  0.000 0.0000000000
69198  0.000  0.000  0.000 0.0000000000
69199  0.000  0.000  0.000 0.0000000000
69200  0.000  0.000  0.000 0.0000000000
69201  0.000  0.000  0.000 0.0000000000
69202  0.000  0.000  0.000 0.0000000000
69212  0.000  0.000  0.000 0.0000000000
69213  0.000  0.000  0.000 0.0000000000
69214  0.000  0.000  0.000 0.0000000000
69215  0.000  0.000  0.000 0.0000000000
69216  0.000  0.000  0.000 0.0000000000
69851  0.000  0.000  0.000 0.0000000000
69852  0.000  0.000  0.000 0.0000000000
69856  0.000  0.000  0.000 0.0000000000
69857  0.000  0.000  0.000 0.0000000000
69858  0.000  0.000  0.000 0.0000000000
69859  0.000  0.000  0.000 0.0000000000
69869  0.000  0.000  0.000 0.0000000000
69870  0.000  0.000  0.000 0.0000000000
69871  0.000  0.000  0.000 0.0000000000
69872  0.000  0.000  0.000 0.0000000000
69873  0.000  0.000  0.000 0.0000000000
69885  0.000  0.000  0.000 0.0000000000
69886  0.000  0.000  0.000 0.0000000000
69887  0.000  0.000  0.000 0.0000000000
70443  0.000  0.000  0.000 0.0000000000
70444  0.000  0.000  0.000 0.0000000000
70448  0.000  0.000  0.000 0.0000000000
70449  0.000  0.000  0.000 0.0000000000
70450  0.000  0.000  0.000 0.0000000000
70451  0.000  0.000  0.000 0.0000000000
70457  0.000  0.000  0.000 0.0000000000
70458  0.000  0.000  0.000 0.0000000000
70459  0.000  0.000  0.000 0.0000000000
70460  0.000  0.000  0.000 0.0000000000
70461  0.000  0.000  0.000 0.0000000000
70474  0.000  0.000  0.000 0.0000000000
70475  0.000  0.000  0.000 0.0000000000
70476  0.000  0.000  0.000 0.0000000000
71066  0.000  0.000  0.000 0.0000000000
71067  0.000  0.000  0.000 0.0000000000
71072  0.000  0.000  0.000 0.0000000000
71073  0.000  0.000  0.000 0.0000000000
71074  0.000  0.000  0.000 0.0000000000
71075  0.000  0.000  0.000 0.0000000000
71081  0.000  0.000  0.000 0.0000000000
71082  0.000  0.000  0.000 0.0000000000
71083  0.000  0.000  0.000 0.0000000000
71084  0.000  0.000  0.000 0.0000000000
71085  0.000  0.000  0.000 0.0000000000
71086  0.000  0.000  0.000 0.0000000000
71104  0.000  0.000  0.000 0.0000000000
71105  0.000  0.000  0.000 0.0000000000
71691  0.000  0.000  0.000 0.0000000000
71692  0.000  0.000  0.000 0.0000000000
71696  0.000  0.000  0.000 0.0000000000
71697  0.000  0.000  0.000 0.0000000000
71698  0.000  0.000  0.000 0.0000000000
71702  0.000  0.000  0.000 0.0000000000
71703  0.000  0.000  0.000 0.0000000000
71704  0.000  0.000  0.000 0.0000000000
71709  0.000  0.000  0.000 0.0000000000
71710  0.000  0.000  0.000 0.0000000000
71711  0.000  0.000  0.000 0.0000000000
71712  0.000  0.000  0.000 0.0000000000
71713  0.000  0.000  0.000 0.0000000000
71714  0.000  0.000  0.000 0.0000000000
71729  0.000  0.000  0.000 0.0000000000
71730  0.000  0.000  0.000 0.0000000000
71731  0.000  0.000  0.000 0.0000000000
71732  0.000  0.000  0.000 0.0000000000
72281  0.000  0.000  0.000 0.0000000000
72283  0.000  0.000  0.000 0.0000000000
72284  0.000  0.000  0.000 0.0000000000
72288  0.000  0.000  0.000 0.0000000000
72289  0.000  0.000  0.000 0.0000000000
72293  0.000  0.000  0.000 0.0000000000
72294  0.000  0.000  0.000 0.0000000000
72295  0.000  0.000  0.000 0.0000000000
72300  0.000  0.000  0.000 0.0000000000
72301  0.000  0.000  0.000 0.0000000000
72302  0.000  0.000  0.000 0.0000000000
72303  0.000  0.000  0.000 0.0000000000
72304  0.000  0.000  0.000 0.0000000000
72321  0.000  0.000  0.000 0.0000000000
72322  0.000  0.000  0.000 0.0000000000
72323  0.000  0.000  0.000 0.0000000000
72324  0.000  0.000  0.000 0.0000000000
72325  0.000  0.000  0.000 0.0000000000
72844  0.000  0.000  0.000 0.0000000000
72847  0.000  0.000  0.000 0.0000000000
72848  0.000  0.000  0.000 0.0000000000
72851  0.000  0.000  0.000 0.0000000000
72852  0.000  0.000  0.000 0.0000000000
72855  0.000  0.000  0.000 0.0000000000
72856  0.000  0.000  0.000 0.0000000000
72860  0.000  0.000  0.000 0.0000000000
72861  0.000  0.000  0.000 0.0000000000
72864  0.000  0.000  0.000 0.0000000000
72865  0.000  0.000  0.000 0.0000000000
72866  0.000  0.000  0.000 0.0000000000
72872  0.000  0.000  0.000 0.0000000000
72873  0.000  0.000  0.000 0.0000000000
72874  0.000  0.000  0.000 0.0000000000
72875  0.000  0.000  0.000 0.0000000000
72890  0.000  0.000  0.000 0.0000000000
72891  0.000  0.000  0.000 0.0000000000
72892  0.000  0.000  0.000 0.0000000000
72893  0.000  0.000  0.000 0.0000000000
72894  0.000  0.000  0.000 0.0000000000
72895  0.000  0.000  0.000 0.0000000000
73391  0.000  0.000  0.000 0.0000000000
73394  0.000  0.000  0.000 0.0000000000
73397  0.000  0.000  0.000 0.0000000000
73400  0.000  0.000  0.000 0.0000000000
73401  0.000  0.000  0.000 0.0000000000
73404  0.000  0.000  0.000 0.0000000000
73405  0.000  0.000  0.000 0.0000000000
73406  0.000  0.000  0.000 0.0000000000
73410  0.000  0.000  0.000 0.0000000000
73411  0.000  0.000  0.000 0.0000000000
73412  0.000  0.000  0.000 0.0000000000
73413  0.000  0.000  0.000 0.0000000000
73422  0.000  0.000  0.000 0.0000000000
73423  0.000  0.000  0.000 0.0000000000
73424  0.000  0.000  0.000 0.0000000000
73425  0.000  0.000  0.000 0.0000000000
73426  0.000  0.000  0.000 0.0000000000
73427  0.000  0.000  0.000 0.0000000000
73428  0.000  0.000  0.000 0.0000000000
73442  0.000  0.000  0.000 0.0000000000
73443  0.000  0.000  0.000 0.0000000000
73444  0.000  0.000  0.000 0.0000000000
73445  0.000  0.000  0.000 0.0000000000
73446  0.000  0.000  0.000 0.0000000000
73910  0.000  0.000  0.000 0.0000000000
73912  0.000  0.000  0.000 0.0000000000
73915  0.000  0.000  0.000 0.0000000000
73918  0.000  0.000  0.000 0.0000000000
73921  0.000  0.000  0.000 0.0000000000
73924  0.000  0.000  0.000 0.0000000000
73927  0.000  0.000  0.000 0.0000000000
73928  0.000  0.000  0.000 0.0000000000
73931  0.000  0.000  0.000 0.0000000000
73932  0.000  0.000  0.000 0.0000000000
73933  0.000  0.000  0.000 0.0000000000
73936  0.000  0.000  0.000 0.0000000000
73937  0.000  0.000  0.000 0.0000000000
73938  0.000  0.000  0.000 0.0000000000
73939  0.000  0.000  0.000 0.0000000000
73944  0.000  0.000  0.000 0.0000000000
73945  0.000  0.000  0.000 0.0000000000
73946  0.000  0.000  0.000 0.0000000000
73947  0.000  0.000  0.000 0.0000000000
73948  0.000  0.000  0.000 0.0000000000
73949  0.000  0.000  0.000 0.0000000000
73959  0.000  0.000  0.000 0.0000000000
73960  0.000  0.000  0.000 0.0000000000
73961  0.000  0.000  0.000 0.0000000000
73962  0.000  0.000  0.000 0.0000000000
73963  0.000  0.000  0.000 0.0000000000
73964  0.000  0.000  0.000 0.0000000000
73975  0.000  0.000  0.000 0.0000000000
73976  0.000  0.000  0.000 0.0000000000
74506  0.000  0.000  0.000 0.0000000000
74509  0.000  0.000  0.000 0.0000000000
74511  0.000  0.000  0.000 0.0000000000
74514  0.000  0.000  0.000 0.0000000000
74515  0.000  0.000  0.000 0.0000000000
74517  0.000  0.000  0.000 0.0000000000
74518  0.000  0.000  0.000 0.0000000000
74521  0.000  0.000  0.000 0.0000000000
74522  0.000  0.000  0.000 0.0000000000
74525  0.000  0.000  0.000 0.0000000000
74526  0.000  0.000  0.000 0.0000000000
74529  0.000  0.000  0.000 0.0000000000
74530  0.000  0.000  0.000 0.0000000000
74531  0.000  0.000  0.000 0.0000000000
74534  0.000  0.000  0.000 0.0000000000
74535  0.000  0.000  0.000 0.0000000000
74536  0.000  0.000  0.000 0.0000000000
74537  0.000  0.000  0.000 0.0000000000
74541  0.000  0.000  0.000 0.0000000000
74542  0.000  0.000  0.000 0.0000000000
74543  0.000  0.000  0.000 0.0000000000
74544  0.000  0.000  0.000 0.0000000000
74545  0.000  0.000  0.000 0.0000000000
74552  0.000  0.000  0.000 0.0000000000
74553  0.000  0.000  0.000 0.0000000000
74554  0.000  0.000  0.000 0.0000000000
74555  0.000  0.000  0.000 0.0000000000
74556  0.000  0.000  0.000 0.0000000000
74570  0.000  0.000  0.000 0.0000000000
74571  0.000  0.000  0.000 0.0000000000
74572  0.000  0.000  0.000 0.0000000000
74573  0.000  0.000  0.000 0.0000000000
74582  0.000  0.000  0.000 0.0000000000
75080  0.000  0.000  0.000 0.0000000000
75084  0.000  0.000  0.000 0.0000000000
75088  0.000  0.000  0.000 0.0000000000
75092  0.000  0.000  0.000 0.0000000000
75093  0.000  0.000  0.000 0.0000000000
75096  0.000  0.000  0.000 0.0000000000
75097  0.000  0.000  0.000 0.0000000000
75101  0.000  0.000  0.000 0.0000000000
75102  0.000  0.000  0.000 0.0000000000
75103  0.000  0.000  0.000 0.0000000000
75107  0.000  0.000  0.000 0.0000000000
75108  0.000  0.000  0.000 0.0000000000
75109  0.000  0.000  0.000 0.0000000000
75113  0.000  0.000  0.000 0.0000000000
75114  0.000  0.000  0.000 0.0000000000
75115  0.000  0.000  0.000 0.0000000000
75119  0.000  0.000  0.000 0.0000000000
75120  0.000  0.000  0.000 0.0000000000
75121  0.000  0.000  0.000 0.0000000000
75122  0.000  0.000  0.000 0.0000000000
75127  0.000  0.000  0.000 0.0000000000
75128  0.000  0.000  0.000 0.0000000000
75129  0.000  0.000  0.000 0.0000000000
75130  0.000  0.000  0.000 0.0000000000
75136  0.000  0.000  0.000 0.0000000000
75137  0.000  0.000  0.000 0.0000000000
75138  0.000  0.000  0.000 0.0000000000
75139  0.000  0.000  0.000 0.0000000000
75152  0.000  0.000  0.000 0.0000000000
75153  0.000  0.000  0.000 0.0000000000
75154  0.000  0.000  0.000 0.0000000000
75648  0.000  0.000  0.000 0.0000000000
75649  0.000  0.000  0.000 0.0000000000
75650  0.000  0.000  0.000 0.0000000000
75653  0.000  0.000  0.000 0.0000000000
75654  0.000  0.000  0.000 0.0000000000
75655  0.000  0.000  0.000 0.0000000000
75656  0.000  0.000  0.000 0.0000000000
75658  0.000  0.000  0.000 0.0000000000
75659  0.000  0.000  0.000 0.0000000000
75660  0.000  0.000  0.000 0.0000000000
75661  0.000  0.000  0.000 0.0000000000
75662  0.000  0.000  0.000 0.0000000000
75665  0.000  0.000  0.000 0.0000000000
75666  0.000  0.000  0.000 0.0000000000
75667  0.000  0.000  0.000 0.0000000000
75668  0.000  0.000  0.000 0.0000000000
75669  0.000  0.000  0.000 0.0000000000
75672  0.000  0.000  0.000 0.0000000000
75673  0.000  0.000  0.000 0.0000000000
75674  0.000  0.000  0.000 0.0000000000
75677  0.000  0.000  0.000 0.0000000000
75678  0.000  0.000  0.000 0.0000000000
75679  0.000  0.000  0.000 0.0000000000
75682  0.000  0.000  0.000 0.0000000000
75683  0.000  0.000  0.000 0.0000000000
75684  0.000  0.000  0.000 0.0000000000
75687  0.000  0.000  0.000 0.0000000000
75688  0.000  0.000  0.000 0.0000000000
75691  0.000  0.000  0.000 0.0000000000
75692  0.000  0.000  0.000 0.0000000000
75693  0.000  0.000  0.000 0.0000000000
75698  0.000  0.000  0.000 0.0000000000
75699  0.000  0.000  0.000 0.0000000000
75700  0.000  0.000  0.000 0.0000000000
75701  0.000  0.000  0.000 0.0000000000
75707  0.000  0.000  0.000 0.0000000000
75708  0.000  0.000  0.000 0.0000000000
75709  0.000  0.000  0.000 0.0000000000
75710  0.000  0.000  0.000 0.0000000000
75723  0.000  0.000  0.000 0.0000000000
75724  0.000  0.000  0.000 0.0000000000
76225  0.000  0.000  0.000 0.0000000000
76226  0.000  0.000  0.000 0.0000000000
76227  0.000  0.000  0.000 0.0000000000
76230  0.000  0.000  0.000 0.0000000000
76231  0.000  0.000  0.000 0.0000000000
76232  0.000  0.000  0.000 0.0000000000
76234  0.000  0.000  0.000 0.0000000000
76235  0.000  0.000  0.000 0.0000000000
76236  0.000  0.000  0.000 0.0000000000
76239  0.000  0.000  0.000 0.0000000000
76240  0.000  0.000  0.000 0.0000000000
76241  0.000  0.000  0.000 0.0000000000
76242  0.000  0.000  0.000 0.0000000000
76243  0.000  0.000  0.000 0.0000000000
76244  0.000  0.000  0.000 0.0000000000
76246  0.000  0.000  0.000 0.0000000000
76247  0.000  0.000  0.000 0.0000000000
76248  0.000  0.000  0.000 0.0000000000
76249  0.000  0.000  0.000 0.0000000000
76252  0.000  0.000  0.000 0.0000000000
76253  0.000  0.000  0.000 0.0000000000
76254  0.000  0.000  0.000 0.0000000000
76255  0.000  0.000  0.000 0.0000000000
76259  0.000  0.000  0.000 0.0000000000
76260  0.000  0.000  0.000 0.0000000000
76261  0.000  0.000  0.000 0.0000000000
76262  0.000  0.000  0.000 0.0000000000
76266  0.000  0.000  0.000 0.0000000000
76267  0.000  0.000  0.000 0.0000000000
76268  0.000  0.000  0.000 0.0000000000
76269  0.000  0.000  0.000 0.0000000000
76273  0.000  0.000  0.000 0.0000000000
76274  0.000  0.000  0.000 0.0000000000
76275  0.000  0.000  0.000 0.0000000000
76276  0.000  0.000  0.000 0.0000000000
76277  0.000  0.000  0.000 0.0000000000
76282  0.000  0.000  0.000 0.0000000000
76283  0.000  0.000  0.000 0.0000000000
76284  0.000  0.000  0.000 0.0000000000
76285  0.000  0.000  0.000 0.0000000000
76286  0.000  0.000  0.000 0.0000000000
76292  0.000  0.000  0.000 0.0000000000
76293  0.000  0.000  0.000 0.0000000000
76294  0.000  0.000  0.000 0.0000000000
76295  0.000  0.000  0.000 0.0000000000
76306  0.000  0.000  0.000 0.0000000000
76307  0.000  0.000  0.000 0.0000000000
76787  0.000  0.000  0.000 0.0000000000
76788  0.000  0.000  0.000 0.0000000000
76790  0.000  0.000  0.000 0.0000000000
76791  0.000  0.000  0.000 0.0000000000
76794  0.000  0.000  0.000 0.0000000000
76795  0.000  0.000  0.000 0.0000000000
76798  0.000  0.000  0.000 0.0000000000
76799  0.000  0.000  0.000 0.0000000000
76800  0.000  0.000  0.000 0.0000000000
76801  0.000  0.000  0.000 0.0000000000
76802  0.000  0.000  0.000 0.0000000000
76805  0.000  0.000  0.000 0.0000000000
76806  0.000  0.000  0.000 0.0000000000
76809  0.000  0.000  0.000 0.0000000000
76810  0.000  0.000  0.000 0.0000000000
76813  0.000  0.000  0.000 0.0000000000
76814  0.000  0.000  0.000 0.0000000000
76815  0.000  0.000  0.000 0.0000000000
76818  0.000  0.000  0.000 0.0000000000
76819  0.000  0.000  0.000 0.0000000000
76820  0.000  0.000  0.000 0.0000000000
76821  0.000  0.000  0.000 0.0000000000
76825  0.000  0.000  0.000 0.0000000000
76826  0.000  0.000  0.000 0.0000000000
76827  0.000  0.000  0.000 0.0000000000
76828  0.000  0.000  0.000 0.0000000000
76833  0.000  0.000  0.000 0.0000000000
76834  0.000  0.000  0.000 0.0000000000
76835  0.000  0.000  0.000 0.0000000000
76836  0.000  0.000  0.000 0.0000000000
76844  0.000  0.000  0.000 0.0000000000
76845  0.000  0.000  0.000 0.0000000000
76846  0.000  0.000  0.000 0.0000000000
76847  0.000  0.000  0.000 0.0000000000
76857  0.000  0.000  0.000 0.0000000000
77336  0.000  0.000  0.000 0.0000000000
77337  0.000  0.000  0.000 0.0000000000
77339  0.000  0.000  0.000 0.0000000000
77340  0.000  0.000  0.000 0.0000000000
77341  0.000  0.000  0.000 0.0000000000
77343  0.000  0.000  0.000 0.0000000000
77344  0.000  0.000  0.000 0.0000000000
77345  0.000  0.000  0.000 0.0000000000
77348  0.000  0.000  0.000 0.0000000000
77349  0.000  0.000  0.000 0.0000000000
77350  0.000  0.000  0.000 0.0000000000
77353  0.000  0.000  0.000 0.0000000000
77354  0.000  0.000  0.000 0.0000000000
77355  0.000  0.000  0.000 0.0000000000
77356  0.000  0.000  0.000 0.0000000000
77357  0.000  0.000  0.000 0.0000000000
77360  0.000  0.000  0.000 0.0000000000
77361  0.000  0.000  0.000 0.0000000000
77363  0.000  0.000  0.000 0.0000000000
77366  0.000  0.000  0.000 0.0000000000
77367  0.000  0.000  0.000 0.0000000000
77368  0.000  0.000  0.000 0.0000000000
77369  0.000  0.000  0.000 0.0000000000
77373  0.000  0.000  0.000 0.0000000000
77374  0.000  0.000  0.000 0.0000000000
77375  0.000  0.000  0.000 0.0000000000
77376  0.000  0.000  0.000 0.0000000000
77380  0.000  0.000  0.000 0.0000000000
77381  0.000  0.000  0.000 0.0000000000
77382  0.000  0.000  0.000 0.0000000000
77386  0.000  0.000  0.000 0.0000000000
77387  0.000  0.000  0.000 0.0000000000
77388  0.000  0.000  0.000 0.0000000000
77398  0.000  0.000  0.000 0.0000000000
77399  0.000  0.000  0.000 0.0000000000
77400  0.000  0.000  0.000 0.0000000000
77885  0.000  0.000  0.000 0.0000000000
77888  0.000  0.000  0.000 0.0000000000
77889  0.000  0.000  0.000 0.0000000000
77892  0.000  0.000  0.000 0.0000000000
77893  0.000  0.000  0.000 0.0000000000
77896  0.000  0.000  0.000 0.0000000000
77897  0.000  0.000  0.000 0.0000000000
77901  0.000  0.000  0.000 0.0000000000
77902  0.000  0.000  0.000 0.0000000000
77903  0.000  0.000  0.000 0.0000000000
77904  0.000  0.000  0.000 0.0000000000
77905  0.000  0.000  0.000 0.0000000000
77908  0.000  0.000  0.000 0.0000000000
77909  0.000  0.000  0.000 0.0000000000
77912  0.000  0.000  0.000 0.0000000000
77913  0.000  0.000  0.000 0.0000000000
77918  0.000  0.000  0.000 0.0000000000
77919  0.000  0.000  0.000 0.0000000000
77920  0.000  0.000  0.000 0.0000000000
77921  0.000  0.000  0.000 0.0000000000
77922  0.000  0.000  0.000 0.0000000000
77927  0.000  0.000  0.000 0.0000000000
77928  0.000  0.000  0.000 0.0000000000
77929  0.000  0.000  0.000 0.0000000000
77930  0.000  0.000  0.000 0.0000000000
77934  0.000  0.000  0.000 0.0000000000
77935  0.000  0.000  0.000 0.0000000000
77936  0.000  0.000  0.000 0.0000000000
77937  0.000  0.000  0.000 0.0000000000
77943  0.000  0.000  0.000 0.0000000000
77944  0.000  0.000  0.000 0.0000000000
77945  0.000  0.000  0.000 0.0000000000
77946  0.000  0.000  0.000 0.0000000000
77957  0.000  0.000  0.000 0.0000000000
77958  0.000  0.000  0.000 0.0000000000
77959  0.000  0.000  0.000 0.0000000000
77960  0.000  0.000  0.000 0.0000000000
78443  0.000  0.000  0.000 0.0000000000
78446  0.000  0.000  0.000 0.0000000000
78447  0.000  0.000  0.000 0.0000000000
78450  0.000  0.000  0.000 0.0000000000
78451  0.000  0.000  0.000 0.0000000000
78452  0.000  0.000  0.000 0.0000000000
78455  0.000  0.000  0.000 0.0000000000
78456  0.000  0.000  0.000 0.0000000000
78459  0.000  0.000  0.000 0.0000000000
78460  0.000  0.000  0.000 0.0000000000
78461  0.000  0.000  0.000 0.0000000000
78462  0.000  0.000  0.000 0.0000000000
78465  0.000  0.000  0.000 0.0000000000
78466  0.000  0.000  0.000 0.0000000000
78470  0.000  0.000  0.000 0.0000000000
78471  0.000  0.000  0.000 0.0000000000
78472  0.000  0.000  0.000 0.0000000000
78473  0.000  0.000  0.000 0.0000000000
78477  0.000  0.000  0.000 0.0000000000
78478  0.000  0.000  0.000 0.0000000000
78479  0.000  0.000  0.000 0.0000000000
78480  0.000  0.000  0.000 0.0000000000
78481  0.000  0.000  0.000 0.0000000000
78485  0.000  0.000  0.000 0.0000000000
78486  0.000  0.000  0.000 0.0000000000
78487  0.000  0.000  0.000 0.0000000000
78491  0.000  0.000  0.000 0.0000000000
78492  0.000  0.000  0.000 0.0000000000
78493  0.000  0.000  0.000 0.0000000000
78499  0.000  0.000  0.000 0.0000000000
78500  0.000  0.000  0.000 0.0000000000
78501  0.000  0.000  0.000 0.0000000000
78511  0.000  0.000  0.000 0.0000000000
78512  0.000  0.000  0.000 0.0000000000
78513  0.000  0.000  0.000 0.0000000000
78974  0.000  0.000  0.000 0.0000000000
78975  0.000  0.000  0.000 0.0000000000
78978  0.000  0.000  0.000 0.0000000000
78979  0.000  0.000  0.000 0.0000000000
78981  0.000  0.000  0.000 0.0000000000
78982  0.000  0.000  0.000 0.0000000000
78983  0.000  0.000  0.000 0.0000000000
78990  0.000  0.000  0.000 0.0000000000
78991  0.000  0.000  0.000 0.0000000000
78997  0.000  0.000  0.000 0.0000000000
78998  0.000  0.000  0.000 0.0000000000
78999  0.000  0.000  0.000 0.0000000000
79000  0.000  0.000  0.000 0.0000000000
79006  0.000  0.000  0.000 0.0000000000
79007  0.000  0.000  0.000 0.0000000000
79008  0.000  0.000  0.000 0.0000000000
79014  0.000  0.000  0.000 0.0000000000
79015  0.000  0.000  0.000 0.0000000000
79016  0.000  0.000  0.000 0.0000000000
79023  0.000  0.000  0.000 0.0000000000
79024  0.000  0.000  0.000 0.0000000000
79025  0.000  0.000  0.000 0.0000000000
79033  0.000  0.000  0.000 0.0000000000
79034  0.000  0.000  0.000 0.0000000000
79035  0.000  0.000  0.000 0.0000000000
79043  0.000  0.000  0.000 0.0000000000
79044  0.000  0.000  0.000 0.0000000000
79045  0.000  0.000  0.000 0.0000000000
79046  0.000  0.000  0.000 0.0000000000
79056  0.000  0.000  0.000 0.0000000000
79057  0.000  0.000  0.000 0.0000000000
79058  0.000  0.000  0.000 0.0000000000
79068  0.000  0.000  0.000 0.0000000000
79069  0.000  0.000  0.000 0.0000000000
79516  0.000  0.000  0.000 0.0000000000
79518  0.000  0.000  0.000 0.0000000000
79519  0.000  0.000  0.000 0.0000000000
79521  0.000  0.000  0.000 0.0000000000
79522  0.000  0.000  0.000 0.0000000000
79529  0.000  0.000  0.000 0.0000000000
79530  0.000  0.000  0.000 0.0000000000
79535  0.000  0.000  0.000 0.0000000000
79536  0.000  0.000  0.000 0.0000000000
79537  0.000  0.000  0.000 0.0000000000
79538  0.000  0.000  0.000 0.0000000000
79539  0.000  0.000  0.000 0.0000000000
79543  0.000  0.000  0.000 0.0000000000
79544  0.000  0.000  0.000 0.0000000000
79548  0.000  0.000  0.000 0.0000000000
79549  0.000  0.000  0.000 0.0000000000
79550  0.000  0.000  0.000 0.0000000000
79555  0.000  0.000  0.000 0.0000000000
79556  0.000  0.000  0.000 0.0000000000
79557  0.000  0.000  0.000 0.0000000000
79558  0.000  0.000  0.000 0.0000000000
79564  0.000  0.000  0.000 0.0000000000
79565  0.000  0.000  0.000 0.0000000000
79566  0.000  0.000  0.000 0.0000000000
79567  0.000  0.000  0.000 0.0000000000
79574  0.000  0.000  0.000 0.0000000000
79575  0.000  0.000  0.000 0.0000000000
79576  0.000  0.000  0.000 0.0000000000
79582  0.000  0.000  0.000 0.0000000000
79583  0.000  0.000  0.000 0.0000000000
79584  0.000  0.000  0.000 0.0000000000
79585  0.000  0.000  0.000 0.0000000000
79586  0.000  0.000  0.000 0.0000000000
79591  0.000  0.000  0.000 0.0000000000
79592  0.000  0.000  0.000 0.0000000000
80033  0.000  0.000  0.000 0.0000000000
80034  0.000  0.000  0.000 0.0000000000
80036  0.000  0.000  0.000 0.0000000000
80037  0.000  0.000  0.000 0.0000000000
80038  0.000  0.000  0.000 0.0000000000
80040  0.000  0.000  0.000 0.0000000000
80041  0.000  0.000  0.000 0.0000000000
80047  0.000  0.000  0.000 0.0000000000
80048  0.000  0.000  0.000 0.0000000000
80054  0.000  0.000  0.000 0.0000000000
80055  0.000  0.000  0.000 0.0000000000
80056  0.000  0.000  0.000 0.0000000000
80057  0.000  0.000  0.000 0.0000000000
80058  0.000  0.000  0.000 0.0000000000
80059  0.000  0.000  0.000 0.0000000000
80063  0.000  0.000  0.000 0.0000000000
80064  0.000  0.000  0.000 0.0000000000
80065  0.000  0.000  0.000 0.0000000000
80066  0.000  0.000  0.000 0.0000000000
80067  0.000  0.000  0.000 0.0000000000
80068  0.000  0.000  0.000 0.0000000000
80071  0.000  0.000  0.000 0.0000000000
80072  0.000  0.000  0.000 0.0000000000
80073  0.000  0.000  0.000 0.0000000000
80074  0.000  0.000  0.000 0.0000000000
80075  0.000  0.000  0.000 0.0000000000
80076  0.000  0.000  0.000 0.0000000000
80077  0.000  0.000  0.000 0.0000000000
80078  0.000  0.000  0.000 0.0000000000
80083  0.000  0.000  0.000 0.0000000000
80084  0.000  0.000  0.000 0.0000000000
80085  0.000  0.000  0.000 0.0000000000
80086  0.000  0.000  0.000 0.0000000000
80087  0.000  0.000  0.000 0.0000000000
80088  0.000  0.000  0.000 0.0000000000
80089  0.000  0.000  0.000 0.0000000000
80090  0.000  0.000  0.000 0.0000000000
80091  0.000  0.000  0.000 0.0000000000
80098  0.000  0.000  0.000 0.0000000000
80099  0.000  0.000  0.000 0.0000000000
80100  0.000  0.000  0.000 0.0000000000
80101  0.000  0.000  0.000 0.0000000000
80102  0.000  0.000  0.000 0.0000000000
80103  0.000  0.000  0.000 0.0000000000
80104  0.000  0.000  0.000 0.0000000000
80105  0.000  0.000  0.000 0.0000000000
80109  0.000  0.000  0.000 0.0000000000
80110  0.000  0.000  0.000 0.0000000000
80111  0.000  0.000  0.000 0.0000000000
80112  0.000  0.000  0.000 0.0000000000
80113  0.000  0.000  0.000 0.0000000000
80114  0.000  0.000  0.000 0.0000000000
80116  0.000  0.000  0.000 0.0000000000
80117  0.000  0.000  0.000 0.0000000000
80118  0.000  0.000  0.000 0.0000000000
80119  0.000  0.000  0.000 0.0000000000
80120  0.000  0.000  0.000 0.0000000000
80567  0.000  0.000  0.000 0.0000000000
80568  0.000  0.000  0.000 0.0000000000
80570  0.000  0.000  0.000 0.0000000000
80571  0.000  0.000  0.000 0.0000000000
80574  0.000  0.000  0.000 0.0000000000
80575  0.000  0.000  0.000 0.0000000000
80579  0.000  0.000  0.000 0.0000000000
80580  0.000  0.000  0.000 0.0000000000
80586  0.000  0.000  0.000 0.0000000000
80587  0.000  0.000  0.000 0.0000000000
80588  0.000  0.000  0.000 0.0000000000
80589  0.000  0.000  0.000 0.0000000000
80590  0.000  0.000  0.000 0.0000000000
80594  0.000  0.000  0.000 0.0000000000
80595  0.000  0.000  0.000 0.0000000000
80596  0.000  0.000  0.000 0.0000000000
80597  0.000  0.000  0.000 0.0000000000
80598  0.000  0.000  0.000 0.0000000000
80602  0.000  0.000  0.000 0.0000000000
80603  0.000  0.000  0.000 0.0000000000
80604  0.000  0.000  0.000 0.0000000000
80605  0.000  0.000  0.000 0.0000000000
80612  0.000  0.000  0.000 0.0000000000
80613  0.000  0.000  0.000 0.0000000000
80614  0.000  0.000  0.000 0.0000000000
80615  0.000  0.000  0.000 0.0000000000
80616  0.000  0.000  0.000 0.0000000000
80622  0.000  0.000  0.000 0.0000000000
80623  0.000  0.000  0.000 0.0000000000
80624  0.000  0.000  0.000 0.0000000000
81074  0.000  0.000  0.000 0.0000000000
81077  0.000  0.000  0.000 0.0000000000
81078  0.000  0.000  0.000 0.0000000000
81081  0.000  0.000  0.000 0.0000000000
81082  0.000  0.000  0.000 0.0000000000
81086  0.000  0.000  0.000 0.0000000000
81087  0.000  0.000  0.000 0.0000000000
81090  0.000  0.000  0.000 0.0000000000
81091  0.000  0.000  0.000 0.0000000000
81097  0.000  0.000  0.000 0.0000000000
81098  0.000  0.000  0.000 0.0000000000
81099  0.000  0.000  0.000 0.0000000000
81100  0.000  0.000  0.000 0.0000000000
81104  0.000  0.000  0.000 0.0000000000
81105  0.000  0.000  0.000 0.0000000000
81106  0.000  0.000  0.000 0.0000000000
81107  0.000  0.000  0.000 0.0000000000
81112  0.000  0.000  0.000 0.0000000000
81113  0.000  0.000  0.000 0.0000000000
81114  0.000  0.000  0.000 0.0000000000
81115  0.000  0.000  0.000 0.0000000000
81116  0.000  0.000  0.000 0.0000000000
81122  0.000  0.000  0.000 0.0000000000
81123  0.000  0.000  0.000 0.0000000000
81124  0.000  0.000  0.000 0.0000000000
81125  0.000  0.000  0.000 0.0000000000
81126  0.000  0.000  0.000 0.0000000000
81127  0.000  0.000  0.000 0.0000000000
81128  0.000  0.000  0.000 0.0000000000
81129  0.000  0.000  0.000 0.0000000000
81133  0.000  0.000  0.000 0.0000000000
81134  0.000  0.000  0.000 0.0000000000
81135  0.000  0.000  0.000 0.0000000000
81136  0.000  0.000  0.000 0.0000000000
81137  0.000  0.000  0.000 0.0000000000
81138  0.000  0.000  0.000 0.0000000000
81560  0.000  0.000  0.000 0.0000000000
81562  0.000  0.000  0.000 0.0000000000
81563  0.000  0.000  0.000 0.0000000000
81565  0.000  0.000  0.000 0.0000000000
81566  0.000  0.000  0.000 0.0000000000
81569  0.000  0.000  0.000 0.0000000000
81570  0.000  0.000  0.000 0.0000000000
81573  0.000  0.000  0.000 0.0000000000
81574  0.000  0.000  0.000 0.0000000000
81580  0.000  0.000  0.000 0.0000000000
81581  0.000  0.000  0.000 0.0000000000
81582  0.000  0.000  0.000 0.0000000000
81585  0.000  0.000  0.000 0.0000000000
81586  0.000  0.000  0.000 0.0000000000
81592  0.000  0.000  0.000 0.0000000000
81593  0.000  0.000  0.000 0.0000000000
81598  0.000  0.000  0.000 0.0000000000
81599  0.000  0.000  0.000 0.0000000000
81600  0.000  0.000  0.000 0.0000000000
81601  0.000  0.000  0.000 0.0000000000
81602  0.000  0.000  0.000 0.0000000000
81603  0.000  0.000  0.000 0.0000000000
81604  0.000  0.000  0.000 0.0000000000
81605  0.000  0.000  0.000 0.0000000000
81608  0.000  0.000  0.000 0.0000000000
81609  0.000  0.000  0.000 0.0000000000
81610  0.000  0.000  0.000 0.0000000000
81611  0.000  0.000  0.000 0.0000000000
81612  0.000  0.000  0.000 0.0000000000
81613  0.000  0.000  0.000 0.0000000000
81614  0.000  0.000  0.000 0.0000000000
81615  0.000  0.000  0.000 0.0000000000
81616  0.000  0.000  0.000 0.0000000000
81617  0.000  0.000  0.000 0.0000000000
81618  0.000  0.000  0.000 0.0000000000
82063  0.000  0.000  0.000 0.0000000000
82064  0.000  0.000  0.000 0.0000000000
82067  0.000  0.000  0.000 0.0000000000
82068  0.000  0.000  0.000 0.0000000000
82072  0.000  0.000  0.000 0.0000000000
82073  0.000  0.000  0.000 0.0000000000
82077  0.000  0.000  0.000 0.0000000000
82078  0.000  0.000  0.000 0.0000000000
82083  0.000  0.000  0.000 0.0000000000
82088  0.000  0.000  0.000 0.0000000000
82089  0.000  0.000  0.000 0.0000000000
82090  0.000  0.000  0.000 0.0000000000
82095  0.000  0.000  0.000 0.0000000000
82096  0.000  0.000  0.000 0.0000000000
82102  0.000  0.000  0.000 0.0000000000
82103  0.000  0.000  0.000 0.0000000000
82107  0.000  0.000  0.000 0.0000000000
82108  0.000  0.000  0.000 0.0000000000
82109  0.000  0.000  0.000 0.0000000000
82110  0.000  0.000  0.000 0.0000000000
82111  0.000  0.000  0.000 0.0000000000
82114  0.000  0.000  0.000 0.0000000000
82115  0.000  0.000  0.000 0.0000000000
82116  0.000  0.000  0.000 0.0000000000
82117  0.000  0.000  0.000 0.0000000000
82118  0.000  0.000  0.000 0.0000000000
82119  0.000  0.000  0.000 0.0000000000
82120  0.000  0.000  0.000 0.0000000000
82121  0.000  0.000  0.000 0.0000000000
82122  0.000  0.000  0.000 0.0000000000
82123  0.000  0.000  0.000 0.0000000000
82124  0.000  0.000  0.000 0.0000000000
82125  0.000  0.000  0.000 0.0000000000
82601  0.000  0.000  0.000 0.0000000000
82603  0.000  0.000  0.000 0.0000000000
82604  0.000  0.000  0.000 0.0000000000
82607  0.000  0.000  0.000 0.0000000000
82608  0.000  0.000  0.000 0.0000000000
82611  0.000  0.000  0.000 0.0000000000
82612  0.000  0.000  0.000 0.0000000000
82617  0.000  0.000  0.000 0.0000000000
82618  0.000  0.000  0.000 0.0000000000
82623  0.000  0.000  0.000 0.0000000000
82624  0.000  0.000  0.000 0.0000000000
82625  0.000  0.000  0.000 0.0000000000
82631  0.000  0.000  0.000 0.0000000000
82632  0.000  0.000  0.000 0.0000000000
82633  0.000  0.000  0.000 0.0000000000
82637  0.000  0.000  0.000 0.0000000000
82638  0.000  0.000  0.000 0.0000000000
82642  0.000  0.000  0.000 0.0000000000
82643  0.000  0.000  0.000 0.0000000000
82644  0.000  0.000  0.000 0.0000000000
82645  0.000  0.000  0.000 0.0000000000
82646  0.000  0.000  0.000 0.0000000000
82650  0.000  0.000  0.000 0.0000000000
82651  0.000  0.000  0.000 0.0000000000
82652  0.000  0.000  0.000 0.0000000000
82653  0.000  0.000  0.000 0.0000000000
82654  0.000  0.000  0.000 0.0000000000
82655  0.000  0.000  0.000 0.0000000000
82656  0.000  0.000  0.000 0.0000000000
82657  0.000  0.000  0.000 0.0000000000
82658  0.000  0.000  0.000 0.0000000000
82659  0.000  0.000  0.000 0.0000000000
82660  0.000  0.000  0.000 0.0000000000
82661  0.000  0.000  0.000 0.0000000000
83231  0.000  0.000  0.000 0.0000000000
83232  0.000  0.000  0.000 0.0000000000
83233  0.000  0.000  0.000 0.0000000000
83242  0.000  0.000  0.000 0.0000000000
83243  0.000  0.000  0.000 0.0000000000
83251  0.000  0.000  0.000 0.0000000000
83252  0.000  0.000  0.000 0.0000000000
83261  0.000  0.000  0.000 0.0000000000
83262  0.000  0.000  0.000 0.0000000000
83270  0.000  0.000  0.000 0.0000000000
83271  0.000  0.000  0.000 0.0000000000
83276  0.000  0.000  0.000 0.0000000000
83277  0.000  0.000  0.000 0.0000000000
83281  0.000  0.000  0.000 0.0000000000
83282  0.000  0.000  0.000 0.0000000000
83283  0.000  0.000  0.000 0.0000000000
83286  0.000  0.000  0.000 0.0000000000
83287  0.000  0.000  0.000 0.0000000000
83290  0.000  0.000  0.000 0.0000000000
83291  0.000  0.000  0.000 0.0000000000
83292  0.000  0.000  0.000 0.0000000000
83296  0.000  0.000  0.000 0.0000000000
83297  0.000  0.000  0.000 0.0000000000
83298  0.000  0.000  0.000 0.0000000000
83299  0.000  0.000  0.000 0.0000000000
83300  0.000  0.000  0.000 0.0000000000
83301  0.000  0.000  0.000 0.0000000000
83303  0.000  0.000  0.000 0.0000000000
83304  0.000  0.000  0.000 0.0000000000
83305  0.000  0.000  0.000 0.0000000000
83306  0.000  0.000  0.000 0.0000000000
83307  0.000  0.000  0.000 0.0000000000
83308  0.000  0.000  0.000 0.0000000000
83855  0.000  0.000  0.000 0.0000000000
83856  0.000  0.000  0.000 0.0000000000
83862  0.000  0.000  0.000 0.0000000000
83863  0.000  0.000  0.000 0.0000000000
83868  0.000  0.000  0.000 0.0000000000
83869  0.000  0.000  0.000 0.0000000000
83877  0.000  0.000  0.000 0.0000000000
83878  0.000  0.000  0.000 0.0000000000
83886  0.000  0.000  0.000 0.0000000000
83887  0.000  0.000  0.000 0.0000000000
83891  0.000  0.000  0.000 0.0000000000
83892  0.000  0.000  0.000 0.0000000000
83895  0.000  0.000  0.000 0.0000000000
83896  0.000  0.000  0.000 0.0000000000
83897  0.000  0.000  0.000 0.0000000000
83900  0.000  0.000  0.000 0.0000000000
83901  0.000  0.000  0.000 0.0000000000
83905  0.000  0.000  0.000 0.0000000000
83906  0.000  0.000  0.000 0.0000000000
83910  0.000  0.000  0.000 0.0000000000
83911  0.000  0.000  0.000 0.0000000000
83912  0.000  0.000  0.000 0.0000000000
83913  0.000  0.000  0.000 0.0000000000
83915  0.000  0.000  0.000 0.0000000000
83916  0.000  0.000  0.000 0.0000000000
83917  0.000  0.000  0.000 0.0000000000
83918  0.000  0.000  0.000 0.0000000000
83919  0.000  0.000  0.000 0.0000000000
83920  0.000  0.000  0.000 0.0000000000
83921  0.000  0.000  0.000 0.0000000000
84521  0.000  0.000  0.000 0.0000000000
84522  0.000  0.000  0.000 0.0000000000
84528  0.000  0.000  0.000 0.0000000000
84532  0.000  0.000  0.000 0.0000000000
84533  0.000  0.000  0.000 0.0000000000
84540  0.000  0.000  0.000 0.0000000000
84541  0.000  0.000  0.000 0.0000000000
84550  0.000  0.000  0.000 0.0000000000
84551  0.000  0.000  0.000 0.0000000000
84557  0.000  0.000  0.000 0.0000000000
84558  0.000  0.000  0.000 0.0000000000
84560  0.000  0.000  0.000 0.0000000000
84561  0.000  0.000  0.000 0.0000000000
84563  0.000  0.000  0.000 0.0000000000
84564  0.000  0.000  0.000 0.0000000000
84567  0.000  0.000  0.000 0.0000000000
84568  0.000  0.000  0.000 0.0000000000
84572  0.000  0.000  0.000 0.0000000000
84573  0.000  0.000  0.000 0.0000000000
84574  0.000  0.000  0.000 0.0000000000
84575  0.000  0.000  0.000 0.0000000000
84578  0.000  0.000  0.000 0.0000000000
84579  0.000  0.000  0.000 0.0000000000
84580  0.000  0.000  0.000 0.0000000000
84581  0.000  0.000  0.000 0.0000000000
84582  0.000  0.000  0.000 0.0000000000
84583  0.000  0.000  0.000 0.0000000000
84584  0.000  0.000  0.000 0.0000000000
84585  0.000  0.000  0.000 0.0000000000
84586  0.000  0.000  0.000 0.0000000000
84587  0.000  0.000  0.000 0.0000000000
84588  0.000  0.000  0.000 0.0000000000
84589  0.000  0.000  0.000 0.0000000000
84590  0.000  0.000  0.000 0.0000000000
85273  0.000  0.000  0.000 0.0000000000
85274  0.000  0.000  0.000 0.0000000000
85275  0.000  0.000  0.000 0.0000000000
85282  0.000  0.000  0.000 0.0000000000
85283  0.000  0.000  0.000 0.0000000000
85288  0.000  0.000  0.000 0.0000000000
85294  0.000  0.000  0.000 0.0000000000
85302  0.000  0.000  0.000 0.0000000000
85309  0.000  0.000  0.000 0.0000000000
85310  0.000  0.000  0.000 0.0000000000
85313  0.000  0.000  0.000 0.0000000000
85314  0.000  0.000  0.000 0.0000000000
85316  0.000  0.000  0.000 0.0000000000
85317  0.000  0.000  0.000 0.0000000000
85319  0.000  0.000  0.000 0.0000000000
85320  0.000  0.000  0.000 0.0000000000
85321  0.000  0.000  0.000 0.0000000000
85324  0.000  0.000  0.000 0.0000000000
85325  0.000  0.000  0.000 0.0000000000
85326  0.000  0.000  0.000 0.0000000000
85331  0.000  0.000  0.000 0.0000000000
85332  0.000  0.000  0.000 0.0000000000
85333  0.000  0.000  0.000 0.0000000000
85334  0.000  0.000  0.000 0.0000000000
85336  0.000  0.000  0.000 0.0000000000
85337  0.000  0.000  0.000 0.0000000000
85338  0.000  0.000  0.000 0.0000000000
85339  0.000  0.000  0.000 0.0000000000
85340  0.000  0.000  0.000 0.0000000000
85956  0.000  0.000  0.000 0.0000000000
85957  0.000  0.000  0.000 0.0000000000
85958  0.000  0.000  0.000 0.0000000000
85964  0.000  0.000  0.000 0.0000000000
85965  0.000  0.000  0.000 0.0000000000
85971  0.000  0.000  0.000 0.0000000000
85972  0.000  0.000  0.000 0.0000000000
85980  0.000  0.000  0.000 0.0000000000
85981  0.000  0.000  0.000 0.0000000000
85989  0.000  0.000  0.000 0.0000000000
85990  0.000  0.000  0.000 0.0000000000
85997  0.000  0.000  0.000 0.0000000000
85998  0.000  0.000  0.000 0.0000000000
86004  0.000  0.000  0.000 0.0000000000
86005  0.000  0.000  0.000 0.0000000000
86007  0.000  0.000  0.000 0.0000000000
86008  0.000  0.000  0.000 0.0000000000
86009  0.000  0.000  0.000 0.0000000000
86011  0.000  0.000  0.000 0.0000000000
86012  0.000  0.000  0.000 0.0000000000
86013  0.000  0.000  0.000 0.0000000000
86015  0.000  0.000  0.000 0.0000000000
86016  0.000  0.000  0.000 0.0000000000
86020  0.000  0.000  0.000 0.0000000000
86021  0.000  0.000  0.000 0.0000000000
86022  0.000  0.000  0.000 0.0000000000
86023  0.000  0.000  0.000 0.0000000000
86026  0.000  0.000  0.000 0.0000000000
86027  0.000  0.000  0.000 0.0000000000
86028  0.000  0.000  0.000 0.0000000000
86029  0.000  0.000  0.000 0.0000000000
86030  0.000  0.000  0.000 0.0000000000
86031  0.000  0.000  0.000 0.0000000000
86641  0.000  0.000  0.000 0.0000000000
86642  0.000  0.000  0.000 0.0000000000
86643  0.000  0.000  0.000 0.0000000000
86648  0.000  0.000  0.000 0.0000000000
86649  0.000  0.000  0.000 0.0000000000
86655  0.000  0.000  0.000 0.0000000000
86662  0.000  0.000  0.000 0.0000000000
86667  0.000  0.000  0.000 0.0000000000
86672  0.000  0.000  0.000 0.0000000000
86673  0.000  0.000  0.000 0.0000000000
86679  0.000  0.000  0.000 0.0000000000
86680  0.000  0.000  0.000 0.0000000000
86685  0.000  0.000  0.000 0.0000000000
86686  0.000  0.000  0.000 0.0000000000
86688  0.000  0.000  0.000 0.0000000000
86689  0.000  0.000  0.000 0.0000000000
86691  0.000  0.000  0.000 0.0000000000
86692  0.000  0.000  0.000 0.0000000000
86693  0.000  0.000  0.000 0.0000000000
86696  0.000  0.000  0.000 0.0000000000
86697  0.000  0.000  0.000 0.0000000000
86698  0.000  0.000  0.000 0.0000000000
86699  0.000  0.000  0.000 0.0000000000
86702  0.000  0.000  0.000 0.0000000000
86703  0.000  0.000  0.000 0.0000000000
86704  0.000  0.000  0.000 0.0000000000
86705  0.000  0.000  0.000 0.0000000000
86706  0.000  0.000  0.000 0.0000000000
86707  0.000  0.000  0.000 0.0000000000
87299  0.000  0.000  0.000 0.0000000000
87300  0.000  0.000  0.000 0.0000000000
87301  0.000  0.000  0.000 0.0000000000
87308  0.000  0.000  0.000 0.0000000000
87309  0.000  0.000  0.000 0.0000000000
87314  0.000  0.000  0.000 0.0000000000
87319  0.000  0.000  0.000 0.0000000000
87325  0.000  0.000  0.000 0.0000000000
87326  0.000  0.000  0.000 0.0000000000
87331  0.000  0.000  0.000 0.0000000000
87332  0.000  0.000  0.000 0.0000000000
87336  0.000  0.000  0.000 0.0000000000
87337  0.000  0.000  0.000 0.0000000000
87342  0.000  0.000  0.000 0.0000000000
87343  0.000  0.000  0.000 0.0000000000
87345  0.000  0.000  0.000 0.0000000000
87346  0.000  0.000  0.000 0.0000000000
87347  0.000  0.000  0.000 0.0000000000
87349  0.000  0.000  0.000 0.0000000000
87350  0.000  0.000  0.000 0.0000000000
87351  0.000  0.000  0.000 0.0000000000
87354  0.000  0.000  0.000 0.0000000000
87355  0.000  0.000  0.000 0.0000000000
87356  0.000  0.000  0.000 0.0000000000
87359  0.000  0.000  0.000 0.0000000000
87360  0.000  0.000  0.000 0.0000000000
87361  0.000  0.000  0.000 0.0000000000
87362  0.000  0.000  0.000 0.0000000000
87363  0.000  0.000  0.000 0.0000000000
87927  0.000  0.000  0.000 0.0000000000
87928  0.000  0.000  0.000 0.0000000000
87934  0.000  0.000  0.000 0.0000000000
87935  0.000  0.000  0.000 0.0000000000
87936  0.000  0.000  0.000 0.0000000000
87937  0.000  0.000  0.000 0.0000000000
87945  0.000  0.000  0.000 0.0000000000
87946  0.000  0.000  0.000 0.0000000000
87947  0.000  0.000  0.000 0.0000000000
87956  0.000  0.000  0.000 0.0000000000
87957  0.000  0.000  0.000 0.0000000000
87964  0.000  0.000  0.000 0.0000000000
87965  0.000  0.000  0.000 0.0000000000
87972  0.000  0.000  0.000 0.0000000000
87973  0.000  0.000  0.000 0.0000000000
87978  0.000  0.000  0.000 0.0000000000
87979  0.000  0.000  0.000 0.0000000000
87983  0.000  0.000  0.000 0.0000000000
87984  0.000  0.000  0.000 0.0000000000
87989  0.000  0.000  0.000 0.0000000000
87990  0.000  0.000  0.000 0.0000000000
87992  0.000  0.000  0.000 0.0000000000
87993  0.000  0.000  0.000 0.0000000000
87994  0.000  0.000  0.000 0.0000000000
87996  0.000  0.000  0.000 0.0000000000
87997  0.000  0.000  0.000 0.0000000000
88000  0.000  0.000  0.000 0.0000000000
88001  0.000  0.000  0.000 0.0000000000
88002  0.000  0.000  0.000 0.0000000000
88006  0.000  0.000  0.000 0.0000000000
88007  0.000  0.000  0.000 0.0000000000
88008  0.000  0.000  0.000 0.0000000000
88009  0.000  0.000  0.000 0.0000000000
88010  0.000  0.000  0.000 0.0000000000
88011  0.000  0.000  0.000 0.0000000000
88012  0.000  0.000  0.000 0.0000000000
88013  0.000  0.000  0.000 0.0000000000
88572  0.000  0.000  0.000 0.0000000000
88573  0.000  0.000  0.000 0.0000000000
88574  0.000  0.000  0.000 0.0000000000
88575  0.000  0.000  0.000 0.0000000000
88578  0.000  0.000  0.000 0.0000000000
88579  0.000  0.000  0.000 0.0000000000
88580  0.000  0.000  0.000 0.0000000000
88581  0.000  0.000  0.000 0.0000000000
88582  0.000  0.000  0.000 0.0000000000
88583  0.000  0.000  0.000 0.0000000000
88584  0.000  0.000  0.000 0.0000000000
88589  0.000  0.000  0.000 0.0000000000
88590  0.000  0.000  0.000 0.0000000000
88596  0.000  0.000  0.000 0.0000000000
88597  0.000  0.000  0.000 0.0000000000
88604  0.000  0.000  0.000 0.0000000000
88605  0.000  0.000  0.000 0.0000000000
88614  0.000  0.000  0.000 0.0000000000
88615  0.000  0.000  0.000 0.0000000000
88622  0.000  0.000  0.000 0.0000000000
88623  0.000  0.000  0.000 0.0000000000
88629  0.000  0.000  0.000 0.0000000000
88634  0.000  0.000  0.000 0.0000000000
88635  0.000  0.000  0.000 0.0000000000
88637  0.000  0.000  0.000 0.0000000000
88638  0.000  0.000  0.000 0.0000000000
88640  0.000  0.000  0.000 0.0000000000
88641  0.000  0.000  0.000 0.0000000000
88642  0.000  0.000  0.000 0.0000000000
88644  0.000  0.000  0.000 0.0000000000
88645  0.000  0.000  0.000 0.0000000000
88646  0.000  0.000  0.000 0.0000000000
88650  0.000  0.000  0.000 0.0000000000
88651  0.000  0.000  0.000 0.0000000000
88652  0.000  0.000  0.000 0.0000000000
88653  0.000  0.000  0.000 0.0000000000
88654  0.000  0.000  0.000 0.0000000000
88655  0.000  0.000  0.000 0.0000000000
88656  0.000  0.000  0.000 0.0000000000
88657  0.000  0.000  0.000 0.0000000000
89185  0.000  0.000  0.000 0.0000000000
89186  0.000  0.000  0.000 0.0000000000
89187  0.000  0.000  0.000 0.0000000000
89192  0.000  0.000  0.000 0.0000000000
89193  0.000  0.000  0.000 0.0000000000
89194  0.000  0.000  0.000 0.0000000000
89195  0.000  0.000  0.000 0.0000000000
89196  0.000  0.000  0.000 0.0000000000
89197  0.000  0.000  0.000 0.0000000000
89198  0.000  0.000  0.000 0.0000000000
89199  0.000  0.000  0.000 0.0000000000
89200  0.000  0.000  0.000 0.0000000000
89202  0.000  0.000  0.000 0.0000000000
89203  0.000  0.000  0.000 0.0000000000
89204  0.000  0.000  0.000 0.0000000000
89206  0.000  0.000  0.000 0.0000000000
89211  0.000  0.000  0.000 0.0000000000
89218  0.000  0.000  0.000 0.0000000000
89219  0.000  0.000  0.000 0.0000000000
89225  0.000  0.000  0.000 0.0000000000
89230  0.000  0.000  0.000 0.0000000000
89231  0.000  0.000  0.000 0.0000000000
89235  0.000  0.000  0.000 0.0000000000
89236  0.000  0.000  0.000 0.0000000000
89238  0.000  0.000  0.000 0.0000000000
89239  0.000  0.000  0.000 0.0000000000
89241  0.000  0.000  0.000 0.0000000000
89242  0.000  0.000  0.000 0.0000000000
89243  0.000  0.000  0.000 0.0000000000
89245  0.000  0.000  0.000 0.0000000000
89246  0.000  0.000  0.000 0.0000000000
89249  0.000  0.000  0.000 0.0000000000
89250  0.000  0.000  0.000 0.0000000000
89251  0.000  0.000  0.000 0.0000000000
89252  0.000  0.000  0.000 0.0000000000
89253  0.000  0.000  0.000 0.0000000000
89254  0.000  0.000  0.000 0.0000000000
89255  0.000  0.000  0.000 0.0000000000
89256  0.000  0.000  0.000 0.0000000000
89257  0.000  0.000  0.000 0.0000000000
89258  0.000  0.000  0.000 0.0000000000
89751  0.000  0.000  0.000 0.0000000000
89752  0.000  0.000  0.000 0.0000000000
89753  0.000  0.000  0.000 0.0000000000
89754  0.000  0.000  0.000 0.0000000000
89755  0.000  0.000  0.000 0.0000000000
89756  0.000  0.000  0.000 0.0000000000
89757  0.000  0.000  0.000 0.0000000000
89758  0.000  0.000  0.000 0.0000000000
89759  0.000  0.000  0.000 0.0000000000
89762  0.000  0.000  0.000 0.0000000000
89763  0.000  0.000  0.000 0.0000000000
89764  0.000  0.000  0.000 0.0000000000
89765  0.000  0.000  0.000 0.0000000000
89766  0.000  0.000  0.000 0.0000000000
89767  0.000  0.000  0.000 0.0000000000
89768  0.000  0.000  0.000 0.0000000000
89769  0.000  0.000  0.000 0.0000000000
89770  0.000  0.000  0.000 0.0000000000
89772  0.000  0.000  0.000 0.0000000000
89775  0.000  0.000  0.000 0.0000000000
89776  0.000  0.000  0.000 0.0000000000
89782  0.000  0.000  0.000 0.0000000000
89783  0.000  0.000  0.000 0.0000000000
89790  0.000  0.000  0.000 0.0000000000
89796  0.000  0.000  0.000 0.0000000000
89797  0.000  0.000  0.000 0.0000000000
89799  0.000  0.000  0.000 0.0000000000
89801  0.000  0.000  0.000 0.0000000000
89802  0.000  0.000  0.000 0.0000000000
89805  0.000  0.000  0.000 0.0000000000
89806  0.000  0.000  0.000 0.0000000000
89807  0.000  0.000  0.000 0.0000000000
89810  0.000  0.000  0.000 0.0000000000
89811  0.000  0.000  0.000 0.0000000000
89812  0.000  0.000  0.000 0.0000000000
89814  0.000  0.000  0.000 0.0000000000
89815  0.000  0.000  0.000 0.0000000000
89816  0.000  0.000  0.000 0.0000000000
89817  0.000  0.000  0.000 0.0000000000
89818  0.000  0.000  0.000 0.0000000000
89819  0.000  0.000  0.000 0.0000000000
89820  0.000  0.000  0.000 0.0000000000
89821  0.000  0.000  0.000 0.0000000000
89822  0.000  0.000  0.000 0.0000000000
90297  0.000  0.000  0.000 0.0000000000
90298  0.000  0.000  0.000 0.0000000000
90299  0.000  0.000  0.000 0.0000000000
90300  0.000  0.000  0.000 0.0000000000
90301  0.000  0.000  0.000 0.0000000000
90302  0.000  0.000  0.000 0.0000000000
90303  0.000  0.000  0.000 0.0000000000
90308  0.000  0.000  0.000 0.0000000000
90309  0.000  0.000  0.000 0.0000000000
90310  0.000  0.000  0.000 0.0000000000
90311  0.000  0.000  0.000 0.0000000000
90312  0.000  0.000  0.000 0.0000000000
90313  0.000  0.000  0.000 0.0000000000
90314  0.000  0.000  0.000 0.0000000000
90315  0.000  0.000  0.000 0.0000000000
90316  0.000  0.000  0.000 0.0000000000
90317  0.000  0.000  0.000 0.0000000000
90318  0.000  0.000  0.000 0.0000000000
90319  0.000  0.000  0.000 0.0000000000
90320  0.000  0.000  0.000 0.0000000000
90321  0.000  0.000  0.000 0.0000000000
90327  0.000  0.000  0.000 0.0000000000
90328  0.000  0.000  0.000 0.0000000000
90329  0.000  0.000  0.000 0.0000000000
90330  0.000  0.000  0.000 0.0000000000
90331  0.000  0.000  0.000 0.0000000000
90332  0.000  0.000  0.000 0.0000000000
90333  0.000  0.000  0.000 0.0000000000
90334  0.000  0.000  0.000 0.0000000000
90335  0.000  0.000  0.000 0.0000000000
90336  0.000  0.000  0.000 0.0000000000
90337  0.000  0.000  0.000 0.0000000000
90338  0.000  0.000  0.000 0.0000000000
90339  0.000  0.000  0.000 0.0000000000
90340  0.000  0.000  0.000 0.0000000000
90348  0.000  0.000  0.000 0.0000000000
90349  0.000  0.000  0.000 0.0000000000
90350  0.000  0.000  0.000 0.0000000000
90351  0.000  0.000  0.000 0.0000000000
90352  0.000  0.000  0.000 0.0000000000
90353  0.000  0.000  0.000 0.0000000000
90354  0.000  0.000  0.000 0.0000000000
90355  0.000  0.000  0.000 0.0000000000
90356  0.000  0.000  0.000 0.0000000000
90357  0.000  0.000  0.000 0.0000000000
90358  0.000  0.000  0.000 0.0000000000
90359  0.000  0.000  0.000 0.0000000000
90360  0.000  0.000  0.000 0.0000000000
90369  0.000  0.000  0.000 0.0000000000
90370  0.000  0.000  0.000 0.0000000000
90371  0.000  0.000  0.000 0.0000000000
90372  0.000  0.000  0.000 0.0000000000
90373  0.000  0.000  0.000 0.0000000000
90374  0.000  0.000  0.000 0.0000000000
90375  0.000  0.000  0.000 0.0000000000
90376  0.000  0.000  0.000 0.0000000000
90377  0.000  0.000  0.000 0.0000000000
90378  0.000  0.000  0.000 0.0000000000
90379  0.000  0.000  0.000 0.0000000000
90380  0.000  0.000  0.000 0.0000000000
90389  0.000  0.000  0.000 0.0000000000
90390  0.000  0.000  0.000 0.0000000000
90391  0.000  0.000  0.000 0.0000000000
90392  0.000  0.000  0.000 0.0000000000
90393  0.000  0.000  0.000 0.0000000000
90394  0.000  0.000  0.000 0.0000000000
90395  0.000  0.000  0.000 0.0000000000
90396  0.000  0.000  0.000 0.0000000000
90397  0.000  0.000  0.000 0.0000000000
90398  0.000  0.000  0.000 0.0000000000
90399  0.000  0.000  0.000 0.0000000000
90400  0.000  0.000  0.000 0.0000000000
90406  0.000  0.000  0.000 0.0000000000
90407  0.000  0.000  0.000 0.0000000000
90408  0.000  0.000  0.000 0.0000000000
90409  0.000  0.000  0.000 0.0000000000
90410  0.000  0.000  0.000 0.0000000000
90411  0.000  0.000  0.000 0.0000000000
90412  0.000  0.000  0.000 0.0000000000
90413  0.000  0.000  0.000 0.0000000000
90414  0.000  0.000  0.000 0.0000000000
90415  0.000  0.000  0.000 0.0000000000
90416  0.000  0.000  0.000 0.0000000000
90417  0.000  0.000  0.000 0.0000000000
90419  0.000  0.000  0.000 0.0000000000
90420  0.000  0.000  0.000 0.0000000000
90421  0.000  0.000  0.000 0.0000000000
90422  0.000  0.000  0.000 0.0000000000
90423  0.000  0.000  0.000 0.0000000000
90424  0.000  0.000  0.000 0.0000000000
90425  0.000  0.000  0.000 0.0000000000
90426  0.000  0.000  0.000 0.0000000000
90427  0.000  0.000  0.000 0.0000000000
90428  0.000  0.000  0.000 0.0000000000
90429  0.000  0.000  0.000 0.0000000000
90431  0.000  0.000  0.000 0.0000000000
90432  0.000  0.000  0.000 0.0000000000
90433  0.000  0.000  0.000 0.0000000000
90434  0.000  0.000  0.000 0.0000000000
90435  0.000  0.000  0.000 0.0000000000
90436  0.000  0.000  0.000 0.0000000000
90437  0.000  0.000  0.000 0.0000000000
90438  0.000  0.000  0.000 0.0000000000
90439  0.000  0.000  0.000 0.0000000000
90440  0.000  0.000  0.000 0.0000000000
90441  0.000  0.000  0.000 0.0000000000
90444  0.000  0.000  0.000 0.0000000000
90445  0.000  0.000  0.000 0.0000000000
90446  0.000  0.000  0.000 0.0000000000
90447  0.000  0.000  0.000 0.0000000000
90448  0.000  0.000  0.000 0.0000000000
90449  0.000  0.000  0.000 0.0000000000
90450  0.000  0.000  0.000 0.0000000000
90451  0.000  0.000  0.000 0.0000000000
90452  0.000  0.000  0.000 0.0000000000
90453  0.000  0.000  0.000 0.0000000000
90456  0.000  0.000  0.000 0.0000000000
90457  0.000  0.000  0.000 0.0000000000
90458  0.000  0.000  0.000 0.0000000000
90459  0.000  0.000  0.000 0.0000000000
90460  0.000  0.000  0.000 0.0000000000
90461  0.000  0.000  0.000 0.0000000000
90462  0.000  0.000  0.000 0.0000000000
90463  0.000  0.000  0.000 0.0000000000
90464  0.000  0.000  0.000 0.0000000000
90465  0.000  0.000  0.000 0.0000000000
90466  0.000  0.000  0.000 0.0000000000
90467  0.000  0.000  0.000 0.0000000000
90468  0.000  0.000  0.000 0.0000000000
90469  0.000  0.000  0.000 0.0000000000
90470  0.000  0.000  0.000 0.0000000000
90471  0.000  0.000  0.000 0.0000000000
90472  0.000  0.000  0.000 0.0000000000
90473  0.000  0.000  0.000 0.0000000000
90474  0.000  0.000  0.000 0.0000000000
90475  0.000  0.000  0.000 0.0000000000
90476  0.000  0.000  0.000 0.0000000000
