#!ascii label  , from subject Woofsurfer vox2ras=TkReg coords=white
1487
14497  0.000  0.000  0.000 0.0000000000
14498  0.000  0.000  0.000 0.0000000000
14499  0.000  0.000  0.000 0.0000000000
14511  0.000  0.000  0.000 0.0000000000
14512  0.000  0.000  0.000 0.0000000000
14513  0.000  0.000  0.000 0.0000000000
14514  0.000  0.000  0.000 0.0000000000
14522  0.000  0.000  0.000 0.0000000000
14523  0.000  0.000  0.000 0.0000000000
14524  0.000  0.000  0.000 0.0000000000
14531  0.000  0.000  0.000 0.0000000000
14532  0.000  0.000  0.000 0.0000000000
15149  0.000  0.000  0.000 0.0000000000
15167  0.000  0.000  0.000 0.0000000000
15168  0.000  0.000  0.000 0.0000000000
15169  0.000  0.000  0.000 0.0000000000
15183  0.000  0.000  0.000 0.0000000000
15184  0.000  0.000  0.000 0.0000000000
15185  0.000  0.000  0.000 0.0000000000
15186  0.000  0.000  0.000 0.0000000000
15198  0.000  0.000  0.000 0.0000000000
15199  0.000  0.000  0.000 0.0000000000
15200  0.000  0.000  0.000 0.0000000000
15201  0.000  0.000  0.000 0.0000000000
15211  0.000  0.000  0.000 0.0000000000
15212  0.000  0.000  0.000 0.0000000000
15213  0.000  0.000  0.000 0.0000000000
15214  0.000  0.000  0.000 0.0000000000
15224  0.000  0.000  0.000 0.0000000000
15225  0.000  0.000  0.000 0.0000000000
15785  0.000  0.000  0.000 0.0000000000
15786  0.000  0.000  0.000 0.0000000000
15806  0.000  0.000  0.000 0.0000000000
15807  0.000  0.000  0.000 0.0000000000
15824  0.000  0.000  0.000 0.0000000000
15825  0.000  0.000  0.000 0.0000000000
15826  0.000  0.000  0.000 0.0000000000
15840  0.000  0.000  0.000 0.0000000000
15841  0.000  0.000  0.000 0.0000000000
15842  0.000  0.000  0.000 0.0000000000
15854  0.000  0.000  0.000 0.0000000000
15855  0.000  0.000  0.000 0.0000000000
15856  0.000  0.000  0.000 0.0000000000
15857  0.000  0.000  0.000 0.0000000000
15858  0.000  0.000  0.000 0.0000000000
15871  0.000  0.000  0.000 0.0000000000
15872  0.000  0.000  0.000 0.0000000000
15873  0.000  0.000  0.000 0.0000000000
15874  0.000  0.000  0.000 0.0000000000
15875  0.000  0.000  0.000 0.0000000000
15887  0.000  0.000  0.000 0.0000000000
15888  0.000  0.000  0.000 0.0000000000
15889  0.000  0.000  0.000 0.0000000000
15890  0.000  0.000  0.000 0.0000000000
15901  0.000  0.000  0.000 0.0000000000
15902  0.000  0.000  0.000 0.0000000000
16455  0.000  0.000  0.000 0.0000000000
16469  0.000  0.000  0.000 0.0000000000
16487  0.000  0.000  0.000 0.0000000000
16488  0.000  0.000  0.000 0.0000000000
16505  0.000  0.000  0.000 0.0000000000
16506  0.000  0.000  0.000 0.0000000000
16507  0.000  0.000  0.000 0.0000000000
16520  0.000  0.000  0.000 0.0000000000
16521  0.000  0.000  0.000 0.0000000000
16522  0.000  0.000  0.000 0.0000000000
16523  0.000  0.000  0.000 0.0000000000
16535  0.000  0.000  0.000 0.0000000000
16536  0.000  0.000  0.000 0.0000000000
16537  0.000  0.000  0.000 0.0000000000
16538  0.000  0.000  0.000 0.0000000000
16549  0.000  0.000  0.000 0.0000000000
16550  0.000  0.000  0.000 0.0000000000
16551  0.000  0.000  0.000 0.0000000000
16552  0.000  0.000  0.000 0.0000000000
16553  0.000  0.000  0.000 0.0000000000
16565  0.000  0.000  0.000 0.0000000000
16566  0.000  0.000  0.000 0.0000000000
16567  0.000  0.000  0.000 0.0000000000
16568  0.000  0.000  0.000 0.0000000000
16569  0.000  0.000  0.000 0.0000000000
16583  0.000  0.000  0.000 0.0000000000
16584  0.000  0.000  0.000 0.0000000000
16585  0.000  0.000  0.000 0.0000000000
17161  0.000  0.000  0.000 0.0000000000
17169  0.000  0.000  0.000 0.0000000000
17181  0.000  0.000  0.000 0.0000000000
17197  0.000  0.000  0.000 0.0000000000
17216  0.000  0.000  0.000 0.0000000000
17217  0.000  0.000  0.000 0.0000000000
17235  0.000  0.000  0.000 0.0000000000
17236  0.000  0.000  0.000 0.0000000000
17237  0.000  0.000  0.000 0.0000000000
17238  0.000  0.000  0.000 0.0000000000
17239  0.000  0.000  0.000 0.0000000000
17250  0.000  0.000  0.000 0.0000000000
17251  0.000  0.000  0.000 0.0000000000
17252  0.000  0.000  0.000 0.0000000000
17253  0.000  0.000  0.000 0.0000000000
17264  0.000  0.000  0.000 0.0000000000
17265  0.000  0.000  0.000 0.0000000000
17266  0.000  0.000  0.000 0.0000000000
17267  0.000  0.000  0.000 0.0000000000
17268  0.000  0.000  0.000 0.0000000000
17269  0.000  0.000  0.000 0.0000000000
17282  0.000  0.000  0.000 0.0000000000
17283  0.000  0.000  0.000 0.0000000000
17284  0.000  0.000  0.000 0.0000000000
17285  0.000  0.000  0.000 0.0000000000
17286  0.000  0.000  0.000 0.0000000000
17287  0.000  0.000  0.000 0.0000000000
17300  0.000  0.000  0.000 0.0000000000
17301  0.000  0.000  0.000 0.0000000000
17302  0.000  0.000  0.000 0.0000000000
17303  0.000  0.000  0.000 0.0000000000
17319  0.000  0.000  0.000 0.0000000000
17320  0.000  0.000  0.000 0.0000000000
17891  0.000  0.000  0.000 0.0000000000
17898  0.000  0.000  0.000 0.0000000000
17904  0.000  0.000  0.000 0.0000000000
17911  0.000  0.000  0.000 0.0000000000
17922  0.000  0.000  0.000 0.0000000000
17936  0.000  0.000  0.000 0.0000000000
17937  0.000  0.000  0.000 0.0000000000
17938  0.000  0.000  0.000 0.0000000000
17954  0.000  0.000  0.000 0.0000000000
17955  0.000  0.000  0.000 0.0000000000
17956  0.000  0.000  0.000 0.0000000000
17972  0.000  0.000  0.000 0.0000000000
17973  0.000  0.000  0.000 0.0000000000
17974  0.000  0.000  0.000 0.0000000000
17975  0.000  0.000  0.000 0.0000000000
17989  0.000  0.000  0.000 0.0000000000
17990  0.000  0.000  0.000 0.0000000000
17991  0.000  0.000  0.000 0.0000000000
17992  0.000  0.000  0.000 0.0000000000
17993  0.000  0.000  0.000 0.0000000000
17994  0.000  0.000  0.000 0.0000000000
18005  0.000  0.000  0.000 0.0000000000
18006  0.000  0.000  0.000 0.0000000000
18007  0.000  0.000  0.000 0.0000000000
18008  0.000  0.000  0.000 0.0000000000
18009  0.000  0.000  0.000 0.0000000000
18010  0.000  0.000  0.000 0.0000000000
18011  0.000  0.000  0.000 0.0000000000
18022  0.000  0.000  0.000 0.0000000000
18023  0.000  0.000  0.000 0.0000000000
18024  0.000  0.000  0.000 0.0000000000
18025  0.000  0.000  0.000 0.0000000000
18026  0.000  0.000  0.000 0.0000000000
18027  0.000  0.000  0.000 0.0000000000
18039  0.000  0.000  0.000 0.0000000000
18040  0.000  0.000  0.000 0.0000000000
18041  0.000  0.000  0.000 0.0000000000
18042  0.000  0.000  0.000 0.0000000000
18641  0.000  0.000  0.000 0.0000000000
18646  0.000  0.000  0.000 0.0000000000
18653  0.000  0.000  0.000 0.0000000000
18659  0.000  0.000  0.000 0.0000000000
18665  0.000  0.000  0.000 0.0000000000
18666  0.000  0.000  0.000 0.0000000000
18674  0.000  0.000  0.000 0.0000000000
18675  0.000  0.000  0.000 0.0000000000
18685  0.000  0.000  0.000 0.0000000000
18697  0.000  0.000  0.000 0.0000000000
18698  0.000  0.000  0.000 0.0000000000
18699  0.000  0.000  0.000 0.0000000000
18700  0.000  0.000  0.000 0.0000000000
18712  0.000  0.000  0.000 0.0000000000
18713  0.000  0.000  0.000 0.0000000000
18714  0.000  0.000  0.000 0.0000000000
18715  0.000  0.000  0.000 0.0000000000
18727  0.000  0.000  0.000 0.0000000000
18728  0.000  0.000  0.000 0.0000000000
18729  0.000  0.000  0.000 0.0000000000
18730  0.000  0.000  0.000 0.0000000000
18731  0.000  0.000  0.000 0.0000000000
18732  0.000  0.000  0.000 0.0000000000
18745  0.000  0.000  0.000 0.0000000000
18746  0.000  0.000  0.000 0.0000000000
18747  0.000  0.000  0.000 0.0000000000
18748  0.000  0.000  0.000 0.0000000000
18749  0.000  0.000  0.000 0.0000000000
18750  0.000  0.000  0.000 0.0000000000
18751  0.000  0.000  0.000 0.0000000000
18763  0.000  0.000  0.000 0.0000000000
18764  0.000  0.000  0.000 0.0000000000
18765  0.000  0.000  0.000 0.0000000000
18766  0.000  0.000  0.000 0.0000000000
18767  0.000  0.000  0.000 0.0000000000
18779  0.000  0.000  0.000 0.0000000000
18780  0.000  0.000  0.000 0.0000000000
19430  0.000  0.000  0.000 0.0000000000
19437  0.000  0.000  0.000 0.0000000000
19446  0.000  0.000  0.000 0.0000000000
19447  0.000  0.000  0.000 0.0000000000
19453  0.000  0.000  0.000 0.0000000000
19454  0.000  0.000  0.000 0.0000000000
19461  0.000  0.000  0.000 0.0000000000
19462  0.000  0.000  0.000 0.0000000000
19469  0.000  0.000  0.000 0.0000000000
19476  0.000  0.000  0.000 0.0000000000
19477  0.000  0.000  0.000 0.0000000000
19478  0.000  0.000  0.000 0.0000000000
19489  0.000  0.000  0.000 0.0000000000
19490  0.000  0.000  0.000 0.0000000000
19491  0.000  0.000  0.000 0.0000000000
19492  0.000  0.000  0.000 0.0000000000
19493  0.000  0.000  0.000 0.0000000000
19505  0.000  0.000  0.000 0.0000000000
19506  0.000  0.000  0.000 0.0000000000
19507  0.000  0.000  0.000 0.0000000000
19508  0.000  0.000  0.000 0.0000000000
19509  0.000  0.000  0.000 0.0000000000
19510  0.000  0.000  0.000 0.0000000000
19511  0.000  0.000  0.000 0.0000000000
19512  0.000  0.000  0.000 0.0000000000
19522  0.000  0.000  0.000 0.0000000000
19523  0.000  0.000  0.000 0.0000000000
19524  0.000  0.000  0.000 0.0000000000
19525  0.000  0.000  0.000 0.0000000000
19526  0.000  0.000  0.000 0.0000000000
19527  0.000  0.000  0.000 0.0000000000
19528  0.000  0.000  0.000 0.0000000000
19529  0.000  0.000  0.000 0.0000000000
19542  0.000  0.000  0.000 0.0000000000
19543  0.000  0.000  0.000 0.0000000000
19544  0.000  0.000  0.000 0.0000000000
19545  0.000  0.000  0.000 0.0000000000
19546  0.000  0.000  0.000 0.0000000000
19547  0.000  0.000  0.000 0.0000000000
19548  0.000  0.000  0.000 0.0000000000
20232  0.000  0.000  0.000 0.0000000000
20233  0.000  0.000  0.000 0.0000000000
20241  0.000  0.000  0.000 0.0000000000
20242  0.000  0.000  0.000 0.0000000000
20249  0.000  0.000  0.000 0.0000000000
20250  0.000  0.000  0.000 0.0000000000
20258  0.000  0.000  0.000 0.0000000000
20259  0.000  0.000  0.000 0.0000000000
20266  0.000  0.000  0.000 0.0000000000
20267  0.000  0.000  0.000 0.0000000000
20273  0.000  0.000  0.000 0.0000000000
20280  0.000  0.000  0.000 0.0000000000
20281  0.000  0.000  0.000 0.0000000000
20282  0.000  0.000  0.000 0.0000000000
20289  0.000  0.000  0.000 0.0000000000
20290  0.000  0.000  0.000 0.0000000000
20291  0.000  0.000  0.000 0.0000000000
20292  0.000  0.000  0.000 0.0000000000
20293  0.000  0.000  0.000 0.0000000000
20294  0.000  0.000  0.000 0.0000000000
20295  0.000  0.000  0.000 0.0000000000
20304  0.000  0.000  0.000 0.0000000000
20305  0.000  0.000  0.000 0.0000000000
20306  0.000  0.000  0.000 0.0000000000
20307  0.000  0.000  0.000 0.0000000000
20308  0.000  0.000  0.000 0.0000000000
20309  0.000  0.000  0.000 0.0000000000
20310  0.000  0.000  0.000 0.0000000000
20311  0.000  0.000  0.000 0.0000000000
20319  0.000  0.000  0.000 0.0000000000
20320  0.000  0.000  0.000 0.0000000000
20321  0.000  0.000  0.000 0.0000000000
20322  0.000  0.000  0.000 0.0000000000
20323  0.000  0.000  0.000 0.0000000000
20324  0.000  0.000  0.000 0.0000000000
20325  0.000  0.000  0.000 0.0000000000
20326  0.000  0.000  0.000 0.0000000000
20336  0.000  0.000  0.000 0.0000000000
20337  0.000  0.000  0.000 0.0000000000
20338  0.000  0.000  0.000 0.0000000000
20339  0.000  0.000  0.000 0.0000000000
20340  0.000  0.000  0.000 0.0000000000
20341  0.000  0.000  0.000 0.0000000000
20342  0.000  0.000  0.000 0.0000000000
20343  0.000  0.000  0.000 0.0000000000
20352  0.000  0.000  0.000 0.0000000000
20353  0.000  0.000  0.000 0.0000000000
20354  0.000  0.000  0.000 0.0000000000
20355  0.000  0.000  0.000 0.0000000000
20356  0.000  0.000  0.000 0.0000000000
20357  0.000  0.000  0.000 0.0000000000
20358  0.000  0.000  0.000 0.0000000000
20359  0.000  0.000  0.000 0.0000000000
20360  0.000  0.000  0.000 0.0000000000
20361  0.000  0.000  0.000 0.0000000000
20368  0.000  0.000  0.000 0.0000000000
20369  0.000  0.000  0.000 0.0000000000
20370  0.000  0.000  0.000 0.0000000000
20371  0.000  0.000  0.000 0.0000000000
20372  0.000  0.000  0.000 0.0000000000
20373  0.000  0.000  0.000 0.0000000000
20374  0.000  0.000  0.000 0.0000000000
20375  0.000  0.000  0.000 0.0000000000
20385  0.000  0.000  0.000 0.0000000000
20386  0.000  0.000  0.000 0.0000000000
20387  0.000  0.000  0.000 0.0000000000
20388  0.000  0.000  0.000 0.0000000000
20389  0.000  0.000  0.000 0.0000000000
20390  0.000  0.000  0.000 0.0000000000
20391  0.000  0.000  0.000 0.0000000000
20403  0.000  0.000  0.000 0.0000000000
20404  0.000  0.000  0.000 0.0000000000
20405  0.000  0.000  0.000 0.0000000000
20406  0.000  0.000  0.000 0.0000000000
20407  0.000  0.000  0.000 0.0000000000
21068  0.000  0.000  0.000 0.0000000000
21069  0.000  0.000  0.000 0.0000000000
21076  0.000  0.000  0.000 0.0000000000
21077  0.000  0.000  0.000 0.0000000000
21085  0.000  0.000  0.000 0.0000000000
21086  0.000  0.000  0.000 0.0000000000
21094  0.000  0.000  0.000 0.0000000000
21095  0.000  0.000  0.000 0.0000000000
21102  0.000  0.000  0.000 0.0000000000
21103  0.000  0.000  0.000 0.0000000000
21110  0.000  0.000  0.000 0.0000000000
21111  0.000  0.000  0.000 0.0000000000
21118  0.000  0.000  0.000 0.0000000000
21119  0.000  0.000  0.000 0.0000000000
21120  0.000  0.000  0.000 0.0000000000
21127  0.000  0.000  0.000 0.0000000000
21128  0.000  0.000  0.000 0.0000000000
21135  0.000  0.000  0.000 0.0000000000
21136  0.000  0.000  0.000 0.0000000000
21137  0.000  0.000  0.000 0.0000000000
21144  0.000  0.000  0.000 0.0000000000
21145  0.000  0.000  0.000 0.0000000000
21146  0.000  0.000  0.000 0.0000000000
21147  0.000  0.000  0.000 0.0000000000
21154  0.000  0.000  0.000 0.0000000000
21155  0.000  0.000  0.000 0.0000000000
21156  0.000  0.000  0.000 0.0000000000
21157  0.000  0.000  0.000 0.0000000000
21163  0.000  0.000  0.000 0.0000000000
21164  0.000  0.000  0.000 0.0000000000
21165  0.000  0.000  0.000 0.0000000000
21166  0.000  0.000  0.000 0.0000000000
21167  0.000  0.000  0.000 0.0000000000
21174  0.000  0.000  0.000 0.0000000000
21175  0.000  0.000  0.000 0.0000000000
21176  0.000  0.000  0.000 0.0000000000
21177  0.000  0.000  0.000 0.0000000000
21185  0.000  0.000  0.000 0.0000000000
21186  0.000  0.000  0.000 0.0000000000
21187  0.000  0.000  0.000 0.0000000000
21188  0.000  0.000  0.000 0.0000000000
21189  0.000  0.000  0.000 0.0000000000
21197  0.000  0.000  0.000 0.0000000000
21198  0.000  0.000  0.000 0.0000000000
21199  0.000  0.000  0.000 0.0000000000
21200  0.000  0.000  0.000 0.0000000000
21201  0.000  0.000  0.000 0.0000000000
21202  0.000  0.000  0.000 0.0000000000
21203  0.000  0.000  0.000 0.0000000000
21204  0.000  0.000  0.000 0.0000000000
21214  0.000  0.000  0.000 0.0000000000
21215  0.000  0.000  0.000 0.0000000000
21216  0.000  0.000  0.000 0.0000000000
21217  0.000  0.000  0.000 0.0000000000
21218  0.000  0.000  0.000 0.0000000000
21219  0.000  0.000  0.000 0.0000000000
21220  0.000  0.000  0.000 0.0000000000
21230  0.000  0.000  0.000 0.0000000000
21231  0.000  0.000  0.000 0.0000000000
21232  0.000  0.000  0.000 0.0000000000
21233  0.000  0.000  0.000 0.0000000000
21234  0.000  0.000  0.000 0.0000000000
21235  0.000  0.000  0.000 0.0000000000
21245  0.000  0.000  0.000 0.0000000000
21246  0.000  0.000  0.000 0.0000000000
21247  0.000  0.000  0.000 0.0000000000
21248  0.000  0.000  0.000 0.0000000000
21249  0.000  0.000  0.000 0.0000000000
21250  0.000  0.000  0.000 0.0000000000
21251  0.000  0.000  0.000 0.0000000000
21260  0.000  0.000  0.000 0.0000000000
21261  0.000  0.000  0.000 0.0000000000
21262  0.000  0.000  0.000 0.0000000000
21263  0.000  0.000  0.000 0.0000000000
21264  0.000  0.000  0.000 0.0000000000
21265  0.000  0.000  0.000 0.0000000000
21277  0.000  0.000  0.000 0.0000000000
21278  0.000  0.000  0.000 0.0000000000
21279  0.000  0.000  0.000 0.0000000000
21280  0.000  0.000  0.000 0.0000000000
21905  0.000  0.000  0.000 0.0000000000
21906  0.000  0.000  0.000 0.0000000000
21915  0.000  0.000  0.000 0.0000000000
21916  0.000  0.000  0.000 0.0000000000
21926  0.000  0.000  0.000 0.0000000000
21927  0.000  0.000  0.000 0.0000000000
21928  0.000  0.000  0.000 0.0000000000
21936  0.000  0.000  0.000 0.0000000000
21937  0.000  0.000  0.000 0.0000000000
21945  0.000  0.000  0.000 0.0000000000
21946  0.000  0.000  0.000 0.0000000000
21953  0.000  0.000  0.000 0.0000000000
21954  0.000  0.000  0.000 0.0000000000
21955  0.000  0.000  0.000 0.0000000000
21963  0.000  0.000  0.000 0.0000000000
21964  0.000  0.000  0.000 0.0000000000
21971  0.000  0.000  0.000 0.0000000000
21972  0.000  0.000  0.000 0.0000000000
21980  0.000  0.000  0.000 0.0000000000
21981  0.000  0.000  0.000 0.0000000000
21982  0.000  0.000  0.000 0.0000000000
21990  0.000  0.000  0.000 0.0000000000
21991  0.000  0.000  0.000 0.0000000000
21999  0.000  0.000  0.000 0.0000000000
22000  0.000  0.000  0.000 0.0000000000
22001  0.000  0.000  0.000 0.0000000000
22009  0.000  0.000  0.000 0.0000000000
22010  0.000  0.000  0.000 0.0000000000
22011  0.000  0.000  0.000 0.0000000000
22017  0.000  0.000  0.000 0.0000000000
22018  0.000  0.000  0.000 0.0000000000
22019  0.000  0.000  0.000 0.0000000000
22020  0.000  0.000  0.000 0.0000000000
22026  0.000  0.000  0.000 0.0000000000
22027  0.000  0.000  0.000 0.0000000000
22028  0.000  0.000  0.000 0.0000000000
22029  0.000  0.000  0.000 0.0000000000
22030  0.000  0.000  0.000 0.0000000000
22038  0.000  0.000  0.000 0.0000000000
22039  0.000  0.000  0.000 0.0000000000
22040  0.000  0.000  0.000 0.0000000000
22041  0.000  0.000  0.000 0.0000000000
22042  0.000  0.000  0.000 0.0000000000
22050  0.000  0.000  0.000 0.0000000000
22051  0.000  0.000  0.000 0.0000000000
22052  0.000  0.000  0.000 0.0000000000
22053  0.000  0.000  0.000 0.0000000000
22054  0.000  0.000  0.000 0.0000000000
22062  0.000  0.000  0.000 0.0000000000
22063  0.000  0.000  0.000 0.0000000000
22064  0.000  0.000  0.000 0.0000000000
22065  0.000  0.000  0.000 0.0000000000
22066  0.000  0.000  0.000 0.0000000000
22067  0.000  0.000  0.000 0.0000000000
22071  0.000  0.000  0.000 0.0000000000
22072  0.000  0.000  0.000 0.0000000000
22073  0.000  0.000  0.000 0.0000000000
22074  0.000  0.000  0.000 0.0000000000
22075  0.000  0.000  0.000 0.0000000000
22076  0.000  0.000  0.000 0.0000000000
22077  0.000  0.000  0.000 0.0000000000
22078  0.000  0.000  0.000 0.0000000000
22086  0.000  0.000  0.000 0.0000000000
22087  0.000  0.000  0.000 0.0000000000
22088  0.000  0.000  0.000 0.0000000000
22089  0.000  0.000  0.000 0.0000000000
22090  0.000  0.000  0.000 0.0000000000
22091  0.000  0.000  0.000 0.0000000000
22092  0.000  0.000  0.000 0.0000000000
22093  0.000  0.000  0.000 0.0000000000
22094  0.000  0.000  0.000 0.0000000000
22106  0.000  0.000  0.000 0.0000000000
22107  0.000  0.000  0.000 0.0000000000
22108  0.000  0.000  0.000 0.0000000000
22109  0.000  0.000  0.000 0.0000000000
22110  0.000  0.000  0.000 0.0000000000
22111  0.000  0.000  0.000 0.0000000000
22112  0.000  0.000  0.000 0.0000000000
22128  0.000  0.000  0.000 0.0000000000
22129  0.000  0.000  0.000 0.0000000000
22130  0.000  0.000  0.000 0.0000000000
22131  0.000  0.000  0.000 0.0000000000
22132  0.000  0.000  0.000 0.0000000000
22133  0.000  0.000  0.000 0.0000000000
22134  0.000  0.000  0.000 0.0000000000
22143  0.000  0.000  0.000 0.0000000000
22144  0.000  0.000  0.000 0.0000000000
22145  0.000  0.000  0.000 0.0000000000
22146  0.000  0.000  0.000 0.0000000000
22147  0.000  0.000  0.000 0.0000000000
22154  0.000  0.000  0.000 0.0000000000
22155  0.000  0.000  0.000 0.0000000000
22156  0.000  0.000  0.000 0.0000000000
22157  0.000  0.000  0.000 0.0000000000
22158  0.000  0.000  0.000 0.0000000000
22166  0.000  0.000  0.000 0.0000000000
22167  0.000  0.000  0.000 0.0000000000
22168  0.000  0.000  0.000 0.0000000000
22169  0.000  0.000  0.000 0.0000000000
22177  0.000  0.000  0.000 0.0000000000
22178  0.000  0.000  0.000 0.0000000000
22179  0.000  0.000  0.000 0.0000000000
22186  0.000  0.000  0.000 0.0000000000
22187  0.000  0.000  0.000 0.0000000000
22188  0.000  0.000  0.000 0.0000000000
22194  0.000  0.000  0.000 0.0000000000
22195  0.000  0.000  0.000 0.0000000000
22709  0.000  0.000  0.000 0.0000000000
22710  0.000  0.000  0.000 0.0000000000
22718  0.000  0.000  0.000 0.0000000000
22719  0.000  0.000  0.000 0.0000000000
22728  0.000  0.000  0.000 0.0000000000
22729  0.000  0.000  0.000 0.0000000000
22739  0.000  0.000  0.000 0.0000000000
22740  0.000  0.000  0.000 0.0000000000
22751  0.000  0.000  0.000 0.0000000000
22752  0.000  0.000  0.000 0.0000000000
22761  0.000  0.000  0.000 0.0000000000
22762  0.000  0.000  0.000 0.0000000000
22763  0.000  0.000  0.000 0.0000000000
22772  0.000  0.000  0.000 0.0000000000
22773  0.000  0.000  0.000 0.0000000000
22774  0.000  0.000  0.000 0.0000000000
22784  0.000  0.000  0.000 0.0000000000
22785  0.000  0.000  0.000 0.0000000000
22795  0.000  0.000  0.000 0.0000000000
22796  0.000  0.000  0.000 0.0000000000
22797  0.000  0.000  0.000 0.0000000000
22807  0.000  0.000  0.000 0.0000000000
22808  0.000  0.000  0.000 0.0000000000
22809  0.000  0.000  0.000 0.0000000000
22818  0.000  0.000  0.000 0.0000000000
22819  0.000  0.000  0.000 0.0000000000
22820  0.000  0.000  0.000 0.0000000000
22828  0.000  0.000  0.000 0.0000000000
22829  0.000  0.000  0.000 0.0000000000
22836  0.000  0.000  0.000 0.0000000000
22843  0.000  0.000  0.000 0.0000000000
22844  0.000  0.000  0.000 0.0000000000
22851  0.000  0.000  0.000 0.0000000000
22852  0.000  0.000  0.000 0.0000000000
22853  0.000  0.000  0.000 0.0000000000
22860  0.000  0.000  0.000 0.0000000000
22861  0.000  0.000  0.000 0.0000000000
22862  0.000  0.000  0.000 0.0000000000
22871  0.000  0.000  0.000 0.0000000000
22872  0.000  0.000  0.000 0.0000000000
22873  0.000  0.000  0.000 0.0000000000
22880  0.000  0.000  0.000 0.0000000000
22881  0.000  0.000  0.000 0.0000000000
22884  0.000  0.000  0.000 0.0000000000
22885  0.000  0.000  0.000 0.0000000000
22886  0.000  0.000  0.000 0.0000000000
22887  0.000  0.000  0.000 0.0000000000
22891  0.000  0.000  0.000 0.0000000000
22892  0.000  0.000  0.000 0.0000000000
22893  0.000  0.000  0.000 0.0000000000
22906  0.000  0.000  0.000 0.0000000000
22907  0.000  0.000  0.000 0.0000000000
22908  0.000  0.000  0.000 0.0000000000
22909  0.000  0.000  0.000 0.0000000000
22910  0.000  0.000  0.000 0.0000000000
22926  0.000  0.000  0.000 0.0000000000
22927  0.000  0.000  0.000 0.0000000000
22928  0.000  0.000  0.000 0.0000000000
22929  0.000  0.000  0.000 0.0000000000
22930  0.000  0.000  0.000 0.0000000000
22942  0.000  0.000  0.000 0.0000000000
22943  0.000  0.000  0.000 0.0000000000
22944  0.000  0.000  0.000 0.0000000000
22945  0.000  0.000  0.000 0.0000000000
22946  0.000  0.000  0.000 0.0000000000
22957  0.000  0.000  0.000 0.0000000000
22958  0.000  0.000  0.000 0.0000000000
22959  0.000  0.000  0.000 0.0000000000
22960  0.000  0.000  0.000 0.0000000000
22961  0.000  0.000  0.000 0.0000000000
22972  0.000  0.000  0.000 0.0000000000
22973  0.000  0.000  0.000 0.0000000000
22974  0.000  0.000  0.000 0.0000000000
22975  0.000  0.000  0.000 0.0000000000
22976  0.000  0.000  0.000 0.0000000000
22977  0.000  0.000  0.000 0.0000000000
22987  0.000  0.000  0.000 0.0000000000
22988  0.000  0.000  0.000 0.0000000000
22989  0.000  0.000  0.000 0.0000000000
22990  0.000  0.000  0.000 0.0000000000
22991  0.000  0.000  0.000 0.0000000000
22992  0.000  0.000  0.000 0.0000000000
22999  0.000  0.000  0.000 0.0000000000
23000  0.000  0.000  0.000 0.0000000000
23001  0.000  0.000  0.000 0.0000000000
23002  0.000  0.000  0.000 0.0000000000
23003  0.000  0.000  0.000 0.0000000000
23004  0.000  0.000  0.000 0.0000000000
23005  0.000  0.000  0.000 0.0000000000
23010  0.000  0.000  0.000 0.0000000000
23011  0.000  0.000  0.000 0.0000000000
23012  0.000  0.000  0.000 0.0000000000
23013  0.000  0.000  0.000 0.0000000000
23014  0.000  0.000  0.000 0.0000000000
23015  0.000  0.000  0.000 0.0000000000
23020  0.000  0.000  0.000 0.0000000000
23021  0.000  0.000  0.000 0.0000000000
23022  0.000  0.000  0.000 0.0000000000
23023  0.000  0.000  0.000 0.0000000000
23024  0.000  0.000  0.000 0.0000000000
23028  0.000  0.000  0.000 0.0000000000
23029  0.000  0.000  0.000 0.0000000000
23030  0.000  0.000  0.000 0.0000000000
23037  0.000  0.000  0.000 0.0000000000
23038  0.000  0.000  0.000 0.0000000000
23042  0.000  0.000  0.000 0.0000000000
23043  0.000  0.000  0.000 0.0000000000
23509  0.000  0.000  0.000 0.0000000000
23512  0.000  0.000  0.000 0.0000000000
23513  0.000  0.000  0.000 0.0000000000
23516  0.000  0.000  0.000 0.0000000000
23517  0.000  0.000  0.000 0.0000000000
23518  0.000  0.000  0.000 0.0000000000
23520  0.000  0.000  0.000 0.0000000000
23521  0.000  0.000  0.000 0.0000000000
23522  0.000  0.000  0.000 0.0000000000
23528  0.000  0.000  0.000 0.0000000000
23529  0.000  0.000  0.000 0.0000000000
23536  0.000  0.000  0.000 0.0000000000
23537  0.000  0.000  0.000 0.0000000000
23543  0.000  0.000  0.000 0.0000000000
23544  0.000  0.000  0.000 0.0000000000
23545  0.000  0.000  0.000 0.0000000000
23551  0.000  0.000  0.000 0.0000000000
23552  0.000  0.000  0.000 0.0000000000
23558  0.000  0.000  0.000 0.0000000000
23559  0.000  0.000  0.000 0.0000000000
23567  0.000  0.000  0.000 0.0000000000
23568  0.000  0.000  0.000 0.0000000000
23579  0.000  0.000  0.000 0.0000000000
23580  0.000  0.000  0.000 0.0000000000
23591  0.000  0.000  0.000 0.0000000000
23592  0.000  0.000  0.000 0.0000000000
23599  0.000  0.000  0.000 0.0000000000
23600  0.000  0.000  0.000 0.0000000000
23608  0.000  0.000  0.000 0.0000000000
23615  0.000  0.000  0.000 0.0000000000
23616  0.000  0.000  0.000 0.0000000000
23623  0.000  0.000  0.000 0.0000000000
23624  0.000  0.000  0.000 0.0000000000
23631  0.000  0.000  0.000 0.0000000000
23632  0.000  0.000  0.000 0.0000000000
23633  0.000  0.000  0.000 0.0000000000
23642  0.000  0.000  0.000 0.0000000000
23650  0.000  0.000  0.000 0.0000000000
23651  0.000  0.000  0.000 0.0000000000
23652  0.000  0.000  0.000 0.0000000000
23654  0.000  0.000  0.000 0.0000000000
23655  0.000  0.000  0.000 0.0000000000
23658  0.000  0.000  0.000 0.0000000000
23659  0.000  0.000  0.000 0.0000000000
23669  0.000  0.000  0.000 0.0000000000
23670  0.000  0.000  0.000 0.0000000000
23685  0.000  0.000  0.000 0.0000000000
23686  0.000  0.000  0.000 0.0000000000
23702  0.000  0.000  0.000 0.0000000000
23703  0.000  0.000  0.000 0.0000000000
23717  0.000  0.000  0.000 0.0000000000
23718  0.000  0.000  0.000 0.0000000000
23727  0.000  0.000  0.000 0.0000000000
23728  0.000  0.000  0.000 0.0000000000
23735  0.000  0.000  0.000 0.0000000000
23736  0.000  0.000  0.000 0.0000000000
23737  0.000  0.000  0.000 0.0000000000
23738  0.000  0.000  0.000 0.0000000000
23744  0.000  0.000  0.000 0.0000000000
23745  0.000  0.000  0.000 0.0000000000
23746  0.000  0.000  0.000 0.0000000000
23747  0.000  0.000  0.000 0.0000000000
23748  0.000  0.000  0.000 0.0000000000
23749  0.000  0.000  0.000 0.0000000000
23750  0.000  0.000  0.000 0.0000000000
23755  0.000  0.000  0.000 0.0000000000
23756  0.000  0.000  0.000 0.0000000000
23757  0.000  0.000  0.000 0.0000000000
23758  0.000  0.000  0.000 0.0000000000
23759  0.000  0.000  0.000 0.0000000000
23760  0.000  0.000  0.000 0.0000000000
23761  0.000  0.000  0.000 0.0000000000
23762  0.000  0.000  0.000 0.0000000000
23767  0.000  0.000  0.000 0.0000000000
23768  0.000  0.000  0.000 0.0000000000
23769  0.000  0.000  0.000 0.0000000000
23770  0.000  0.000  0.000 0.0000000000
23771  0.000  0.000  0.000 0.0000000000
23772  0.000  0.000  0.000 0.0000000000
23773  0.000  0.000  0.000 0.0000000000
23778  0.000  0.000  0.000 0.0000000000
23779  0.000  0.000  0.000 0.0000000000
23780  0.000  0.000  0.000 0.0000000000
23781  0.000  0.000  0.000 0.0000000000
23782  0.000  0.000  0.000 0.0000000000
23783  0.000  0.000  0.000 0.0000000000
23784  0.000  0.000  0.000 0.0000000000
23788  0.000  0.000  0.000 0.0000000000
23789  0.000  0.000  0.000 0.0000000000
23790  0.000  0.000  0.000 0.0000000000
23791  0.000  0.000  0.000 0.0000000000
23792  0.000  0.000  0.000 0.0000000000
23793  0.000  0.000  0.000 0.0000000000
23794  0.000  0.000  0.000 0.0000000000
23797  0.000  0.000  0.000 0.0000000000
23798  0.000  0.000  0.000 0.0000000000
23799  0.000  0.000  0.000 0.0000000000
23800  0.000  0.000  0.000 0.0000000000
23801  0.000  0.000  0.000 0.0000000000
23802  0.000  0.000  0.000 0.0000000000
23806  0.000  0.000  0.000 0.0000000000
23807  0.000  0.000  0.000 0.0000000000
23808  0.000  0.000  0.000 0.0000000000
23809  0.000  0.000  0.000 0.0000000000
23810  0.000  0.000  0.000 0.0000000000
23811  0.000  0.000  0.000 0.0000000000
23815  0.000  0.000  0.000 0.0000000000
23816  0.000  0.000  0.000 0.0000000000
23817  0.000  0.000  0.000 0.0000000000
23818  0.000  0.000  0.000 0.0000000000
24285  0.000  0.000  0.000 0.0000000000
24289  0.000  0.000  0.000 0.0000000000
24293  0.000  0.000  0.000 0.0000000000
24294  0.000  0.000  0.000 0.0000000000
24297  0.000  0.000  0.000 0.0000000000
24298  0.000  0.000  0.000 0.0000000000
24299  0.000  0.000  0.000 0.0000000000
24302  0.000  0.000  0.000 0.0000000000
24303  0.000  0.000  0.000 0.0000000000
24304  0.000  0.000  0.000 0.0000000000
24307  0.000  0.000  0.000 0.0000000000
24308  0.000  0.000  0.000 0.0000000000
24309  0.000  0.000  0.000 0.0000000000
24312  0.000  0.000  0.000 0.0000000000
24313  0.000  0.000  0.000 0.0000000000
24314  0.000  0.000  0.000 0.0000000000
24317  0.000  0.000  0.000 0.0000000000
24318  0.000  0.000  0.000 0.0000000000
24319  0.000  0.000  0.000 0.0000000000
24321  0.000  0.000  0.000 0.0000000000
24322  0.000  0.000  0.000 0.0000000000
24324  0.000  0.000  0.000 0.0000000000
24325  0.000  0.000  0.000 0.0000000000
24330  0.000  0.000  0.000 0.0000000000
24331  0.000  0.000  0.000 0.0000000000
24341  0.000  0.000  0.000 0.0000000000
24342  0.000  0.000  0.000 0.0000000000
24354  0.000  0.000  0.000 0.0000000000
24355  0.000  0.000  0.000 0.0000000000
24365  0.000  0.000  0.000 0.0000000000
24366  0.000  0.000  0.000 0.0000000000
24374  0.000  0.000  0.000 0.0000000000
24375  0.000  0.000  0.000 0.0000000000
24376  0.000  0.000  0.000 0.0000000000
24384  0.000  0.000  0.000 0.0000000000
24385  0.000  0.000  0.000 0.0000000000
24394  0.000  0.000  0.000 0.0000000000
24395  0.000  0.000  0.000 0.0000000000
24396  0.000  0.000  0.000 0.0000000000
24405  0.000  0.000  0.000 0.0000000000
24414  0.000  0.000  0.000 0.0000000000
24415  0.000  0.000  0.000 0.0000000000
24416  0.000  0.000  0.000 0.0000000000
24423  0.000  0.000  0.000 0.0000000000
24424  0.000  0.000  0.000 0.0000000000
24427  0.000  0.000  0.000 0.0000000000
24428  0.000  0.000  0.000 0.0000000000
24430  0.000  0.000  0.000 0.0000000000
24431  0.000  0.000  0.000 0.0000000000
24439  0.000  0.000  0.000 0.0000000000
24440  0.000  0.000  0.000 0.0000000000
24454  0.000  0.000  0.000 0.0000000000
24455  0.000  0.000  0.000 0.0000000000
24476  0.000  0.000  0.000 0.0000000000
24488  0.000  0.000  0.000 0.0000000000
24489  0.000  0.000  0.000 0.0000000000
24497  0.000  0.000  0.000 0.0000000000
24505  0.000  0.000  0.000 0.0000000000
24506  0.000  0.000  0.000 0.0000000000
24507  0.000  0.000  0.000 0.0000000000
24508  0.000  0.000  0.000 0.0000000000
24513  0.000  0.000  0.000 0.0000000000
24514  0.000  0.000  0.000 0.0000000000
24515  0.000  0.000  0.000 0.0000000000
24519  0.000  0.000  0.000 0.0000000000
24520  0.000  0.000  0.000 0.0000000000
24521  0.000  0.000  0.000 0.0000000000
24522  0.000  0.000  0.000 0.0000000000
24526  0.000  0.000  0.000 0.0000000000
24527  0.000  0.000  0.000 0.0000000000
24528  0.000  0.000  0.000 0.0000000000
24529  0.000  0.000  0.000 0.0000000000
24534  0.000  0.000  0.000 0.0000000000
24535  0.000  0.000  0.000 0.0000000000
24536  0.000  0.000  0.000 0.0000000000
24537  0.000  0.000  0.000 0.0000000000
24538  0.000  0.000  0.000 0.0000000000
24543  0.000  0.000  0.000 0.0000000000
24544  0.000  0.000  0.000 0.0000000000
24545  0.000  0.000  0.000 0.0000000000
24546  0.000  0.000  0.000 0.0000000000
24551  0.000  0.000  0.000 0.0000000000
24552  0.000  0.000  0.000 0.0000000000
24553  0.000  0.000  0.000 0.0000000000
24554  0.000  0.000  0.000 0.0000000000
24555  0.000  0.000  0.000 0.0000000000
24558  0.000  0.000  0.000 0.0000000000
24559  0.000  0.000  0.000 0.0000000000
24560  0.000  0.000  0.000 0.0000000000
24561  0.000  0.000  0.000 0.0000000000
24562  0.000  0.000  0.000 0.0000000000
24563  0.000  0.000  0.000 0.0000000000
24564  0.000  0.000  0.000 0.0000000000
24568  0.000  0.000  0.000 0.0000000000
24569  0.000  0.000  0.000 0.0000000000
24570  0.000  0.000  0.000 0.0000000000
24571  0.000  0.000  0.000 0.0000000000
25079  0.000  0.000  0.000 0.0000000000
25086  0.000  0.000  0.000 0.0000000000
25087  0.000  0.000  0.000 0.0000000000
25093  0.000  0.000  0.000 0.0000000000
25094  0.000  0.000  0.000 0.0000000000
25100  0.000  0.000  0.000 0.0000000000
25101  0.000  0.000  0.000 0.0000000000
25106  0.000  0.000  0.000 0.0000000000
25107  0.000  0.000  0.000 0.0000000000
25108  0.000  0.000  0.000 0.0000000000
25111  0.000  0.000  0.000 0.0000000000
25112  0.000  0.000  0.000 0.0000000000
25116  0.000  0.000  0.000 0.0000000000
25117  0.000  0.000  0.000 0.0000000000
25118  0.000  0.000  0.000 0.0000000000
25121  0.000  0.000  0.000 0.0000000000
25122  0.000  0.000  0.000 0.0000000000
25125  0.000  0.000  0.000 0.0000000000
25126  0.000  0.000  0.000 0.0000000000
25127  0.000  0.000  0.000 0.0000000000
25129  0.000  0.000  0.000 0.0000000000
25130  0.000  0.000  0.000 0.0000000000
25131  0.000  0.000  0.000 0.0000000000
25133  0.000  0.000  0.000 0.0000000000
25134  0.000  0.000  0.000 0.0000000000
25143  0.000  0.000  0.000 0.0000000000
25153  0.000  0.000  0.000 0.0000000000
25154  0.000  0.000  0.000 0.0000000000
25162  0.000  0.000  0.000 0.0000000000
25163  0.000  0.000  0.000 0.0000000000
25170  0.000  0.000  0.000 0.0000000000
25171  0.000  0.000  0.000 0.0000000000
25177  0.000  0.000  0.000 0.0000000000
25178  0.000  0.000  0.000 0.0000000000
25179  0.000  0.000  0.000 0.0000000000
25186  0.000  0.000  0.000 0.0000000000
25187  0.000  0.000  0.000 0.0000000000
25195  0.000  0.000  0.000 0.0000000000
25196  0.000  0.000  0.000 0.0000000000
25197  0.000  0.000  0.000 0.0000000000
25206  0.000  0.000  0.000 0.0000000000
25207  0.000  0.000  0.000 0.0000000000
25215  0.000  0.000  0.000 0.0000000000
25216  0.000  0.000  0.000 0.0000000000
25218  0.000  0.000  0.000 0.0000000000
25221  0.000  0.000  0.000 0.0000000000
25222  0.000  0.000  0.000 0.0000000000
25224  0.000  0.000  0.000 0.0000000000
25225  0.000  0.000  0.000 0.0000000000
25243  0.000  0.000  0.000 0.0000000000
25244  0.000  0.000  0.000 0.0000000000
25265  0.000  0.000  0.000 0.0000000000
25266  0.000  0.000  0.000 0.0000000000
25276  0.000  0.000  0.000 0.0000000000
25284  0.000  0.000  0.000 0.0000000000
25285  0.000  0.000  0.000 0.0000000000
25292  0.000  0.000  0.000 0.0000000000
25293  0.000  0.000  0.000 0.0000000000
25294  0.000  0.000  0.000 0.0000000000
25300  0.000  0.000  0.000 0.0000000000
25301  0.000  0.000  0.000 0.0000000000
25302  0.000  0.000  0.000 0.0000000000
25303  0.000  0.000  0.000 0.0000000000
25304  0.000  0.000  0.000 0.0000000000
25309  0.000  0.000  0.000 0.0000000000
25310  0.000  0.000  0.000 0.0000000000
25311  0.000  0.000  0.000 0.0000000000
25314  0.000  0.000  0.000 0.0000000000
25315  0.000  0.000  0.000 0.0000000000
25316  0.000  0.000  0.000 0.0000000000
25317  0.000  0.000  0.000 0.0000000000
25318  0.000  0.000  0.000 0.0000000000
25321  0.000  0.000  0.000 0.0000000000
25322  0.000  0.000  0.000 0.0000000000
25323  0.000  0.000  0.000 0.0000000000
25324  0.000  0.000  0.000 0.0000000000
25325  0.000  0.000  0.000 0.0000000000
25330  0.000  0.000  0.000 0.0000000000
25331  0.000  0.000  0.000 0.0000000000
25332  0.000  0.000  0.000 0.0000000000
25333  0.000  0.000  0.000 0.0000000000
25334  0.000  0.000  0.000 0.0000000000
25339  0.000  0.000  0.000 0.0000000000
25340  0.000  0.000  0.000 0.0000000000
25341  0.000  0.000  0.000 0.0000000000
25342  0.000  0.000  0.000 0.0000000000
25343  0.000  0.000  0.000 0.0000000000
25344  0.000  0.000  0.000 0.0000000000
25345  0.000  0.000  0.000 0.0000000000
25348  0.000  0.000  0.000 0.0000000000
25349  0.000  0.000  0.000 0.0000000000
25350  0.000  0.000  0.000 0.0000000000
25351  0.000  0.000  0.000 0.0000000000
25352  0.000  0.000  0.000 0.0000000000
25353  0.000  0.000  0.000 0.0000000000
25354  0.000  0.000  0.000 0.0000000000
25355  0.000  0.000  0.000 0.0000000000
25359  0.000  0.000  0.000 0.0000000000
25360  0.000  0.000  0.000 0.0000000000
25361  0.000  0.000  0.000 0.0000000000
25362  0.000  0.000  0.000 0.0000000000
25363  0.000  0.000  0.000 0.0000000000
25364  0.000  0.000  0.000 0.0000000000
25847  0.000  0.000  0.000 0.0000000000
25848  0.000  0.000  0.000 0.0000000000
25855  0.000  0.000  0.000 0.0000000000
25856  0.000  0.000  0.000 0.0000000000
25863  0.000  0.000  0.000 0.0000000000
25864  0.000  0.000  0.000 0.0000000000
25873  0.000  0.000  0.000 0.0000000000
25874  0.000  0.000  0.000 0.0000000000
25875  0.000  0.000  0.000 0.0000000000
25883  0.000  0.000  0.000 0.0000000000
25884  0.000  0.000  0.000 0.0000000000
25885  0.000  0.000  0.000 0.0000000000
25893  0.000  0.000  0.000 0.0000000000
25894  0.000  0.000  0.000 0.0000000000
25895  0.000  0.000  0.000 0.0000000000
25902  0.000  0.000  0.000 0.0000000000
25903  0.000  0.000  0.000 0.0000000000
25904  0.000  0.000  0.000 0.0000000000
25910  0.000  0.000  0.000 0.0000000000
25911  0.000  0.000  0.000 0.0000000000
25912  0.000  0.000  0.000 0.0000000000
25916  0.000  0.000  0.000 0.0000000000
25917  0.000  0.000  0.000 0.0000000000
25920  0.000  0.000  0.000 0.0000000000
25921  0.000  0.000  0.000 0.0000000000
25924  0.000  0.000  0.000 0.0000000000
25925  0.000  0.000  0.000 0.0000000000
25933  0.000  0.000  0.000 0.0000000000
25934  0.000  0.000  0.000 0.0000000000
25935  0.000  0.000  0.000 0.0000000000
25945  0.000  0.000  0.000 0.0000000000
25946  0.000  0.000  0.000 0.0000000000
25947  0.000  0.000  0.000 0.0000000000
25957  0.000  0.000  0.000 0.0000000000
25958  0.000  0.000  0.000 0.0000000000
25959  0.000  0.000  0.000 0.0000000000
25960  0.000  0.000  0.000 0.0000000000
25968  0.000  0.000  0.000 0.0000000000
25969  0.000  0.000  0.000 0.0000000000
25970  0.000  0.000  0.000 0.0000000000
25977  0.000  0.000  0.000 0.0000000000
25978  0.000  0.000  0.000 0.0000000000
25979  0.000  0.000  0.000 0.0000000000
25987  0.000  0.000  0.000 0.0000000000
25988  0.000  0.000  0.000 0.0000000000
25989  0.000  0.000  0.000 0.0000000000
25997  0.000  0.000  0.000 0.0000000000
25998  0.000  0.000  0.000 0.0000000000
26008  0.000  0.000  0.000 0.0000000000
26009  0.000  0.000  0.000 0.0000000000
26015  0.000  0.000  0.000 0.0000000000
26018  0.000  0.000  0.000 0.0000000000
26019  0.000  0.000  0.000 0.0000000000
26021  0.000  0.000  0.000 0.0000000000
26023  0.000  0.000  0.000 0.0000000000
26024  0.000  0.000  0.000 0.0000000000
26042  0.000  0.000  0.000 0.0000000000
26043  0.000  0.000  0.000 0.0000000000
26060  0.000  0.000  0.000 0.0000000000
26061  0.000  0.000  0.000 0.0000000000
26071  0.000  0.000  0.000 0.0000000000
26072  0.000  0.000  0.000 0.0000000000
26081  0.000  0.000  0.000 0.0000000000
26082  0.000  0.000  0.000 0.0000000000
26088  0.000  0.000  0.000 0.0000000000
26089  0.000  0.000  0.000 0.0000000000
26096  0.000  0.000  0.000 0.0000000000
26097  0.000  0.000  0.000 0.0000000000
26098  0.000  0.000  0.000 0.0000000000
26099  0.000  0.000  0.000 0.0000000000
26104  0.000  0.000  0.000 0.0000000000
26105  0.000  0.000  0.000 0.0000000000
26106  0.000  0.000  0.000 0.0000000000
26111  0.000  0.000  0.000 0.0000000000
26112  0.000  0.000  0.000 0.0000000000
26113  0.000  0.000  0.000 0.0000000000
26114  0.000  0.000  0.000 0.0000000000
26117  0.000  0.000  0.000 0.0000000000
26118  0.000  0.000  0.000 0.0000000000
26119  0.000  0.000  0.000 0.0000000000
26120  0.000  0.000  0.000 0.0000000000
26121  0.000  0.000  0.000 0.0000000000
26126  0.000  0.000  0.000 0.0000000000
26127  0.000  0.000  0.000 0.0000000000
26128  0.000  0.000  0.000 0.0000000000
26129  0.000  0.000  0.000 0.0000000000
26130  0.000  0.000  0.000 0.0000000000
26134  0.000  0.000  0.000 0.0000000000
26135  0.000  0.000  0.000 0.0000000000
26136  0.000  0.000  0.000 0.0000000000
26137  0.000  0.000  0.000 0.0000000000
26138  0.000  0.000  0.000 0.0000000000
26139  0.000  0.000  0.000 0.0000000000
26142  0.000  0.000  0.000 0.0000000000
26143  0.000  0.000  0.000 0.0000000000
26144  0.000  0.000  0.000 0.0000000000
26145  0.000  0.000  0.000 0.0000000000
26146  0.000  0.000  0.000 0.0000000000
26147  0.000  0.000  0.000 0.0000000000
26148  0.000  0.000  0.000 0.0000000000
26149  0.000  0.000  0.000 0.0000000000
26153  0.000  0.000  0.000 0.0000000000
26154  0.000  0.000  0.000 0.0000000000
26155  0.000  0.000  0.000 0.0000000000
26156  0.000  0.000  0.000 0.0000000000
26157  0.000  0.000  0.000 0.0000000000
26158  0.000  0.000  0.000 0.0000000000
26624  0.000  0.000  0.000 0.0000000000
26625  0.000  0.000  0.000 0.0000000000
26631  0.000  0.000  0.000 0.0000000000
26632  0.000  0.000  0.000 0.0000000000
26637  0.000  0.000  0.000 0.0000000000
26638  0.000  0.000  0.000 0.0000000000
26644  0.000  0.000  0.000 0.0000000000
26645  0.000  0.000  0.000 0.0000000000
26646  0.000  0.000  0.000 0.0000000000
26652  0.000  0.000  0.000 0.0000000000
26653  0.000  0.000  0.000 0.0000000000
26654  0.000  0.000  0.000 0.0000000000
26660  0.000  0.000  0.000 0.0000000000
26661  0.000  0.000  0.000 0.0000000000
26662  0.000  0.000  0.000 0.0000000000
26670  0.000  0.000  0.000 0.0000000000
26671  0.000  0.000  0.000 0.0000000000
26672  0.000  0.000  0.000 0.0000000000
26683  0.000  0.000  0.000 0.0000000000
26684  0.000  0.000  0.000 0.0000000000
26740  0.000  0.000  0.000 0.0000000000
26750  0.000  0.000  0.000 0.0000000000
26751  0.000  0.000  0.000 0.0000000000
26761  0.000  0.000  0.000 0.0000000000
26762  0.000  0.000  0.000 0.0000000000
26770  0.000  0.000  0.000 0.0000000000
26771  0.000  0.000  0.000 0.0000000000
26779  0.000  0.000  0.000 0.0000000000
26780  0.000  0.000  0.000 0.0000000000
26790  0.000  0.000  0.000 0.0000000000
26791  0.000  0.000  0.000 0.0000000000
26798  0.000  0.000  0.000 0.0000000000
26799  0.000  0.000  0.000 0.0000000000
26801  0.000  0.000  0.000 0.0000000000
26802  0.000  0.000  0.000 0.0000000000
26804  0.000  0.000  0.000 0.0000000000
26805  0.000  0.000  0.000 0.0000000000
26813  0.000  0.000  0.000 0.0000000000
26814  0.000  0.000  0.000 0.0000000000
26831  0.000  0.000  0.000 0.0000000000
26832  0.000  0.000  0.000 0.0000000000
26850  0.000  0.000  0.000 0.0000000000
26861  0.000  0.000  0.000 0.0000000000
26862  0.000  0.000  0.000 0.0000000000
26871  0.000  0.000  0.000 0.0000000000
26877  0.000  0.000  0.000 0.0000000000
26878  0.000  0.000  0.000 0.0000000000
26885  0.000  0.000  0.000 0.0000000000
26886  0.000  0.000  0.000 0.0000000000
26887  0.000  0.000  0.000 0.0000000000
26893  0.000  0.000  0.000 0.0000000000
26894  0.000  0.000  0.000 0.0000000000
26895  0.000  0.000  0.000 0.0000000000
26896  0.000  0.000  0.000 0.0000000000
26897  0.000  0.000  0.000 0.0000000000
26901  0.000  0.000  0.000 0.0000000000
26902  0.000  0.000  0.000 0.0000000000
26903  0.000  0.000  0.000 0.0000000000
26904  0.000  0.000  0.000 0.0000000000
26908  0.000  0.000  0.000 0.0000000000
26909  0.000  0.000  0.000 0.0000000000
26910  0.000  0.000  0.000 0.0000000000
26911  0.000  0.000  0.000 0.0000000000
26916  0.000  0.000  0.000 0.0000000000
26917  0.000  0.000  0.000 0.0000000000
26918  0.000  0.000  0.000 0.0000000000
26919  0.000  0.000  0.000 0.0000000000
26920  0.000  0.000  0.000 0.0000000000
26921  0.000  0.000  0.000 0.0000000000
26925  0.000  0.000  0.000 0.0000000000
26926  0.000  0.000  0.000 0.0000000000
26927  0.000  0.000  0.000 0.0000000000
26928  0.000  0.000  0.000 0.0000000000
26929  0.000  0.000  0.000 0.0000000000
26930  0.000  0.000  0.000 0.0000000000
26933  0.000  0.000  0.000 0.0000000000
26934  0.000  0.000  0.000 0.0000000000
26935  0.000  0.000  0.000 0.0000000000
26936  0.000  0.000  0.000 0.0000000000
26937  0.000  0.000  0.000 0.0000000000
26938  0.000  0.000  0.000 0.0000000000
26939  0.000  0.000  0.000 0.0000000000
26940  0.000  0.000  0.000 0.0000000000
26941  0.000  0.000  0.000 0.0000000000
26945  0.000  0.000  0.000 0.0000000000
26946  0.000  0.000  0.000 0.0000000000
26947  0.000  0.000  0.000 0.0000000000
26948  0.000  0.000  0.000 0.0000000000
26949  0.000  0.000  0.000 0.0000000000
26950  0.000  0.000  0.000 0.0000000000
27422  0.000  0.000  0.000 0.0000000000
27426  0.000  0.000  0.000 0.0000000000
27427  0.000  0.000  0.000 0.0000000000
27428  0.000  0.000  0.000 0.0000000000
27433  0.000  0.000  0.000 0.0000000000
27434  0.000  0.000  0.000 0.0000000000
27435  0.000  0.000  0.000 0.0000000000
27442  0.000  0.000  0.000 0.0000000000
27443  0.000  0.000  0.000 0.0000000000
27444  0.000  0.000  0.000 0.0000000000
27453  0.000  0.000  0.000 0.0000000000
27454  0.000  0.000  0.000 0.0000000000
27455  0.000  0.000  0.000 0.0000000000
27540  0.000  0.000  0.000 0.0000000000
27551  0.000  0.000  0.000 0.0000000000
27552  0.000  0.000  0.000 0.0000000000
27561  0.000  0.000  0.000 0.0000000000
27562  0.000  0.000  0.000 0.0000000000
27572  0.000  0.000  0.000 0.0000000000
27573  0.000  0.000  0.000 0.0000000000
27581  0.000  0.000  0.000 0.0000000000
27582  0.000  0.000  0.000 0.0000000000
27588  0.000  0.000  0.000 0.0000000000
27589  0.000  0.000  0.000 0.0000000000
27591  0.000  0.000  0.000 0.0000000000
27593  0.000  0.000  0.000 0.0000000000
27594  0.000  0.000  0.000 0.0000000000
27597  0.000  0.000  0.000 0.0000000000
27610  0.000  0.000  0.000 0.0000000000
27626  0.000  0.000  0.000 0.0000000000
27627  0.000  0.000  0.000 0.0000000000
27639  0.000  0.000  0.000 0.0000000000
27648  0.000  0.000  0.000 0.0000000000
27656  0.000  0.000  0.000 0.0000000000
27657  0.000  0.000  0.000 0.0000000000
27664  0.000  0.000  0.000 0.0000000000
27672  0.000  0.000  0.000 0.0000000000
27673  0.000  0.000  0.000 0.0000000000
27674  0.000  0.000  0.000 0.0000000000
27675  0.000  0.000  0.000 0.0000000000
27676  0.000  0.000  0.000 0.0000000000
27680  0.000  0.000  0.000 0.0000000000
27681  0.000  0.000  0.000 0.0000000000
27682  0.000  0.000  0.000 0.0000000000
27683  0.000  0.000  0.000 0.0000000000
27684  0.000  0.000  0.000 0.0000000000
27688  0.000  0.000  0.000 0.0000000000
27689  0.000  0.000  0.000 0.0000000000
27690  0.000  0.000  0.000 0.0000000000
27691  0.000  0.000  0.000 0.0000000000
27692  0.000  0.000  0.000 0.0000000000
27697  0.000  0.000  0.000 0.0000000000
27698  0.000  0.000  0.000 0.0000000000
27699  0.000  0.000  0.000 0.0000000000
27700  0.000  0.000  0.000 0.0000000000
27701  0.000  0.000  0.000 0.0000000000
27705  0.000  0.000  0.000 0.0000000000
27706  0.000  0.000  0.000 0.0000000000
27707  0.000  0.000  0.000 0.0000000000
27708  0.000  0.000  0.000 0.0000000000
27709  0.000  0.000  0.000 0.0000000000
27710  0.000  0.000  0.000 0.0000000000
27713  0.000  0.000  0.000 0.0000000000
27714  0.000  0.000  0.000 0.0000000000
27715  0.000  0.000  0.000 0.0000000000
27716  0.000  0.000  0.000 0.0000000000
27717  0.000  0.000  0.000 0.0000000000
27718  0.000  0.000  0.000 0.0000000000
27719  0.000  0.000  0.000 0.0000000000
27720  0.000  0.000  0.000 0.0000000000
27724  0.000  0.000  0.000 0.0000000000
27725  0.000  0.000  0.000 0.0000000000
27726  0.000  0.000  0.000 0.0000000000
27727  0.000  0.000  0.000 0.0000000000
27728  0.000  0.000  0.000 0.0000000000
27729  0.000  0.000  0.000 0.0000000000
28173  0.000  0.000  0.000 0.0000000000
28177  0.000  0.000  0.000 0.0000000000
28178  0.000  0.000  0.000 0.0000000000
28179  0.000  0.000  0.000 0.0000000000
28188  0.000  0.000  0.000 0.0000000000
28328  0.000  0.000  0.000 0.0000000000
28340  0.000  0.000  0.000 0.0000000000
28341  0.000  0.000  0.000 0.0000000000
28349  0.000  0.000  0.000 0.0000000000
28350  0.000  0.000  0.000 0.0000000000
28356  0.000  0.000  0.000 0.0000000000
28357  0.000  0.000  0.000 0.0000000000
28360  0.000  0.000  0.000 0.0000000000
28361  0.000  0.000  0.000 0.0000000000
28364  0.000  0.000  0.000 0.0000000000
28365  0.000  0.000  0.000 0.0000000000
28367  0.000  0.000  0.000 0.0000000000
28368  0.000  0.000  0.000 0.0000000000
28379  0.000  0.000  0.000 0.0000000000
28380  0.000  0.000  0.000 0.0000000000
28394  0.000  0.000  0.000 0.0000000000
28407  0.000  0.000  0.000 0.0000000000
28408  0.000  0.000  0.000 0.0000000000
28418  0.000  0.000  0.000 0.0000000000
28419  0.000  0.000  0.000 0.0000000000
28428  0.000  0.000  0.000 0.0000000000
28431  0.000  0.000  0.000 0.0000000000
28432  0.000  0.000  0.000 0.0000000000
28437  0.000  0.000  0.000 0.0000000000
28438  0.000  0.000  0.000 0.0000000000
28439  0.000  0.000  0.000 0.0000000000
28440  0.000  0.000  0.000 0.0000000000
28446  0.000  0.000  0.000 0.0000000000
28447  0.000  0.000  0.000 0.0000000000
28448  0.000  0.000  0.000 0.0000000000
28449  0.000  0.000  0.000 0.0000000000
28453  0.000  0.000  0.000 0.0000000000
28454  0.000  0.000  0.000 0.0000000000
28455  0.000  0.000  0.000 0.0000000000
28456  0.000  0.000  0.000 0.0000000000
28460  0.000  0.000  0.000 0.0000000000
28461  0.000  0.000  0.000 0.0000000000
28462  0.000  0.000  0.000 0.0000000000
28463  0.000  0.000  0.000 0.0000000000
28464  0.000  0.000  0.000 0.0000000000
28469  0.000  0.000  0.000 0.0000000000
28470  0.000  0.000  0.000 0.0000000000
28471  0.000  0.000  0.000 0.0000000000
28472  0.000  0.000  0.000 0.0000000000
28473  0.000  0.000  0.000 0.0000000000
28474  0.000  0.000  0.000 0.0000000000
28477  0.000  0.000  0.000 0.0000000000
28478  0.000  0.000  0.000 0.0000000000
28479  0.000  0.000  0.000 0.0000000000
28480  0.000  0.000  0.000 0.0000000000
28481  0.000  0.000  0.000 0.0000000000
28482  0.000  0.000  0.000 0.0000000000
28485  0.000  0.000  0.000 0.0000000000
28486  0.000  0.000  0.000 0.0000000000
28487  0.000  0.000  0.000 0.0000000000
28488  0.000  0.000  0.000 0.0000000000
28489  0.000  0.000  0.000 0.0000000000
28490  0.000  0.000  0.000 0.0000000000
28491  0.000  0.000  0.000 0.0000000000
28492  0.000  0.000  0.000 0.0000000000
28496  0.000  0.000  0.000 0.0000000000
28497  0.000  0.000  0.000 0.0000000000
28498  0.000  0.000  0.000 0.0000000000
28499  0.000  0.000  0.000 0.0000000000
28500  0.000  0.000  0.000 0.0000000000
29122  0.000  0.000  0.000 0.0000000000
29130  0.000  0.000  0.000 0.0000000000
29131  0.000  0.000  0.000 0.0000000000
29133  0.000  0.000  0.000 0.0000000000
29134  0.000  0.000  0.000 0.0000000000
29135  0.000  0.000  0.000 0.0000000000
29137  0.000  0.000  0.000 0.0000000000
29138  0.000  0.000  0.000 0.0000000000
29142  0.000  0.000  0.000 0.0000000000
29143  0.000  0.000  0.000 0.0000000000
29150  0.000  0.000  0.000 0.0000000000
29151  0.000  0.000  0.000 0.0000000000
29162  0.000  0.000  0.000 0.0000000000
29163  0.000  0.000  0.000 0.0000000000
29176  0.000  0.000  0.000 0.0000000000
29189  0.000  0.000  0.000 0.0000000000
29190  0.000  0.000  0.000 0.0000000000
29191  0.000  0.000  0.000 0.0000000000
29192  0.000  0.000  0.000 0.0000000000
29202  0.000  0.000  0.000 0.0000000000
29203  0.000  0.000  0.000 0.0000000000
29204  0.000  0.000  0.000 0.0000000000
29205  0.000  0.000  0.000 0.0000000000
29206  0.000  0.000  0.000 0.0000000000
29212  0.000  0.000  0.000 0.0000000000
29213  0.000  0.000  0.000 0.0000000000
29214  0.000  0.000  0.000 0.0000000000
29215  0.000  0.000  0.000 0.0000000000
29216  0.000  0.000  0.000 0.0000000000
29221  0.000  0.000  0.000 0.0000000000
29222  0.000  0.000  0.000 0.0000000000
29223  0.000  0.000  0.000 0.0000000000
29224  0.000  0.000  0.000 0.0000000000
29228  0.000  0.000  0.000 0.0000000000
29229  0.000  0.000  0.000 0.0000000000
29230  0.000  0.000  0.000 0.0000000000
29231  0.000  0.000  0.000 0.0000000000
29236  0.000  0.000  0.000 0.0000000000
29237  0.000  0.000  0.000 0.0000000000
29238  0.000  0.000  0.000 0.0000000000
29239  0.000  0.000  0.000 0.0000000000
29244  0.000  0.000  0.000 0.0000000000
29245  0.000  0.000  0.000 0.0000000000
29246  0.000  0.000  0.000 0.0000000000
29247  0.000  0.000  0.000 0.0000000000
29248  0.000  0.000  0.000 0.0000000000
29249  0.000  0.000  0.000 0.0000000000
29254  0.000  0.000  0.000 0.0000000000
29255  0.000  0.000  0.000 0.0000000000
29256  0.000  0.000  0.000 0.0000000000
29257  0.000  0.000  0.000 0.0000000000
29258  0.000  0.000  0.000 0.0000000000
29259  0.000  0.000  0.000 0.0000000000
29260  0.000  0.000  0.000 0.0000000000
29265  0.000  0.000  0.000 0.0000000000
29266  0.000  0.000  0.000 0.0000000000
29267  0.000  0.000  0.000 0.0000000000
29268  0.000  0.000  0.000 0.0000000000
29269  0.000  0.000  0.000 0.0000000000
29270  0.000  0.000  0.000 0.0000000000
29271  0.000  0.000  0.000 0.0000000000
29272  0.000  0.000  0.000 0.0000000000
29275  0.000  0.000  0.000 0.0000000000
29276  0.000  0.000  0.000 0.0000000000
29277  0.000  0.000  0.000 0.0000000000
29278  0.000  0.000  0.000 0.0000000000
29899  0.000  0.000  0.000 0.0000000000
29900  0.000  0.000  0.000 0.0000000000
29903  0.000  0.000  0.000 0.0000000000
29906  0.000  0.000  0.000 0.0000000000
29909  0.000  0.000  0.000 0.0000000000
29913  0.000  0.000  0.000 0.0000000000
29917  0.000  0.000  0.000 0.0000000000
29920  0.000  0.000  0.000 0.0000000000
29930  0.000  0.000  0.000 0.0000000000
29932  0.000  0.000  0.000 0.0000000000
29933  0.000  0.000  0.000 0.0000000000
29934  0.000  0.000  0.000 0.0000000000
29935  0.000  0.000  0.000 0.0000000000
29936  0.000  0.000  0.000 0.0000000000
29937  0.000  0.000  0.000 0.0000000000
29943  0.000  0.000  0.000 0.0000000000
29944  0.000  0.000  0.000 0.0000000000
29945  0.000  0.000  0.000 0.0000000000
29946  0.000  0.000  0.000 0.0000000000
29947  0.000  0.000  0.000 0.0000000000
29948  0.000  0.000  0.000 0.0000000000
29949  0.000  0.000  0.000 0.0000000000
29955  0.000  0.000  0.000 0.0000000000
29956  0.000  0.000  0.000 0.0000000000
29957  0.000  0.000  0.000 0.0000000000
29958  0.000  0.000  0.000 0.0000000000
29959  0.000  0.000  0.000 0.0000000000
29963  0.000  0.000  0.000 0.0000000000
29964  0.000  0.000  0.000 0.0000000000
29965  0.000  0.000  0.000 0.0000000000
29966  0.000  0.000  0.000 0.0000000000
29967  0.000  0.000  0.000 0.0000000000
29970  0.000  0.000  0.000 0.0000000000
29971  0.000  0.000  0.000 0.0000000000
29972  0.000  0.000  0.000 0.0000000000
29973  0.000  0.000  0.000 0.0000000000
29978  0.000  0.000  0.000 0.0000000000
29979  0.000  0.000  0.000 0.0000000000
29980  0.000  0.000  0.000 0.0000000000
29981  0.000  0.000  0.000 0.0000000000
29987  0.000  0.000  0.000 0.0000000000
29988  0.000  0.000  0.000 0.0000000000
29989  0.000  0.000  0.000 0.0000000000
29990  0.000  0.000  0.000 0.0000000000
29991  0.000  0.000  0.000 0.0000000000
29996  0.000  0.000  0.000 0.0000000000
29997  0.000  0.000  0.000 0.0000000000
29998  0.000  0.000  0.000 0.0000000000
29999  0.000  0.000  0.000 0.0000000000
30000  0.000  0.000  0.000 0.0000000000
30001  0.000  0.000  0.000 0.0000000000
30002  0.000  0.000  0.000 0.0000000000
30003  0.000  0.000  0.000 0.0000000000
30006  0.000  0.000  0.000 0.0000000000
30007  0.000  0.000  0.000 0.0000000000
30008  0.000  0.000  0.000 0.0000000000
30009  0.000  0.000  0.000 0.0000000000
30010  0.000  0.000  0.000 0.0000000000
30011  0.000  0.000  0.000 0.0000000000
30012  0.000  0.000  0.000 0.0000000000
30013  0.000  0.000  0.000 0.0000000000
30016  0.000  0.000  0.000 0.0000000000
30017  0.000  0.000  0.000 0.0000000000
30756  0.000  0.000  0.000 0.0000000000
30757  0.000  0.000  0.000 0.0000000000
30758  0.000  0.000  0.000 0.0000000000
30759  0.000  0.000  0.000 0.0000000000
30760  0.000  0.000  0.000 0.0000000000
30764  0.000  0.000  0.000 0.0000000000
30765  0.000  0.000  0.000 0.0000000000
30766  0.000  0.000  0.000 0.0000000000
30767  0.000  0.000  0.000 0.0000000000
30768  0.000  0.000  0.000 0.0000000000
30769  0.000  0.000  0.000 0.0000000000
30770  0.000  0.000  0.000 0.0000000000
30777  0.000  0.000  0.000 0.0000000000
30778  0.000  0.000  0.000 0.0000000000
30779  0.000  0.000  0.000 0.0000000000
30780  0.000  0.000  0.000 0.0000000000
30781  0.000  0.000  0.000 0.0000000000
30782  0.000  0.000  0.000 0.0000000000
30783  0.000  0.000  0.000 0.0000000000
30790  0.000  0.000  0.000 0.0000000000
30791  0.000  0.000  0.000 0.0000000000
30792  0.000  0.000  0.000 0.0000000000
30793  0.000  0.000  0.000 0.0000000000
30794  0.000  0.000  0.000 0.0000000000
30800  0.000  0.000  0.000 0.0000000000
30801  0.000  0.000  0.000 0.0000000000
30802  0.000  0.000  0.000 0.0000000000
30803  0.000  0.000  0.000 0.0000000000
30804  0.000  0.000  0.000 0.0000000000
30810  0.000  0.000  0.000 0.0000000000
30811  0.000  0.000  0.000 0.0000000000
30812  0.000  0.000  0.000 0.0000000000
30818  0.000  0.000  0.000 0.0000000000
30819  0.000  0.000  0.000 0.0000000000
30820  0.000  0.000  0.000 0.0000000000
30825  0.000  0.000  0.000 0.0000000000
30826  0.000  0.000  0.000 0.0000000000
30827  0.000  0.000  0.000 0.0000000000
30831  0.000  0.000  0.000 0.0000000000
30832  0.000  0.000  0.000 0.0000000000
30833  0.000  0.000  0.000 0.0000000000
30834  0.000  0.000  0.000 0.0000000000
30835  0.000  0.000  0.000 0.0000000000
30836  0.000  0.000  0.000 0.0000000000
30837  0.000  0.000  0.000 0.0000000000
30838  0.000  0.000  0.000 0.0000000000
30842  0.000  0.000  0.000 0.0000000000
30843  0.000  0.000  0.000 0.0000000000
30844  0.000  0.000  0.000 0.0000000000
30845  0.000  0.000  0.000 0.0000000000
30846  0.000  0.000  0.000 0.0000000000
30847  0.000  0.000  0.000 0.0000000000
30851  0.000  0.000  0.000 0.0000000000
30852  0.000  0.000  0.000 0.0000000000
30853  0.000  0.000  0.000 0.0000000000
30854  0.000  0.000  0.000 0.0000000000
31586  0.000  0.000  0.000 0.0000000000
31587  0.000  0.000  0.000 0.0000000000
31588  0.000  0.000  0.000 0.0000000000
31595  0.000  0.000  0.000 0.0000000000
31596  0.000  0.000  0.000 0.0000000000
31597  0.000  0.000  0.000 0.0000000000
31598  0.000  0.000  0.000 0.0000000000
31599  0.000  0.000  0.000 0.0000000000
31600  0.000  0.000  0.000 0.0000000000
31608  0.000  0.000  0.000 0.0000000000
31609  0.000  0.000  0.000 0.0000000000
31621  0.000  0.000  0.000 0.0000000000
31622  0.000  0.000  0.000 0.0000000000
31623  0.000  0.000  0.000 0.0000000000
31630  0.000  0.000  0.000 0.0000000000
31631  0.000  0.000  0.000 0.0000000000
31638  0.000  0.000  0.000 0.0000000000
31639  0.000  0.000  0.000 0.0000000000
31640  0.000  0.000  0.000 0.0000000000
31648  0.000  0.000  0.000 0.0000000000
31649  0.000  0.000  0.000 0.0000000000
31650  0.000  0.000  0.000 0.0000000000
31656  0.000  0.000  0.000 0.0000000000
31657  0.000  0.000  0.000 0.0000000000
31658  0.000  0.000  0.000 0.0000000000
31659  0.000  0.000  0.000 0.0000000000
31660  0.000  0.000  0.000 0.0000000000
31665  0.000  0.000  0.000 0.0000000000
31666  0.000  0.000  0.000 0.0000000000
31667  0.000  0.000  0.000 0.0000000000
31668  0.000  0.000  0.000 0.0000000000
31669  0.000  0.000  0.000 0.0000000000
31670  0.000  0.000  0.000 0.0000000000
31675  0.000  0.000  0.000 0.0000000000
31676  0.000  0.000  0.000 0.0000000000
31677  0.000  0.000  0.000 0.0000000000
31678  0.000  0.000  0.000 0.0000000000
31679  0.000  0.000  0.000 0.0000000000
31680  0.000  0.000  0.000 0.0000000000
32875  0.000  0.000  0.000 0.0000000000
32876  0.000  0.000  0.000 0.0000000000
32877  0.000  0.000  0.000 0.0000000000
32878  0.000  0.000  0.000 0.0000000000
32887  0.000  0.000  0.000 0.0000000000
32888  0.000  0.000  0.000 0.0000000000
32889  0.000  0.000  0.000 0.0000000000
32890  0.000  0.000  0.000 0.0000000000
32891  0.000  0.000  0.000 0.0000000000
