#!ascii label  , from subject Woofsurfer vox2ras=TkReg coords=white
1569
82994  0.000  0.000  0.000 0.0000000000
83004  0.000  0.000  0.000 0.0000000000
83005  0.000  0.000  0.000 0.0000000000
83006  0.000  0.000  0.000 0.0000000000
83007  0.000  0.000  0.000 0.0000000000
83014  0.000  0.000  0.000 0.0000000000
83015  0.000  0.000  0.000 0.0000000000
83016  0.000  0.000  0.000 0.0000000000
83017  0.000  0.000  0.000 0.0000000000
83632  0.000  0.000  0.000 0.0000000000
83633  0.000  0.000  0.000 0.0000000000
83640  0.000  0.000  0.000 0.0000000000
83641  0.000  0.000  0.000 0.0000000000
83642  0.000  0.000  0.000 0.0000000000
83648  0.000  0.000  0.000 0.0000000000
83649  0.000  0.000  0.000 0.0000000000
83650  0.000  0.000  0.000 0.0000000000
83651  0.000  0.000  0.000 0.0000000000
83652  0.000  0.000  0.000 0.0000000000
83653  0.000  0.000  0.000 0.0000000000
83654  0.000  0.000  0.000 0.0000000000
83655  0.000  0.000  0.000 0.0000000000
83662  0.000  0.000  0.000 0.0000000000
83663  0.000  0.000  0.000 0.0000000000
83664  0.000  0.000  0.000 0.0000000000
84282  0.000  0.000  0.000 0.0000000000
84283  0.000  0.000  0.000 0.0000000000
84290  0.000  0.000  0.000 0.0000000000
84291  0.000  0.000  0.000 0.0000000000
84292  0.000  0.000  0.000 0.0000000000
84298  0.000  0.000  0.000 0.0000000000
84299  0.000  0.000  0.000 0.0000000000
84300  0.000  0.000  0.000 0.0000000000
84301  0.000  0.000  0.000 0.0000000000
84307  0.000  0.000  0.000 0.0000000000
84308  0.000  0.000  0.000 0.0000000000
84309  0.000  0.000  0.000 0.0000000000
84310  0.000  0.000  0.000 0.0000000000
84311  0.000  0.000  0.000 0.0000000000
84312  0.000  0.000  0.000 0.0000000000
84313  0.000  0.000  0.000 0.0000000000
84959  0.000  0.000  0.000 0.0000000000
84960  0.000  0.000  0.000 0.0000000000
84967  0.000  0.000  0.000 0.0000000000
84968  0.000  0.000  0.000 0.0000000000
84969  0.000  0.000  0.000 0.0000000000
84977  0.000  0.000  0.000 0.0000000000
84978  0.000  0.000  0.000 0.0000000000
84979  0.000  0.000  0.000 0.0000000000
84984  0.000  0.000  0.000 0.0000000000
84985  0.000  0.000  0.000 0.0000000000
84986  0.000  0.000  0.000 0.0000000000
84987  0.000  0.000  0.000 0.0000000000
84988  0.000  0.000  0.000 0.0000000000
84989  0.000  0.000  0.000 0.0000000000
84996  0.000  0.000  0.000 0.0000000000
84997  0.000  0.000  0.000 0.0000000000
85364  0.000  0.000  0.000 0.0000000000
85367  0.000  0.000  0.000 0.0000000000
85368  0.000  0.000  0.000 0.0000000000
85372  0.000  0.000  0.000 0.0000000000
85373  0.000  0.000  0.000 0.0000000000
85378  0.000  0.000  0.000 0.0000000000
85683  0.000  0.000  0.000 0.0000000000
85684  0.000  0.000  0.000 0.0000000000
85699  0.000  0.000  0.000 0.0000000000
85700  0.000  0.000  0.000 0.0000000000
85708  0.000  0.000  0.000 0.0000000000
85709  0.000  0.000  0.000 0.0000000000
85715  0.000  0.000  0.000 0.0000000000
85716  0.000  0.000  0.000 0.0000000000
85717  0.000  0.000  0.000 0.0000000000
85723  0.000  0.000  0.000 0.0000000000
85724  0.000  0.000  0.000 0.0000000000
85725  0.000  0.000  0.000 0.0000000000
85726  0.000  0.000  0.000 0.0000000000
85727  0.000  0.000  0.000 0.0000000000
85728  0.000  0.000  0.000 0.0000000000
85733  0.000  0.000  0.000 0.0000000000
85734  0.000  0.000  0.000 0.0000000000
85752  0.000  0.000  0.000 0.0000000000
85753  0.000  0.000  0.000 0.0000000000
86043  0.000  0.000  0.000 0.0000000000
86048  0.000  0.000  0.000 0.0000000000
86049  0.000  0.000  0.000 0.0000000000
86052  0.000  0.000  0.000 0.0000000000
86053  0.000  0.000  0.000 0.0000000000
86055  0.000  0.000  0.000 0.0000000000
86056  0.000  0.000  0.000 0.0000000000
86057  0.000  0.000  0.000 0.0000000000
86060  0.000  0.000  0.000 0.0000000000
86061  0.000  0.000  0.000 0.0000000000
86062  0.000  0.000  0.000 0.0000000000
86065  0.000  0.000  0.000 0.0000000000
86066  0.000  0.000  0.000 0.0000000000
86067  0.000  0.000  0.000 0.0000000000
86069  0.000  0.000  0.000 0.0000000000
86070  0.000  0.000  0.000 0.0000000000
86071  0.000  0.000  0.000 0.0000000000
86074  0.000  0.000  0.000 0.0000000000
86075  0.000  0.000  0.000 0.0000000000
86144  0.000  0.000  0.000 0.0000000000
86145  0.000  0.000  0.000 0.0000000000
86159  0.000  0.000  0.000 0.0000000000
86373  0.000  0.000  0.000 0.0000000000
86374  0.000  0.000  0.000 0.0000000000
86384  0.000  0.000  0.000 0.0000000000
86385  0.000  0.000  0.000 0.0000000000
86399  0.000  0.000  0.000 0.0000000000
86400  0.000  0.000  0.000 0.0000000000
86408  0.000  0.000  0.000 0.0000000000
86409  0.000  0.000  0.000 0.0000000000
86410  0.000  0.000  0.000 0.0000000000
86416  0.000  0.000  0.000 0.0000000000
86417  0.000  0.000  0.000 0.0000000000
86418  0.000  0.000  0.000 0.0000000000
86419  0.000  0.000  0.000 0.0000000000
86426  0.000  0.000  0.000 0.0000000000
86427  0.000  0.000  0.000 0.0000000000
86428  0.000  0.000  0.000 0.0000000000
86429  0.000  0.000  0.000 0.0000000000
86430  0.000  0.000  0.000 0.0000000000
86435  0.000  0.000  0.000 0.0000000000
86436  0.000  0.000  0.000 0.0000000000
86437  0.000  0.000  0.000 0.0000000000
86438  0.000  0.000  0.000 0.0000000000
86439  0.000  0.000  0.000 0.0000000000
86445  0.000  0.000  0.000 0.0000000000
86446  0.000  0.000  0.000 0.0000000000
86447  0.000  0.000  0.000 0.0000000000
86448  0.000  0.000  0.000 0.0000000000
86454  0.000  0.000  0.000 0.0000000000
86455  0.000  0.000  0.000 0.0000000000
86456  0.000  0.000  0.000 0.0000000000
86457  0.000  0.000  0.000 0.0000000000
86719  0.000  0.000  0.000 0.0000000000
86720  0.000  0.000  0.000 0.0000000000
86722  0.000  0.000  0.000 0.0000000000
86723  0.000  0.000  0.000 0.0000000000
86724  0.000  0.000  0.000 0.0000000000
86726  0.000  0.000  0.000 0.0000000000
86727  0.000  0.000  0.000 0.0000000000
86728  0.000  0.000  0.000 0.0000000000
86731  0.000  0.000  0.000 0.0000000000
86732  0.000  0.000  0.000 0.0000000000
86733  0.000  0.000  0.000 0.0000000000
86734  0.000  0.000  0.000 0.0000000000
86737  0.000  0.000  0.000 0.0000000000
86738  0.000  0.000  0.000 0.0000000000
86739  0.000  0.000  0.000 0.0000000000
86744  0.000  0.000  0.000 0.0000000000
86745  0.000  0.000  0.000 0.0000000000
86746  0.000  0.000  0.000 0.0000000000
86747  0.000  0.000  0.000 0.0000000000
86754  0.000  0.000  0.000 0.0000000000
86755  0.000  0.000  0.000 0.0000000000
86756  0.000  0.000  0.000 0.0000000000
86764  0.000  0.000  0.000 0.0000000000
86765  0.000  0.000  0.000 0.0000000000
86766  0.000  0.000  0.000 0.0000000000
86767  0.000  0.000  0.000 0.0000000000
86775  0.000  0.000  0.000 0.0000000000
86776  0.000  0.000  0.000 0.0000000000
86777  0.000  0.000  0.000 0.0000000000
86826  0.000  0.000  0.000 0.0000000000
86827  0.000  0.000  0.000 0.0000000000
86839  0.000  0.000  0.000 0.0000000000
86840  0.000  0.000  0.000 0.0000000000
86841  0.000  0.000  0.000 0.0000000000
86854  0.000  0.000  0.000 0.0000000000
86855  0.000  0.000  0.000 0.0000000000
87043  0.000  0.000  0.000 0.0000000000
87044  0.000  0.000  0.000 0.0000000000
87053  0.000  0.000  0.000 0.0000000000
87054  0.000  0.000  0.000 0.0000000000
87066  0.000  0.000  0.000 0.0000000000
87067  0.000  0.000  0.000 0.0000000000
87082  0.000  0.000  0.000 0.0000000000
87083  0.000  0.000  0.000 0.0000000000
87093  0.000  0.000  0.000 0.0000000000
87094  0.000  0.000  0.000 0.0000000000
87099  0.000  0.000  0.000 0.0000000000
87100  0.000  0.000  0.000 0.0000000000
87101  0.000  0.000  0.000 0.0000000000
87108  0.000  0.000  0.000 0.0000000000
87109  0.000  0.000  0.000 0.0000000000
87110  0.000  0.000  0.000 0.0000000000
87111  0.000  0.000  0.000 0.0000000000
87116  0.000  0.000  0.000 0.0000000000
87117  0.000  0.000  0.000 0.0000000000
87118  0.000  0.000  0.000 0.0000000000
87119  0.000  0.000  0.000 0.0000000000
87120  0.000  0.000  0.000 0.0000000000
87125  0.000  0.000  0.000 0.0000000000
87126  0.000  0.000  0.000 0.0000000000
87127  0.000  0.000  0.000 0.0000000000
87128  0.000  0.000  0.000 0.0000000000
87134  0.000  0.000  0.000 0.0000000000
87135  0.000  0.000  0.000 0.0000000000
87136  0.000  0.000  0.000 0.0000000000
87137  0.000  0.000  0.000 0.0000000000
87376  0.000  0.000  0.000 0.0000000000
87377  0.000  0.000  0.000 0.0000000000
87379  0.000  0.000  0.000 0.0000000000
87380  0.000  0.000  0.000 0.0000000000
87383  0.000  0.000  0.000 0.0000000000
87384  0.000  0.000  0.000 0.0000000000
87385  0.000  0.000  0.000 0.0000000000
87386  0.000  0.000  0.000 0.0000000000
87387  0.000  0.000  0.000 0.0000000000
87392  0.000  0.000  0.000 0.0000000000
87393  0.000  0.000  0.000 0.0000000000
87394  0.000  0.000  0.000 0.0000000000
87395  0.000  0.000  0.000 0.0000000000
87396  0.000  0.000  0.000 0.0000000000
87404  0.000  0.000  0.000 0.0000000000
87405  0.000  0.000  0.000 0.0000000000
87413  0.000  0.000  0.000 0.0000000000
87414  0.000  0.000  0.000 0.0000000000
87415  0.000  0.000  0.000 0.0000000000
87424  0.000  0.000  0.000 0.0000000000
87425  0.000  0.000  0.000 0.0000000000
87426  0.000  0.000  0.000 0.0000000000
87433  0.000  0.000  0.000 0.0000000000
87434  0.000  0.000  0.000 0.0000000000
87435  0.000  0.000  0.000 0.0000000000
87442  0.000  0.000  0.000 0.0000000000
87443  0.000  0.000  0.000 0.0000000000
87450  0.000  0.000  0.000 0.0000000000
87451  0.000  0.000  0.000 0.0000000000
87452  0.000  0.000  0.000 0.0000000000
87485  0.000  0.000  0.000 0.0000000000
87486  0.000  0.000  0.000 0.0000000000
87487  0.000  0.000  0.000 0.0000000000
87488  0.000  0.000  0.000 0.0000000000
87498  0.000  0.000  0.000 0.0000000000
87499  0.000  0.000  0.000 0.0000000000
87500  0.000  0.000  0.000 0.0000000000
87501  0.000  0.000  0.000 0.0000000000
87513  0.000  0.000  0.000 0.0000000000
87514  0.000  0.000  0.000 0.0000000000
87515  0.000  0.000  0.000 0.0000000000
87516  0.000  0.000  0.000 0.0000000000
87572  0.000  0.000  0.000 0.0000000000
87584  0.000  0.000  0.000 0.0000000000
87590  0.000  0.000  0.000 0.0000000000
87591  0.000  0.000  0.000 0.0000000000
87596  0.000  0.000  0.000 0.0000000000
87597  0.000  0.000  0.000 0.0000000000
87603  0.000  0.000  0.000 0.0000000000
87604  0.000  0.000  0.000 0.0000000000
87605  0.000  0.000  0.000 0.0000000000
87612  0.000  0.000  0.000 0.0000000000
87626  0.000  0.000  0.000 0.0000000000
87635  0.000  0.000  0.000 0.0000000000
87687  0.000  0.000  0.000 0.0000000000
87696  0.000  0.000  0.000 0.0000000000
87699  0.000  0.000  0.000 0.0000000000
87700  0.000  0.000  0.000 0.0000000000
87705  0.000  0.000  0.000 0.0000000000
87706  0.000  0.000  0.000 0.0000000000
87709  0.000  0.000  0.000 0.0000000000
87710  0.000  0.000  0.000 0.0000000000
87716  0.000  0.000  0.000 0.0000000000
87717  0.000  0.000  0.000 0.0000000000
87723  0.000  0.000  0.000 0.0000000000
87730  0.000  0.000  0.000 0.0000000000
87731  0.000  0.000  0.000 0.0000000000
87741  0.000  0.000  0.000 0.0000000000
87742  0.000  0.000  0.000 0.0000000000
87743  0.000  0.000  0.000 0.0000000000
87748  0.000  0.000  0.000 0.0000000000
87749  0.000  0.000  0.000 0.0000000000
87750  0.000  0.000  0.000 0.0000000000
87751  0.000  0.000  0.000 0.0000000000
87759  0.000  0.000  0.000 0.0000000000
87760  0.000  0.000  0.000 0.0000000000
87761  0.000  0.000  0.000 0.0000000000
87762  0.000  0.000  0.000 0.0000000000
87768  0.000  0.000  0.000 0.0000000000
87769  0.000  0.000  0.000 0.0000000000
87770  0.000  0.000  0.000 0.0000000000
87771  0.000  0.000  0.000 0.0000000000
87772  0.000  0.000  0.000 0.0000000000
87778  0.000  0.000  0.000 0.0000000000
87779  0.000  0.000  0.000 0.0000000000
87780  0.000  0.000  0.000 0.0000000000
87781  0.000  0.000  0.000 0.0000000000
87787  0.000  0.000  0.000 0.0000000000
87788  0.000  0.000  0.000 0.0000000000
87789  0.000  0.000  0.000 0.0000000000
87790  0.000  0.000  0.000 0.0000000000
88025  0.000  0.000  0.000 0.0000000000
88026  0.000  0.000  0.000 0.0000000000
88027  0.000  0.000  0.000 0.0000000000
88032  0.000  0.000  0.000 0.0000000000
88033  0.000  0.000  0.000 0.0000000000
88034  0.000  0.000  0.000 0.0000000000
88035  0.000  0.000  0.000 0.0000000000
88036  0.000  0.000  0.000 0.0000000000
88041  0.000  0.000  0.000 0.0000000000
88042  0.000  0.000  0.000 0.0000000000
88043  0.000  0.000  0.000 0.0000000000
88044  0.000  0.000  0.000 0.0000000000
88045  0.000  0.000  0.000 0.0000000000
88046  0.000  0.000  0.000 0.0000000000
88047  0.000  0.000  0.000 0.0000000000
88048  0.000  0.000  0.000 0.0000000000
88053  0.000  0.000  0.000 0.0000000000
88054  0.000  0.000  0.000 0.0000000000
88055  0.000  0.000  0.000 0.0000000000
88056  0.000  0.000  0.000 0.0000000000
88057  0.000  0.000  0.000 0.0000000000
88058  0.000  0.000  0.000 0.0000000000
88063  0.000  0.000  0.000 0.0000000000
88064  0.000  0.000  0.000 0.0000000000
88065  0.000  0.000  0.000 0.0000000000
88066  0.000  0.000  0.000 0.0000000000
88067  0.000  0.000  0.000 0.0000000000
88068  0.000  0.000  0.000 0.0000000000
88072  0.000  0.000  0.000 0.0000000000
88073  0.000  0.000  0.000 0.0000000000
88074  0.000  0.000  0.000 0.0000000000
88075  0.000  0.000  0.000 0.0000000000
88076  0.000  0.000  0.000 0.0000000000
88077  0.000  0.000  0.000 0.0000000000
88081  0.000  0.000  0.000 0.0000000000
88082  0.000  0.000  0.000 0.0000000000
88083  0.000  0.000  0.000 0.0000000000
88084  0.000  0.000  0.000 0.0000000000
88085  0.000  0.000  0.000 0.0000000000
88086  0.000  0.000  0.000 0.0000000000
88089  0.000  0.000  0.000 0.0000000000
88090  0.000  0.000  0.000 0.0000000000
88091  0.000  0.000  0.000 0.0000000000
88092  0.000  0.000  0.000 0.0000000000
88093  0.000  0.000  0.000 0.0000000000
88099  0.000  0.000  0.000 0.0000000000
88100  0.000  0.000  0.000 0.0000000000
88101  0.000  0.000  0.000 0.0000000000
88102  0.000  0.000  0.000 0.0000000000
88107  0.000  0.000  0.000 0.0000000000
88108  0.000  0.000  0.000 0.0000000000
88109  0.000  0.000  0.000 0.0000000000
88110  0.000  0.000  0.000 0.0000000000
88111  0.000  0.000  0.000 0.0000000000
88116  0.000  0.000  0.000 0.0000000000
88117  0.000  0.000  0.000 0.0000000000
88118  0.000  0.000  0.000 0.0000000000
88119  0.000  0.000  0.000 0.0000000000
88120  0.000  0.000  0.000 0.0000000000
88126  0.000  0.000  0.000 0.0000000000
88128  0.000  0.000  0.000 0.0000000000
88129  0.000  0.000  0.000 0.0000000000
88130  0.000  0.000  0.000 0.0000000000
88136  0.000  0.000  0.000 0.0000000000
88137  0.000  0.000  0.000 0.0000000000
88140  0.000  0.000  0.000 0.0000000000
88141  0.000  0.000  0.000 0.0000000000
88142  0.000  0.000  0.000 0.0000000000
88143  0.000  0.000  0.000 0.0000000000
88149  0.000  0.000  0.000 0.0000000000
88152  0.000  0.000  0.000 0.0000000000
88153  0.000  0.000  0.000 0.0000000000
88154  0.000  0.000  0.000 0.0000000000
88155  0.000  0.000  0.000 0.0000000000
88156  0.000  0.000  0.000 0.0000000000
88157  0.000  0.000  0.000 0.0000000000
88158  0.000  0.000  0.000 0.0000000000
88159  0.000  0.000  0.000 0.0000000000
88160  0.000  0.000  0.000 0.0000000000
88165  0.000  0.000  0.000 0.0000000000
88171  0.000  0.000  0.000 0.0000000000
88172  0.000  0.000  0.000 0.0000000000
88173  0.000  0.000  0.000 0.0000000000
88174  0.000  0.000  0.000 0.0000000000
88175  0.000  0.000  0.000 0.0000000000
88181  0.000  0.000  0.000 0.0000000000
88182  0.000  0.000  0.000 0.0000000000
88189  0.000  0.000  0.000 0.0000000000
88190  0.000  0.000  0.000 0.0000000000
88191  0.000  0.000  0.000 0.0000000000
88197  0.000  0.000  0.000 0.0000000000
88210  0.000  0.000  0.000 0.0000000000
88211  0.000  0.000  0.000 0.0000000000
88221  0.000  0.000  0.000 0.0000000000
88222  0.000  0.000  0.000 0.0000000000
88228  0.000  0.000  0.000 0.0000000000
88229  0.000  0.000  0.000 0.0000000000
88236  0.000  0.000  0.000 0.0000000000
88237  0.000  0.000  0.000 0.0000000000
88243  0.000  0.000  0.000 0.0000000000
88244  0.000  0.000  0.000 0.0000000000
88250  0.000  0.000  0.000 0.0000000000
88251  0.000  0.000  0.000 0.0000000000
88257  0.000  0.000  0.000 0.0000000000
88258  0.000  0.000  0.000 0.0000000000
88264  0.000  0.000  0.000 0.0000000000
88265  0.000  0.000  0.000 0.0000000000
88266  0.000  0.000  0.000 0.0000000000
88272  0.000  0.000  0.000 0.0000000000
88273  0.000  0.000  0.000 0.0000000000
88279  0.000  0.000  0.000 0.0000000000
88280  0.000  0.000  0.000 0.0000000000
88287  0.000  0.000  0.000 0.0000000000
88288  0.000  0.000  0.000 0.0000000000
88294  0.000  0.000  0.000 0.0000000000
88295  0.000  0.000  0.000 0.0000000000
88326  0.000  0.000  0.000 0.0000000000
88336  0.000  0.000  0.000 0.0000000000
88338  0.000  0.000  0.000 0.0000000000
88345  0.000  0.000  0.000 0.0000000000
88348  0.000  0.000  0.000 0.0000000000
88349  0.000  0.000  0.000 0.0000000000
88354  0.000  0.000  0.000 0.0000000000
88355  0.000  0.000  0.000 0.0000000000
88358  0.000  0.000  0.000 0.0000000000
88359  0.000  0.000  0.000 0.0000000000
88364  0.000  0.000  0.000 0.0000000000
88369  0.000  0.000  0.000 0.0000000000
88370  0.000  0.000  0.000 0.0000000000
88377  0.000  0.000  0.000 0.0000000000
88378  0.000  0.000  0.000 0.0000000000
88388  0.000  0.000  0.000 0.0000000000
88389  0.000  0.000  0.000 0.0000000000
88394  0.000  0.000  0.000 0.0000000000
88395  0.000  0.000  0.000 0.0000000000
88396  0.000  0.000  0.000 0.0000000000
88402  0.000  0.000  0.000 0.0000000000
88403  0.000  0.000  0.000 0.0000000000
88404  0.000  0.000  0.000 0.0000000000
88405  0.000  0.000  0.000 0.0000000000
88406  0.000  0.000  0.000 0.0000000000
88407  0.000  0.000  0.000 0.0000000000
88411  0.000  0.000  0.000 0.0000000000
88412  0.000  0.000  0.000 0.0000000000
88413  0.000  0.000  0.000 0.0000000000
88414  0.000  0.000  0.000 0.0000000000
88415  0.000  0.000  0.000 0.0000000000
88416  0.000  0.000  0.000 0.0000000000
88417  0.000  0.000  0.000 0.0000000000
88421  0.000  0.000  0.000 0.0000000000
88422  0.000  0.000  0.000 0.0000000000
88423  0.000  0.000  0.000 0.0000000000
88424  0.000  0.000  0.000 0.0000000000
88425  0.000  0.000  0.000 0.0000000000
88426  0.000  0.000  0.000 0.0000000000
88427  0.000  0.000  0.000 0.0000000000
88428  0.000  0.000  0.000 0.0000000000
88432  0.000  0.000  0.000 0.0000000000
88433  0.000  0.000  0.000 0.0000000000
88434  0.000  0.000  0.000 0.0000000000
88435  0.000  0.000  0.000 0.0000000000
88436  0.000  0.000  0.000 0.0000000000
88672  0.000  0.000  0.000 0.0000000000
88673  0.000  0.000  0.000 0.0000000000
88674  0.000  0.000  0.000 0.0000000000
88675  0.000  0.000  0.000 0.0000000000
88679  0.000  0.000  0.000 0.0000000000
88680  0.000  0.000  0.000 0.0000000000
88681  0.000  0.000  0.000 0.0000000000
88682  0.000  0.000  0.000 0.0000000000
88683  0.000  0.000  0.000 0.0000000000
88687  0.000  0.000  0.000 0.0000000000
88688  0.000  0.000  0.000 0.0000000000
88689  0.000  0.000  0.000 0.0000000000
88690  0.000  0.000  0.000 0.0000000000
88691  0.000  0.000  0.000 0.0000000000
88694  0.000  0.000  0.000 0.0000000000
88695  0.000  0.000  0.000 0.0000000000
88696  0.000  0.000  0.000 0.0000000000
88697  0.000  0.000  0.000 0.0000000000
88698  0.000  0.000  0.000 0.0000000000
88702  0.000  0.000  0.000 0.0000000000
88703  0.000  0.000  0.000 0.0000000000
88704  0.000  0.000  0.000 0.0000000000
88705  0.000  0.000  0.000 0.0000000000
88706  0.000  0.000  0.000 0.0000000000
88710  0.000  0.000  0.000 0.0000000000
88711  0.000  0.000  0.000 0.0000000000
88712  0.000  0.000  0.000 0.0000000000
88713  0.000  0.000  0.000 0.0000000000
88714  0.000  0.000  0.000 0.0000000000
88715  0.000  0.000  0.000 0.0000000000
88719  0.000  0.000  0.000 0.0000000000
88720  0.000  0.000  0.000 0.0000000000
88721  0.000  0.000  0.000 0.0000000000
88722  0.000  0.000  0.000 0.0000000000
88723  0.000  0.000  0.000 0.0000000000
88724  0.000  0.000  0.000 0.0000000000
88728  0.000  0.000  0.000 0.0000000000
88729  0.000  0.000  0.000 0.0000000000
88730  0.000  0.000  0.000 0.0000000000
88731  0.000  0.000  0.000 0.0000000000
88732  0.000  0.000  0.000 0.0000000000
88733  0.000  0.000  0.000 0.0000000000
88737  0.000  0.000  0.000 0.0000000000
88738  0.000  0.000  0.000 0.0000000000
88739  0.000  0.000  0.000 0.0000000000
88740  0.000  0.000  0.000 0.0000000000
88741  0.000  0.000  0.000 0.0000000000
88742  0.000  0.000  0.000 0.0000000000
88743  0.000  0.000  0.000 0.0000000000
88747  0.000  0.000  0.000 0.0000000000
88748  0.000  0.000  0.000 0.0000000000
88749  0.000  0.000  0.000 0.0000000000
88750  0.000  0.000  0.000 0.0000000000
88751  0.000  0.000  0.000 0.0000000000
88752  0.000  0.000  0.000 0.0000000000
88753  0.000  0.000  0.000 0.0000000000
88754  0.000  0.000  0.000 0.0000000000
88755  0.000  0.000  0.000 0.0000000000
88756  0.000  0.000  0.000 0.0000000000
88759  0.000  0.000  0.000 0.0000000000
88760  0.000  0.000  0.000 0.0000000000
88761  0.000  0.000  0.000 0.0000000000
88762  0.000  0.000  0.000 0.0000000000
88763  0.000  0.000  0.000 0.0000000000
88764  0.000  0.000  0.000 0.0000000000
88765  0.000  0.000  0.000 0.0000000000
88766  0.000  0.000  0.000 0.0000000000
88767  0.000  0.000  0.000 0.0000000000
88768  0.000  0.000  0.000 0.0000000000
88769  0.000  0.000  0.000 0.0000000000
88770  0.000  0.000  0.000 0.0000000000
88774  0.000  0.000  0.000 0.0000000000
88775  0.000  0.000  0.000 0.0000000000
88776  0.000  0.000  0.000 0.0000000000
88777  0.000  0.000  0.000 0.0000000000
88778  0.000  0.000  0.000 0.0000000000
88779  0.000  0.000  0.000 0.0000000000
88780  0.000  0.000  0.000 0.0000000000
88781  0.000  0.000  0.000 0.0000000000
88782  0.000  0.000  0.000 0.0000000000
88783  0.000  0.000  0.000 0.0000000000
88784  0.000  0.000  0.000 0.0000000000
88785  0.000  0.000  0.000 0.0000000000
88786  0.000  0.000  0.000 0.0000000000
88790  0.000  0.000  0.000 0.0000000000
88791  0.000  0.000  0.000 0.0000000000
88792  0.000  0.000  0.000 0.0000000000
88793  0.000  0.000  0.000 0.0000000000
88794  0.000  0.000  0.000 0.0000000000
88795  0.000  0.000  0.000 0.0000000000
88796  0.000  0.000  0.000 0.0000000000
88797  0.000  0.000  0.000 0.0000000000
88798  0.000  0.000  0.000 0.0000000000
88802  0.000  0.000  0.000 0.0000000000
88803  0.000  0.000  0.000 0.0000000000
88804  0.000  0.000  0.000 0.0000000000
88805  0.000  0.000  0.000 0.0000000000
88806  0.000  0.000  0.000 0.0000000000
88810  0.000  0.000  0.000 0.0000000000
88811  0.000  0.000  0.000 0.0000000000
88812  0.000  0.000  0.000 0.0000000000
88816  0.000  0.000  0.000 0.0000000000
88817  0.000  0.000  0.000 0.0000000000
88818  0.000  0.000  0.000 0.0000000000
88822  0.000  0.000  0.000 0.0000000000
88823  0.000  0.000  0.000 0.0000000000
88824  0.000  0.000  0.000 0.0000000000
88828  0.000  0.000  0.000 0.0000000000
88829  0.000  0.000  0.000 0.0000000000
88830  0.000  0.000  0.000 0.0000000000
88835  0.000  0.000  0.000 0.0000000000
88836  0.000  0.000  0.000 0.0000000000
88837  0.000  0.000  0.000 0.0000000000
88842  0.000  0.000  0.000 0.0000000000
88843  0.000  0.000  0.000 0.0000000000
88844  0.000  0.000  0.000 0.0000000000
88848  0.000  0.000  0.000 0.0000000000
88849  0.000  0.000  0.000 0.0000000000
88850  0.000  0.000  0.000 0.0000000000
88851  0.000  0.000  0.000 0.0000000000
88855  0.000  0.000  0.000 0.0000000000
88856  0.000  0.000  0.000 0.0000000000
88857  0.000  0.000  0.000 0.0000000000
88858  0.000  0.000  0.000 0.0000000000
88861  0.000  0.000  0.000 0.0000000000
88862  0.000  0.000  0.000 0.0000000000
88863  0.000  0.000  0.000 0.0000000000
88864  0.000  0.000  0.000 0.0000000000
88868  0.000  0.000  0.000 0.0000000000
88869  0.000  0.000  0.000 0.0000000000
88870  0.000  0.000  0.000 0.0000000000
88871  0.000  0.000  0.000 0.0000000000
88874  0.000  0.000  0.000 0.0000000000
88875  0.000  0.000  0.000 0.0000000000
88876  0.000  0.000  0.000 0.0000000000
88877  0.000  0.000  0.000 0.0000000000
88881  0.000  0.000  0.000 0.0000000000
88882  0.000  0.000  0.000 0.0000000000
88883  0.000  0.000  0.000 0.0000000000
88889  0.000  0.000  0.000 0.0000000000
88890  0.000  0.000  0.000 0.0000000000
88891  0.000  0.000  0.000 0.0000000000
88895  0.000  0.000  0.000 0.0000000000
88903  0.000  0.000  0.000 0.0000000000
88904  0.000  0.000  0.000 0.0000000000
88909  0.000  0.000  0.000 0.0000000000
88916  0.000  0.000  0.000 0.0000000000
88925  0.000  0.000  0.000 0.0000000000
88927  0.000  0.000  0.000 0.0000000000
88934  0.000  0.000  0.000 0.0000000000
88935  0.000  0.000  0.000 0.0000000000
88938  0.000  0.000  0.000 0.0000000000
88939  0.000  0.000  0.000 0.0000000000
88945  0.000  0.000  0.000 0.0000000000
88946  0.000  0.000  0.000 0.0000000000
88949  0.000  0.000  0.000 0.0000000000
88950  0.000  0.000  0.000 0.0000000000
88955  0.000  0.000  0.000 0.0000000000
88956  0.000  0.000  0.000 0.0000000000
88960  0.000  0.000  0.000 0.0000000000
88961  0.000  0.000  0.000 0.0000000000
88962  0.000  0.000  0.000 0.0000000000
88963  0.000  0.000  0.000 0.0000000000
88964  0.000  0.000  0.000 0.0000000000
88970  0.000  0.000  0.000 0.0000000000
88971  0.000  0.000  0.000 0.0000000000
88977  0.000  0.000  0.000 0.0000000000
88982  0.000  0.000  0.000 0.0000000000
88983  0.000  0.000  0.000 0.0000000000
88984  0.000  0.000  0.000 0.0000000000
88985  0.000  0.000  0.000 0.0000000000
88986  0.000  0.000  0.000 0.0000000000
88990  0.000  0.000  0.000 0.0000000000
88991  0.000  0.000  0.000 0.0000000000
88992  0.000  0.000  0.000 0.0000000000
88993  0.000  0.000  0.000 0.0000000000
88994  0.000  0.000  0.000 0.0000000000
88998  0.000  0.000  0.000 0.0000000000
88999  0.000  0.000  0.000 0.0000000000
89000  0.000  0.000  0.000 0.0000000000
89001  0.000  0.000  0.000 0.0000000000
89002  0.000  0.000  0.000 0.0000000000
89003  0.000  0.000  0.000 0.0000000000
89004  0.000  0.000  0.000 0.0000000000
89008  0.000  0.000  0.000 0.0000000000
89009  0.000  0.000  0.000 0.0000000000
89010  0.000  0.000  0.000 0.0000000000
89011  0.000  0.000  0.000 0.0000000000
89012  0.000  0.000  0.000 0.0000000000
89013  0.000  0.000  0.000 0.0000000000
89014  0.000  0.000  0.000 0.0000000000
89018  0.000  0.000  0.000 0.0000000000
89019  0.000  0.000  0.000 0.0000000000
89020  0.000  0.000  0.000 0.0000000000
89021  0.000  0.000  0.000 0.0000000000
89022  0.000  0.000  0.000 0.0000000000
89023  0.000  0.000  0.000 0.0000000000
89024  0.000  0.000  0.000 0.0000000000
89025  0.000  0.000  0.000 0.0000000000
89026  0.000  0.000  0.000 0.0000000000
89031  0.000  0.000  0.000 0.0000000000
89032  0.000  0.000  0.000 0.0000000000
89033  0.000  0.000  0.000 0.0000000000
89034  0.000  0.000  0.000 0.0000000000
89270  0.000  0.000  0.000 0.0000000000
89271  0.000  0.000  0.000 0.0000000000
89272  0.000  0.000  0.000 0.0000000000
89276  0.000  0.000  0.000 0.0000000000
89277  0.000  0.000  0.000 0.0000000000
89278  0.000  0.000  0.000 0.0000000000
89279  0.000  0.000  0.000 0.0000000000
89283  0.000  0.000  0.000 0.0000000000
89284  0.000  0.000  0.000 0.0000000000
89285  0.000  0.000  0.000 0.0000000000
89286  0.000  0.000  0.000 0.0000000000
89287  0.000  0.000  0.000 0.0000000000
89288  0.000  0.000  0.000 0.0000000000
89292  0.000  0.000  0.000 0.0000000000
89293  0.000  0.000  0.000 0.0000000000
89294  0.000  0.000  0.000 0.0000000000
89295  0.000  0.000  0.000 0.0000000000
89296  0.000  0.000  0.000 0.0000000000
89297  0.000  0.000  0.000 0.0000000000
89300  0.000  0.000  0.000 0.0000000000
89301  0.000  0.000  0.000 0.0000000000
89302  0.000  0.000  0.000 0.0000000000
89303  0.000  0.000  0.000 0.0000000000
89304  0.000  0.000  0.000 0.0000000000
89308  0.000  0.000  0.000 0.0000000000
89309  0.000  0.000  0.000 0.0000000000
89310  0.000  0.000  0.000 0.0000000000
89311  0.000  0.000  0.000 0.0000000000
89312  0.000  0.000  0.000 0.0000000000
89316  0.000  0.000  0.000 0.0000000000
89317  0.000  0.000  0.000 0.0000000000
89318  0.000  0.000  0.000 0.0000000000
89319  0.000  0.000  0.000 0.0000000000
89320  0.000  0.000  0.000 0.0000000000
89323  0.000  0.000  0.000 0.0000000000
89324  0.000  0.000  0.000 0.0000000000
89325  0.000  0.000  0.000 0.0000000000
89326  0.000  0.000  0.000 0.0000000000
89327  0.000  0.000  0.000 0.0000000000
89328  0.000  0.000  0.000 0.0000000000
89329  0.000  0.000  0.000 0.0000000000
89330  0.000  0.000  0.000 0.0000000000
89333  0.000  0.000  0.000 0.0000000000
89334  0.000  0.000  0.000 0.0000000000
89335  0.000  0.000  0.000 0.0000000000
89336  0.000  0.000  0.000 0.0000000000
89337  0.000  0.000  0.000 0.0000000000
89338  0.000  0.000  0.000 0.0000000000
89339  0.000  0.000  0.000 0.0000000000
89340  0.000  0.000  0.000 0.0000000000
89343  0.000  0.000  0.000 0.0000000000
89344  0.000  0.000  0.000 0.0000000000
89345  0.000  0.000  0.000 0.0000000000
89346  0.000  0.000  0.000 0.0000000000
89347  0.000  0.000  0.000 0.0000000000
89348  0.000  0.000  0.000 0.0000000000
89351  0.000  0.000  0.000 0.0000000000
89352  0.000  0.000  0.000 0.0000000000
89353  0.000  0.000  0.000 0.0000000000
89354  0.000  0.000  0.000 0.0000000000
89355  0.000  0.000  0.000 0.0000000000
89356  0.000  0.000  0.000 0.0000000000
89359  0.000  0.000  0.000 0.0000000000
89360  0.000  0.000  0.000 0.0000000000
89361  0.000  0.000  0.000 0.0000000000
89362  0.000  0.000  0.000 0.0000000000
89363  0.000  0.000  0.000 0.0000000000
89366  0.000  0.000  0.000 0.0000000000
89367  0.000  0.000  0.000 0.0000000000
89368  0.000  0.000  0.000 0.0000000000
89369  0.000  0.000  0.000 0.0000000000
89370  0.000  0.000  0.000 0.0000000000
89374  0.000  0.000  0.000 0.0000000000
89375  0.000  0.000  0.000 0.0000000000
89376  0.000  0.000  0.000 0.0000000000
89377  0.000  0.000  0.000 0.0000000000
89378  0.000  0.000  0.000 0.0000000000
89382  0.000  0.000  0.000 0.0000000000
89383  0.000  0.000  0.000 0.0000000000
89384  0.000  0.000  0.000 0.0000000000
89385  0.000  0.000  0.000 0.0000000000
89386  0.000  0.000  0.000 0.0000000000
89389  0.000  0.000  0.000 0.0000000000
89390  0.000  0.000  0.000 0.0000000000
89391  0.000  0.000  0.000 0.0000000000
89392  0.000  0.000  0.000 0.0000000000
89393  0.000  0.000  0.000 0.0000000000
89396  0.000  0.000  0.000 0.0000000000
89397  0.000  0.000  0.000 0.0000000000
89398  0.000  0.000  0.000 0.0000000000
89399  0.000  0.000  0.000 0.0000000000
89400  0.000  0.000  0.000 0.0000000000
89403  0.000  0.000  0.000 0.0000000000
89404  0.000  0.000  0.000 0.0000000000
89405  0.000  0.000  0.000 0.0000000000
89406  0.000  0.000  0.000 0.0000000000
89410  0.000  0.000  0.000 0.0000000000
89411  0.000  0.000  0.000 0.0000000000
89412  0.000  0.000  0.000 0.0000000000
89413  0.000  0.000  0.000 0.0000000000
89414  0.000  0.000  0.000 0.0000000000
89418  0.000  0.000  0.000 0.0000000000
89419  0.000  0.000  0.000 0.0000000000
89420  0.000  0.000  0.000 0.0000000000
89421  0.000  0.000  0.000 0.0000000000
89425  0.000  0.000  0.000 0.0000000000
89426  0.000  0.000  0.000 0.0000000000
89427  0.000  0.000  0.000 0.0000000000
89428  0.000  0.000  0.000 0.0000000000
89429  0.000  0.000  0.000 0.0000000000
89433  0.000  0.000  0.000 0.0000000000
89434  0.000  0.000  0.000 0.0000000000
89435  0.000  0.000  0.000 0.0000000000
89436  0.000  0.000  0.000 0.0000000000
89440  0.000  0.000  0.000 0.0000000000
89441  0.000  0.000  0.000 0.0000000000
89442  0.000  0.000  0.000 0.0000000000
89443  0.000  0.000  0.000 0.0000000000
89446  0.000  0.000  0.000 0.0000000000
89447  0.000  0.000  0.000 0.0000000000
89448  0.000  0.000  0.000 0.0000000000
89451  0.000  0.000  0.000 0.0000000000
89452  0.000  0.000  0.000 0.0000000000
89453  0.000  0.000  0.000 0.0000000000
89454  0.000  0.000  0.000 0.0000000000
89459  0.000  0.000  0.000 0.0000000000
89460  0.000  0.000  0.000 0.0000000000
89461  0.000  0.000  0.000 0.0000000000
89464  0.000  0.000  0.000 0.0000000000
89465  0.000  0.000  0.000 0.0000000000
89466  0.000  0.000  0.000 0.0000000000
89469  0.000  0.000  0.000 0.0000000000
89470  0.000  0.000  0.000 0.0000000000
89471  0.000  0.000  0.000 0.0000000000
89475  0.000  0.000  0.000 0.0000000000
89476  0.000  0.000  0.000 0.0000000000
89477  0.000  0.000  0.000 0.0000000000
89478  0.000  0.000  0.000 0.0000000000
89481  0.000  0.000  0.000 0.0000000000
89482  0.000  0.000  0.000 0.0000000000
89483  0.000  0.000  0.000 0.0000000000
89486  0.000  0.000  0.000 0.0000000000
89494  0.000  0.000  0.000 0.0000000000
89495  0.000  0.000  0.000 0.0000000000
89496  0.000  0.000  0.000 0.0000000000
89497  0.000  0.000  0.000 0.0000000000
89498  0.000  0.000  0.000 0.0000000000
89499  0.000  0.000  0.000 0.0000000000
89503  0.000  0.000  0.000 0.0000000000
89504  0.000  0.000  0.000 0.0000000000
89505  0.000  0.000  0.000 0.0000000000
89506  0.000  0.000  0.000 0.0000000000
89507  0.000  0.000  0.000 0.0000000000
89508  0.000  0.000  0.000 0.0000000000
89509  0.000  0.000  0.000 0.0000000000
89510  0.000  0.000  0.000 0.0000000000
89515  0.000  0.000  0.000 0.0000000000
89516  0.000  0.000  0.000 0.0000000000
89517  0.000  0.000  0.000 0.0000000000
89518  0.000  0.000  0.000 0.0000000000
89519  0.000  0.000  0.000 0.0000000000
89520  0.000  0.000  0.000 0.0000000000
89525  0.000  0.000  0.000 0.0000000000
89526  0.000  0.000  0.000 0.0000000000
89527  0.000  0.000  0.000 0.0000000000
89530  0.000  0.000  0.000 0.0000000000
89531  0.000  0.000  0.000 0.0000000000
89532  0.000  0.000  0.000 0.0000000000
89533  0.000  0.000  0.000 0.0000000000
89534  0.000  0.000  0.000 0.0000000000
89539  0.000  0.000  0.000 0.0000000000
89540  0.000  0.000  0.000 0.0000000000
89542  0.000  0.000  0.000 0.0000000000
89543  0.000  0.000  0.000 0.0000000000
89544  0.000  0.000  0.000 0.0000000000
89545  0.000  0.000  0.000 0.0000000000
89546  0.000  0.000  0.000 0.0000000000
89550  0.000  0.000  0.000 0.0000000000
89551  0.000  0.000  0.000 0.0000000000
89552  0.000  0.000  0.000 0.0000000000
89553  0.000  0.000  0.000 0.0000000000
89554  0.000  0.000  0.000 0.0000000000
89555  0.000  0.000  0.000 0.0000000000
89558  0.000  0.000  0.000 0.0000000000
89559  0.000  0.000  0.000 0.0000000000
89560  0.000  0.000  0.000 0.0000000000
89561  0.000  0.000  0.000 0.0000000000
89562  0.000  0.000  0.000 0.0000000000
89563  0.000  0.000  0.000 0.0000000000
89567  0.000  0.000  0.000 0.0000000000
89568  0.000  0.000  0.000 0.0000000000
89569  0.000  0.000  0.000 0.0000000000
89570  0.000  0.000  0.000 0.0000000000
89571  0.000  0.000  0.000 0.0000000000
89572  0.000  0.000  0.000 0.0000000000
89573  0.000  0.000  0.000 0.0000000000
89576  0.000  0.000  0.000 0.0000000000
89577  0.000  0.000  0.000 0.0000000000
89578  0.000  0.000  0.000 0.0000000000
89579  0.000  0.000  0.000 0.0000000000
89580  0.000  0.000  0.000 0.0000000000
89581  0.000  0.000  0.000 0.0000000000
89582  0.000  0.000  0.000 0.0000000000
89583  0.000  0.000  0.000 0.0000000000
89586  0.000  0.000  0.000 0.0000000000
89587  0.000  0.000  0.000 0.0000000000
89588  0.000  0.000  0.000 0.0000000000
89589  0.000  0.000  0.000 0.0000000000
89590  0.000  0.000  0.000 0.0000000000
89591  0.000  0.000  0.000 0.0000000000
89592  0.000  0.000  0.000 0.0000000000
89840  0.000  0.000  0.000 0.0000000000
89841  0.000  0.000  0.000 0.0000000000
89842  0.000  0.000  0.000 0.0000000000
89845  0.000  0.000  0.000 0.0000000000
89846  0.000  0.000  0.000 0.0000000000
89847  0.000  0.000  0.000 0.0000000000
89848  0.000  0.000  0.000 0.0000000000
89849  0.000  0.000  0.000 0.0000000000
89853  0.000  0.000  0.000 0.0000000000
89854  0.000  0.000  0.000 0.0000000000
89855  0.000  0.000  0.000 0.0000000000
89856  0.000  0.000  0.000 0.0000000000
89857  0.000  0.000  0.000 0.0000000000
89858  0.000  0.000  0.000 0.0000000000
89862  0.000  0.000  0.000 0.0000000000
89863  0.000  0.000  0.000 0.0000000000
89864  0.000  0.000  0.000 0.0000000000
89865  0.000  0.000  0.000 0.0000000000
89866  0.000  0.000  0.000 0.0000000000
89867  0.000  0.000  0.000 0.0000000000
89868  0.000  0.000  0.000 0.0000000000
89871  0.000  0.000  0.000 0.0000000000
89872  0.000  0.000  0.000 0.0000000000
89873  0.000  0.000  0.000 0.0000000000
89874  0.000  0.000  0.000 0.0000000000
89875  0.000  0.000  0.000 0.0000000000
89876  0.000  0.000  0.000 0.0000000000
89879  0.000  0.000  0.000 0.0000000000
89880  0.000  0.000  0.000 0.0000000000
89881  0.000  0.000  0.000 0.0000000000
89882  0.000  0.000  0.000 0.0000000000
89883  0.000  0.000  0.000 0.0000000000
89884  0.000  0.000  0.000 0.0000000000
89885  0.000  0.000  0.000 0.0000000000
89888  0.000  0.000  0.000 0.0000000000
89889  0.000  0.000  0.000 0.0000000000
89890  0.000  0.000  0.000 0.0000000000
89891  0.000  0.000  0.000 0.0000000000
89892  0.000  0.000  0.000 0.0000000000
89893  0.000  0.000  0.000 0.0000000000
89896  0.000  0.000  0.000 0.0000000000
89897  0.000  0.000  0.000 0.0000000000
89898  0.000  0.000  0.000 0.0000000000
89899  0.000  0.000  0.000 0.0000000000
89900  0.000  0.000  0.000 0.0000000000
89901  0.000  0.000  0.000 0.0000000000
89902  0.000  0.000  0.000 0.0000000000
89905  0.000  0.000  0.000 0.0000000000
89906  0.000  0.000  0.000 0.0000000000
89907  0.000  0.000  0.000 0.0000000000
89908  0.000  0.000  0.000 0.0000000000
89909  0.000  0.000  0.000 0.0000000000
89912  0.000  0.000  0.000 0.0000000000
89913  0.000  0.000  0.000 0.0000000000
89914  0.000  0.000  0.000 0.0000000000
89915  0.000  0.000  0.000 0.0000000000
89918  0.000  0.000  0.000 0.0000000000
89919  0.000  0.000  0.000 0.0000000000
89920  0.000  0.000  0.000 0.0000000000
89921  0.000  0.000  0.000 0.0000000000
89922  0.000  0.000  0.000 0.0000000000
89925  0.000  0.000  0.000 0.0000000000
89926  0.000  0.000  0.000 0.0000000000
89927  0.000  0.000  0.000 0.0000000000
89928  0.000  0.000  0.000 0.0000000000
89929  0.000  0.000  0.000 0.0000000000
89930  0.000  0.000  0.000 0.0000000000
89934  0.000  0.000  0.000 0.0000000000
89935  0.000  0.000  0.000 0.0000000000
89936  0.000  0.000  0.000 0.0000000000
89937  0.000  0.000  0.000 0.0000000000
89938  0.000  0.000  0.000 0.0000000000
89942  0.000  0.000  0.000 0.0000000000
89943  0.000  0.000  0.000 0.0000000000
89944  0.000  0.000  0.000 0.0000000000
89945  0.000  0.000  0.000 0.0000000000
89946  0.000  0.000  0.000 0.0000000000
89947  0.000  0.000  0.000 0.0000000000
89950  0.000  0.000  0.000 0.0000000000
89951  0.000  0.000  0.000 0.0000000000
89952  0.000  0.000  0.000 0.0000000000
89953  0.000  0.000  0.000 0.0000000000
89954  0.000  0.000  0.000 0.0000000000
89955  0.000  0.000  0.000 0.0000000000
89956  0.000  0.000  0.000 0.0000000000
89959  0.000  0.000  0.000 0.0000000000
89960  0.000  0.000  0.000 0.0000000000
89961  0.000  0.000  0.000 0.0000000000
89962  0.000  0.000  0.000 0.0000000000
89963  0.000  0.000  0.000 0.0000000000
89964  0.000  0.000  0.000 0.0000000000
89965  0.000  0.000  0.000 0.0000000000
89968  0.000  0.000  0.000 0.0000000000
89969  0.000  0.000  0.000 0.0000000000
89970  0.000  0.000  0.000 0.0000000000
89971  0.000  0.000  0.000 0.0000000000
89972  0.000  0.000  0.000 0.0000000000
89973  0.000  0.000  0.000 0.0000000000
89977  0.000  0.000  0.000 0.0000000000
89978  0.000  0.000  0.000 0.0000000000
89979  0.000  0.000  0.000 0.0000000000
89980  0.000  0.000  0.000 0.0000000000
89981  0.000  0.000  0.000 0.0000000000
89984  0.000  0.000  0.000 0.0000000000
89985  0.000  0.000  0.000 0.0000000000
89986  0.000  0.000  0.000 0.0000000000
89987  0.000  0.000  0.000 0.0000000000
89988  0.000  0.000  0.000 0.0000000000
89989  0.000  0.000  0.000 0.0000000000
89993  0.000  0.000  0.000 0.0000000000
89994  0.000  0.000  0.000 0.0000000000
89995  0.000  0.000  0.000 0.0000000000
90000  0.000  0.000  0.000 0.0000000000
90001  0.000  0.000  0.000 0.0000000000
90002  0.000  0.000  0.000 0.0000000000
90003  0.000  0.000  0.000 0.0000000000
90007  0.000  0.000  0.000 0.0000000000
90008  0.000  0.000  0.000 0.0000000000
90009  0.000  0.000  0.000 0.0000000000
90010  0.000  0.000  0.000 0.0000000000
90013  0.000  0.000  0.000 0.0000000000
90014  0.000  0.000  0.000 0.0000000000
90015  0.000  0.000  0.000 0.0000000000
90016  0.000  0.000  0.000 0.0000000000
90021  0.000  0.000  0.000 0.0000000000
90022  0.000  0.000  0.000 0.0000000000
90023  0.000  0.000  0.000 0.0000000000
90027  0.000  0.000  0.000 0.0000000000
90028  0.000  0.000  0.000 0.0000000000
90029  0.000  0.000  0.000 0.0000000000
90030  0.000  0.000  0.000 0.0000000000
90033  0.000  0.000  0.000 0.0000000000
90034  0.000  0.000  0.000 0.0000000000
90035  0.000  0.000  0.000 0.0000000000
90039  0.000  0.000  0.000 0.0000000000
90040  0.000  0.000  0.000 0.0000000000
90041  0.000  0.000  0.000 0.0000000000
90044  0.000  0.000  0.000 0.0000000000
90045  0.000  0.000  0.000 0.0000000000
90046  0.000  0.000  0.000 0.0000000000
90049  0.000  0.000  0.000 0.0000000000
90050  0.000  0.000  0.000 0.0000000000
90051  0.000  0.000  0.000 0.0000000000
90055  0.000  0.000  0.000 0.0000000000
90056  0.000  0.000  0.000 0.0000000000
90057  0.000  0.000  0.000 0.0000000000
90058  0.000  0.000  0.000 0.0000000000
90059  0.000  0.000  0.000 0.0000000000
90062  0.000  0.000  0.000 0.0000000000
90063  0.000  0.000  0.000 0.0000000000
90064  0.000  0.000  0.000 0.0000000000
90065  0.000  0.000  0.000 0.0000000000
90066  0.000  0.000  0.000 0.0000000000
90067  0.000  0.000  0.000 0.0000000000
90068  0.000  0.000  0.000 0.0000000000
90071  0.000  0.000  0.000 0.0000000000
90072  0.000  0.000  0.000 0.0000000000
90073  0.000  0.000  0.000 0.0000000000
90074  0.000  0.000  0.000 0.0000000000
90075  0.000  0.000  0.000 0.0000000000
90076  0.000  0.000  0.000 0.0000000000
90077  0.000  0.000  0.000 0.0000000000
90078  0.000  0.000  0.000 0.0000000000
90079  0.000  0.000  0.000 0.0000000000
90083  0.000  0.000  0.000 0.0000000000
90084  0.000  0.000  0.000 0.0000000000
90085  0.000  0.000  0.000 0.0000000000
90086  0.000  0.000  0.000 0.0000000000
90087  0.000  0.000  0.000 0.0000000000
90088  0.000  0.000  0.000 0.0000000000
90089  0.000  0.000  0.000 0.0000000000
90090  0.000  0.000  0.000 0.0000000000
90091  0.000  0.000  0.000 0.0000000000
90092  0.000  0.000  0.000 0.0000000000
90093  0.000  0.000  0.000 0.0000000000
90094  0.000  0.000  0.000 0.0000000000
90098  0.000  0.000  0.000 0.0000000000
90099  0.000  0.000  0.000 0.0000000000
90100  0.000  0.000  0.000 0.0000000000
90101  0.000  0.000  0.000 0.0000000000
90102  0.000  0.000  0.000 0.0000000000
90103  0.000  0.000  0.000 0.0000000000
90104  0.000  0.000  0.000 0.0000000000
90105  0.000  0.000  0.000 0.0000000000
90106  0.000  0.000  0.000 0.0000000000
90110  0.000  0.000  0.000 0.0000000000
90111  0.000  0.000  0.000 0.0000000000
90112  0.000  0.000  0.000 0.0000000000
90113  0.000  0.000  0.000 0.0000000000
90114  0.000  0.000  0.000 0.0000000000
90118  0.000  0.000  0.000 0.0000000000
90119  0.000  0.000  0.000 0.0000000000
90120  0.000  0.000  0.000 0.0000000000
90121  0.000  0.000  0.000 0.0000000000
90122  0.000  0.000  0.000 0.0000000000
90123  0.000  0.000  0.000 0.0000000000
90128  0.000  0.000  0.000 0.0000000000
90129  0.000  0.000  0.000 0.0000000000
90130  0.000  0.000  0.000 0.0000000000
90131  0.000  0.000  0.000 0.0000000000
90132  0.000  0.000  0.000 0.0000000000
90133  0.000  0.000  0.000 0.0000000000
90134  0.000  0.000  0.000 0.0000000000
90138  0.000  0.000  0.000 0.0000000000
90139  0.000  0.000  0.000 0.0000000000
90140  0.000  0.000  0.000 0.0000000000
90141  0.000  0.000  0.000 0.0000000000
90142  0.000  0.000  0.000 0.0000000000
90143  0.000  0.000  0.000 0.0000000000
90144  0.000  0.000  0.000 0.0000000000
90145  0.000  0.000  0.000 0.0000000000
90146  0.000  0.000  0.000 0.0000000000
90147  0.000  0.000  0.000 0.0000000000
90150  0.000  0.000  0.000 0.0000000000
90151  0.000  0.000  0.000 0.0000000000
90152  0.000  0.000  0.000 0.0000000000
90153  0.000  0.000  0.000 0.0000000000
90154  0.000  0.000  0.000 0.0000000000
90493  0.000  0.000  0.000 0.0000000000
90494  0.000  0.000  0.000 0.0000000000
90495  0.000  0.000  0.000 0.0000000000
90498  0.000  0.000  0.000 0.0000000000
90499  0.000  0.000  0.000 0.0000000000
90500  0.000  0.000  0.000 0.0000000000
90501  0.000  0.000  0.000 0.0000000000
90502  0.000  0.000  0.000 0.0000000000
90505  0.000  0.000  0.000 0.0000000000
90506  0.000  0.000  0.000 0.0000000000
90507  0.000  0.000  0.000 0.0000000000
90508  0.000  0.000  0.000 0.0000000000
90509  0.000  0.000  0.000 0.0000000000
90510  0.000  0.000  0.000 0.0000000000
90511  0.000  0.000  0.000 0.0000000000
90514  0.000  0.000  0.000 0.0000000000
90515  0.000  0.000  0.000 0.0000000000
90516  0.000  0.000  0.000 0.0000000000
90517  0.000  0.000  0.000 0.0000000000
90518  0.000  0.000  0.000 0.0000000000
90519  0.000  0.000  0.000 0.0000000000
90520  0.000  0.000  0.000 0.0000000000
90521  0.000  0.000  0.000 0.0000000000
90522  0.000  0.000  0.000 0.0000000000
90525  0.000  0.000  0.000 0.0000000000
90526  0.000  0.000  0.000 0.0000000000
90527  0.000  0.000  0.000 0.0000000000
90528  0.000  0.000  0.000 0.0000000000
90529  0.000  0.000  0.000 0.0000000000
90530  0.000  0.000  0.000 0.0000000000
90531  0.000  0.000  0.000 0.0000000000
90532  0.000  0.000  0.000 0.0000000000
90533  0.000  0.000  0.000 0.0000000000
90534  0.000  0.000  0.000 0.0000000000
90537  0.000  0.000  0.000 0.0000000000
90538  0.000  0.000  0.000 0.0000000000
90539  0.000  0.000  0.000 0.0000000000
90540  0.000  0.000  0.000 0.0000000000
90541  0.000  0.000  0.000 0.0000000000
90542  0.000  0.000  0.000 0.0000000000
90543  0.000  0.000  0.000 0.0000000000
90544  0.000  0.000  0.000 0.0000000000
90545  0.000  0.000  0.000 0.0000000000
90546  0.000  0.000  0.000 0.0000000000
90547  0.000  0.000  0.000 0.0000000000
90548  0.000  0.000  0.000 0.0000000000
90551  0.000  0.000  0.000 0.0000000000
90552  0.000  0.000  0.000 0.0000000000
90553  0.000  0.000  0.000 0.0000000000
90554  0.000  0.000  0.000 0.0000000000
90555  0.000  0.000  0.000 0.0000000000
90556  0.000  0.000  0.000 0.0000000000
90557  0.000  0.000  0.000 0.0000000000
90558  0.000  0.000  0.000 0.0000000000
90559  0.000  0.000  0.000 0.0000000000
90560  0.000  0.000  0.000 0.0000000000
90561  0.000  0.000  0.000 0.0000000000
90564  0.000  0.000  0.000 0.0000000000
90565  0.000  0.000  0.000 0.0000000000
90566  0.000  0.000  0.000 0.0000000000
90567  0.000  0.000  0.000 0.0000000000
90568  0.000  0.000  0.000 0.0000000000
90569  0.000  0.000  0.000 0.0000000000
90570  0.000  0.000  0.000 0.0000000000
90571  0.000  0.000  0.000 0.0000000000
90572  0.000  0.000  0.000 0.0000000000
90573  0.000  0.000  0.000 0.0000000000
90574  0.000  0.000  0.000 0.0000000000
90577  0.000  0.000  0.000 0.0000000000
90578  0.000  0.000  0.000 0.0000000000
90579  0.000  0.000  0.000 0.0000000000
90580  0.000  0.000  0.000 0.0000000000
90581  0.000  0.000  0.000 0.0000000000
90582  0.000  0.000  0.000 0.0000000000
90583  0.000  0.000  0.000 0.0000000000
90584  0.000  0.000  0.000 0.0000000000
90585  0.000  0.000  0.000 0.0000000000
90586  0.000  0.000  0.000 0.0000000000
90587  0.000  0.000  0.000 0.0000000000
90590  0.000  0.000  0.000 0.0000000000
90591  0.000  0.000  0.000 0.0000000000
90592  0.000  0.000  0.000 0.0000000000
90593  0.000  0.000  0.000 0.0000000000
90594  0.000  0.000  0.000 0.0000000000
90595  0.000  0.000  0.000 0.0000000000
90596  0.000  0.000  0.000 0.0000000000
90597  0.000  0.000  0.000 0.0000000000
90598  0.000  0.000  0.000 0.0000000000
90599  0.000  0.000  0.000 0.0000000000
90602  0.000  0.000  0.000 0.0000000000
90603  0.000  0.000  0.000 0.0000000000
90604  0.000  0.000  0.000 0.0000000000
90605  0.000  0.000  0.000 0.0000000000
90606  0.000  0.000  0.000 0.0000000000
90607  0.000  0.000  0.000 0.0000000000
90608  0.000  0.000  0.000 0.0000000000
90609  0.000  0.000  0.000 0.0000000000
90610  0.000  0.000  0.000 0.0000000000
90614  0.000  0.000  0.000 0.0000000000
90615  0.000  0.000  0.000 0.0000000000
90616  0.000  0.000  0.000 0.0000000000
90617  0.000  0.000  0.000 0.0000000000
90618  0.000  0.000  0.000 0.0000000000
90619  0.000  0.000  0.000 0.0000000000
90620  0.000  0.000  0.000 0.0000000000
90621  0.000  0.000  0.000 0.0000000000
90622  0.000  0.000  0.000 0.0000000000
90625  0.000  0.000  0.000 0.0000000000
90626  0.000  0.000  0.000 0.0000000000
90627  0.000  0.000  0.000 0.0000000000
90628  0.000  0.000  0.000 0.0000000000
90629  0.000  0.000  0.000 0.0000000000
90630  0.000  0.000  0.000 0.0000000000
90631  0.000  0.000  0.000 0.0000000000
90632  0.000  0.000  0.000 0.0000000000
90635  0.000  0.000  0.000 0.0000000000
90636  0.000  0.000  0.000 0.0000000000
90637  0.000  0.000  0.000 0.0000000000
90638  0.000  0.000  0.000 0.0000000000
90639  0.000  0.000  0.000 0.0000000000
90640  0.000  0.000  0.000 0.0000000000
90641  0.000  0.000  0.000 0.0000000000
90642  0.000  0.000  0.000 0.0000000000
90643  0.000  0.000  0.000 0.0000000000
90646  0.000  0.000  0.000 0.0000000000
90647  0.000  0.000  0.000 0.0000000000
90648  0.000  0.000  0.000 0.0000000000
90649  0.000  0.000  0.000 0.0000000000
90650  0.000  0.000  0.000 0.0000000000
90651  0.000  0.000  0.000 0.0000000000
90652  0.000  0.000  0.000 0.0000000000
90653  0.000  0.000  0.000 0.0000000000
90654  0.000  0.000  0.000 0.0000000000
90658  0.000  0.000  0.000 0.0000000000
90659  0.000  0.000  0.000 0.0000000000
90660  0.000  0.000  0.000 0.0000000000
90661  0.000  0.000  0.000 0.0000000000
90662  0.000  0.000  0.000 0.0000000000
90663  0.000  0.000  0.000 0.0000000000
90664  0.000  0.000  0.000 0.0000000000
90665  0.000  0.000  0.000 0.0000000000
90666  0.000  0.000  0.000 0.0000000000
90669  0.000  0.000  0.000 0.0000000000
90670  0.000  0.000  0.000 0.0000000000
90671  0.000  0.000  0.000 0.0000000000
90672  0.000  0.000  0.000 0.0000000000
90673  0.000  0.000  0.000 0.0000000000
90674  0.000  0.000  0.000 0.0000000000
90675  0.000  0.000  0.000 0.0000000000
90676  0.000  0.000  0.000 0.0000000000
90677  0.000  0.000  0.000 0.0000000000
90678  0.000  0.000  0.000 0.0000000000
90681  0.000  0.000  0.000 0.0000000000
90682  0.000  0.000  0.000 0.0000000000
90683  0.000  0.000  0.000 0.0000000000
90684  0.000  0.000  0.000 0.0000000000
90685  0.000  0.000  0.000 0.0000000000
90686  0.000  0.000  0.000 0.0000000000
90687  0.000  0.000  0.000 0.0000000000
90691  0.000  0.000  0.000 0.0000000000
90692  0.000  0.000  0.000 0.0000000000
90693  0.000  0.000  0.000 0.0000000000
90694  0.000  0.000  0.000 0.0000000000
90695  0.000  0.000  0.000 0.0000000000
90696  0.000  0.000  0.000 0.0000000000
90700  0.000  0.000  0.000 0.0000000000
90701  0.000  0.000  0.000 0.0000000000
90702  0.000  0.000  0.000 0.0000000000
90703  0.000  0.000  0.000 0.0000000000
90706  0.000  0.000  0.000 0.0000000000
90707  0.000  0.000  0.000 0.0000000000
90708  0.000  0.000  0.000 0.0000000000
90709  0.000  0.000  0.000 0.0000000000
90713  0.000  0.000  0.000 0.0000000000
90714  0.000  0.000  0.000 0.0000000000
90715  0.000  0.000  0.000 0.0000000000
90719  0.000  0.000  0.000 0.0000000000
90720  0.000  0.000  0.000 0.0000000000
90721  0.000  0.000  0.000 0.0000000000
90724  0.000  0.000  0.000 0.0000000000
90725  0.000  0.000  0.000 0.0000000000
90729  0.000  0.000  0.000 0.0000000000
90730  0.000  0.000  0.000 0.0000000000
90733  0.000  0.000  0.000 0.0000000000
90734  0.000  0.000  0.000 0.0000000000
90735  0.000  0.000  0.000 0.0000000000
90738  0.000  0.000  0.000 0.0000000000
90739  0.000  0.000  0.000 0.0000000000
90740  0.000  0.000  0.000 0.0000000000
90741  0.000  0.000  0.000 0.0000000000
90745  0.000  0.000  0.000 0.0000000000
90746  0.000  0.000  0.000 0.0000000000
90747  0.000  0.000  0.000 0.0000000000
90750  0.000  0.000  0.000 0.0000000000
90751  0.000  0.000  0.000 0.0000000000
90752  0.000  0.000  0.000 0.0000000000
90755  0.000  0.000  0.000 0.0000000000
90756  0.000  0.000  0.000 0.0000000000
90757  0.000  0.000  0.000 0.0000000000
90758  0.000  0.000  0.000 0.0000000000
90759  0.000  0.000  0.000 0.0000000000
90760  0.000  0.000  0.000 0.0000000000
90761  0.000  0.000  0.000 0.0000000000
90762  0.000  0.000  0.000 0.0000000000
90766  0.000  0.000  0.000 0.0000000000
90767  0.000  0.000  0.000 0.0000000000
90768  0.000  0.000  0.000 0.0000000000
90769  0.000  0.000  0.000 0.0000000000
90770  0.000  0.000  0.000 0.0000000000
90771  0.000  0.000  0.000 0.0000000000
90772  0.000  0.000  0.000 0.0000000000
90773  0.000  0.000  0.000 0.0000000000
90774  0.000  0.000  0.000 0.0000000000
90775  0.000  0.000  0.000 0.0000000000
90776  0.000  0.000  0.000 0.0000000000
90777  0.000  0.000  0.000 0.0000000000
90778  0.000  0.000  0.000 0.0000000000
90783  0.000  0.000  0.000 0.0000000000
90784  0.000  0.000  0.000 0.0000000000
90785  0.000  0.000  0.000 0.0000000000
90786  0.000  0.000  0.000 0.0000000000
90787  0.000  0.000  0.000 0.0000000000
90788  0.000  0.000  0.000 0.0000000000
90789  0.000  0.000  0.000 0.0000000000
90790  0.000  0.000  0.000 0.0000000000
90791  0.000  0.000  0.000 0.0000000000
90792  0.000  0.000  0.000 0.0000000000
90793  0.000  0.000  0.000 0.0000000000
90794  0.000  0.000  0.000 0.0000000000
90795  0.000  0.000  0.000 0.0000000000
90798  0.000  0.000  0.000 0.0000000000
90799  0.000  0.000  0.000 0.0000000000
90800  0.000  0.000  0.000 0.0000000000
90801  0.000  0.000  0.000 0.0000000000
90802  0.000  0.000  0.000 0.0000000000
90803  0.000  0.000  0.000 0.0000000000
90806  0.000  0.000  0.000 0.0000000000
90807  0.000  0.000  0.000 0.0000000000
90808  0.000  0.000  0.000 0.0000000000
90809  0.000  0.000  0.000 0.0000000000
90810  0.000  0.000  0.000 0.0000000000
90811  0.000  0.000  0.000 0.0000000000
90812  0.000  0.000  0.000 0.0000000000
90813  0.000  0.000  0.000 0.0000000000
90817  0.000  0.000  0.000 0.0000000000
90818  0.000  0.000  0.000 0.0000000000
90819  0.000  0.000  0.000 0.0000000000
90820  0.000  0.000  0.000 0.0000000000
90821  0.000  0.000  0.000 0.0000000000
90822  0.000  0.000  0.000 0.0000000000
90823  0.000  0.000  0.000 0.0000000000
90824  0.000  0.000  0.000 0.0000000000
90825  0.000  0.000  0.000 0.0000000000
90826  0.000  0.000  0.000 0.0000000000
90827  0.000  0.000  0.000 0.0000000000
90832  0.000  0.000  0.000 0.0000000000
90833  0.000  0.000  0.000 0.0000000000
90834  0.000  0.000  0.000 0.0000000000
90835  0.000  0.000  0.000 0.0000000000
90836  0.000  0.000  0.000 0.0000000000
90837  0.000  0.000  0.000 0.0000000000
90838  0.000  0.000  0.000 0.0000000000
91032  0.000  0.000  0.000 0.0000000000
91033  0.000  0.000  0.000 0.0000000000
91036  0.000  0.000  0.000 0.0000000000
91037  0.000  0.000  0.000 0.0000000000
91058  0.000  0.000  0.000 0.0000000000
91059  0.000  0.000  0.000 0.0000000000
91060  0.000  0.000  0.000 0.0000000000
91061  0.000  0.000  0.000 0.0000000000
91064  0.000  0.000  0.000 0.0000000000
91065  0.000  0.000  0.000 0.0000000000
91066  0.000  0.000  0.000 0.0000000000
91067  0.000  0.000  0.000 0.0000000000
91068  0.000  0.000  0.000 0.0000000000
91072  0.000  0.000  0.000 0.0000000000
91073  0.000  0.000  0.000 0.0000000000
91074  0.000  0.000  0.000 0.0000000000
91075  0.000  0.000  0.000 0.0000000000
91076  0.000  0.000  0.000 0.0000000000
91077  0.000  0.000  0.000 0.0000000000
91082  0.000  0.000  0.000 0.0000000000
91083  0.000  0.000  0.000 0.0000000000
91084  0.000  0.000  0.000 0.0000000000
91085  0.000  0.000  0.000 0.0000000000
91086  0.000  0.000  0.000 0.0000000000
91087  0.000  0.000  0.000 0.0000000000
91088  0.000  0.000  0.000 0.0000000000
91091  0.000  0.000  0.000 0.0000000000
91092  0.000  0.000  0.000 0.0000000000
91093  0.000  0.000  0.000 0.0000000000
91094  0.000  0.000  0.000 0.0000000000
91095  0.000  0.000  0.000 0.0000000000
91096  0.000  0.000  0.000 0.0000000000
91097  0.000  0.000  0.000 0.0000000000
91101  0.000  0.000  0.000 0.0000000000
91102  0.000  0.000  0.000 0.0000000000
91103  0.000  0.000  0.000 0.0000000000
91104  0.000  0.000  0.000 0.0000000000
91105  0.000  0.000  0.000 0.0000000000
91109  0.000  0.000  0.000 0.0000000000
91110  0.000  0.000  0.000 0.0000000000
91111  0.000  0.000  0.000 0.0000000000
91112  0.000  0.000  0.000 0.0000000000
91113  0.000  0.000  0.000 0.0000000000
91116  0.000  0.000  0.000 0.0000000000
91117  0.000  0.000  0.000 0.0000000000
91118  0.000  0.000  0.000 0.0000000000
91119  0.000  0.000  0.000 0.0000000000
91123  0.000  0.000  0.000 0.0000000000
91124  0.000  0.000  0.000 0.0000000000
91125  0.000  0.000  0.000 0.0000000000
91126  0.000  0.000  0.000 0.0000000000
91129  0.000  0.000  0.000 0.0000000000
91130  0.000  0.000  0.000 0.0000000000
91131  0.000  0.000  0.000 0.0000000000
91134  0.000  0.000  0.000 0.0000000000
91135  0.000  0.000  0.000 0.0000000000
91136  0.000  0.000  0.000 0.0000000000
91140  0.000  0.000  0.000 0.0000000000
91141  0.000  0.000  0.000 0.0000000000
91142  0.000  0.000  0.000 0.0000000000
91145  0.000  0.000  0.000 0.0000000000
91146  0.000  0.000  0.000 0.0000000000
91147  0.000  0.000  0.000 0.0000000000
91148  0.000  0.000  0.000 0.0000000000
91151  0.000  0.000  0.000 0.0000000000
91152  0.000  0.000  0.000 0.0000000000
91153  0.000  0.000  0.000 0.0000000000
91154  0.000  0.000  0.000 0.0000000000
91157  0.000  0.000  0.000 0.0000000000
91158  0.000  0.000  0.000 0.0000000000
91159  0.000  0.000  0.000 0.0000000000
91160  0.000  0.000  0.000 0.0000000000
91161  0.000  0.000  0.000 0.0000000000
91162  0.000  0.000  0.000 0.0000000000
91163  0.000  0.000  0.000 0.0000000000
91168  0.000  0.000  0.000 0.0000000000
91169  0.000  0.000  0.000 0.0000000000
91170  0.000  0.000  0.000 0.0000000000
91171  0.000  0.000  0.000 0.0000000000
91172  0.000  0.000  0.000 0.0000000000
91173  0.000  0.000  0.000 0.0000000000
91174  0.000  0.000  0.000 0.0000000000
91175  0.000  0.000  0.000 0.0000000000
91176  0.000  0.000  0.000 0.0000000000
91177  0.000  0.000  0.000 0.0000000000
91181  0.000  0.000  0.000 0.0000000000
91182  0.000  0.000  0.000 0.0000000000
91183  0.000  0.000  0.000 0.0000000000
91184  0.000  0.000  0.000 0.0000000000
91185  0.000  0.000  0.000 0.0000000000
91186  0.000  0.000  0.000 0.0000000000
91187  0.000  0.000  0.000 0.0000000000
91188  0.000  0.000  0.000 0.0000000000
91191  0.000  0.000  0.000 0.0000000000
91192  0.000  0.000  0.000 0.0000000000
91193  0.000  0.000  0.000 0.0000000000
91194  0.000  0.000  0.000 0.0000000000
91195  0.000  0.000  0.000 0.0000000000
91196  0.000  0.000  0.000 0.0000000000
91197  0.000  0.000  0.000 0.0000000000
91198  0.000  0.000  0.000 0.0000000000
91199  0.000  0.000  0.000 0.0000000000
91200  0.000  0.000  0.000 0.0000000000
91201  0.000  0.000  0.000 0.0000000000
91202  0.000  0.000  0.000 0.0000000000
91205  0.000  0.000  0.000 0.0000000000
91206  0.000  0.000  0.000 0.0000000000
91207  0.000  0.000  0.000 0.0000000000
91208  0.000  0.000  0.000 0.0000000000
91209  0.000  0.000  0.000 0.0000000000
91210  0.000  0.000  0.000 0.0000000000
91211  0.000  0.000  0.000 0.0000000000
91212  0.000  0.000  0.000 0.0000000000
91446  0.000  0.000  0.000 0.0000000000
91447  0.000  0.000  0.000 0.0000000000
91448  0.000  0.000  0.000 0.0000000000
91452  0.000  0.000  0.000 0.0000000000
91453  0.000  0.000  0.000 0.0000000000
91454  0.000  0.000  0.000 0.0000000000
91458  0.000  0.000  0.000 0.0000000000
91459  0.000  0.000  0.000 0.0000000000
91460  0.000  0.000  0.000 0.0000000000
91461  0.000  0.000  0.000 0.0000000000
91465  0.000  0.000  0.000 0.0000000000
91466  0.000  0.000  0.000 0.0000000000
91467  0.000  0.000  0.000 0.0000000000
91468  0.000  0.000  0.000 0.0000000000
91472  0.000  0.000  0.000 0.0000000000
91473  0.000  0.000  0.000 0.0000000000
91474  0.000  0.000  0.000 0.0000000000
91475  0.000  0.000  0.000 0.0000000000
91476  0.000  0.000  0.000 0.0000000000
91479  0.000  0.000  0.000 0.0000000000
91480  0.000  0.000  0.000 0.0000000000
91481  0.000  0.000  0.000 0.0000000000
91482  0.000  0.000  0.000 0.0000000000
91483  0.000  0.000  0.000 0.0000000000
91486  0.000  0.000  0.000 0.0000000000
91487  0.000  0.000  0.000 0.0000000000
91488  0.000  0.000  0.000 0.0000000000
91489  0.000  0.000  0.000 0.0000000000
91493  0.000  0.000  0.000 0.0000000000
91494  0.000  0.000  0.000 0.0000000000
91495  0.000  0.000  0.000 0.0000000000
91496  0.000  0.000  0.000 0.0000000000
91500  0.000  0.000  0.000 0.0000000000
91501  0.000  0.000  0.000 0.0000000000
91502  0.000  0.000  0.000 0.0000000000
91503  0.000  0.000  0.000 0.0000000000
91504  0.000  0.000  0.000 0.0000000000
91505  0.000  0.000  0.000 0.0000000000
91509  0.000  0.000  0.000 0.0000000000
91510  0.000  0.000  0.000 0.0000000000
91511  0.000  0.000  0.000 0.0000000000
91512  0.000  0.000  0.000 0.0000000000
91513  0.000  0.000  0.000 0.0000000000
91516  0.000  0.000  0.000 0.0000000000
91517  0.000  0.000  0.000 0.0000000000
91518  0.000  0.000  0.000 0.0000000000
91519  0.000  0.000  0.000 0.0000000000
91520  0.000  0.000  0.000 0.0000000000
91521  0.000  0.000  0.000 0.0000000000
91522  0.000  0.000  0.000 0.0000000000
91526  0.000  0.000  0.000 0.0000000000
91527  0.000  0.000  0.000 0.0000000000
91528  0.000  0.000  0.000 0.0000000000
91529  0.000  0.000  0.000 0.0000000000
91530  0.000  0.000  0.000 0.0000000000
91531  0.000  0.000  0.000 0.0000000000
91532  0.000  0.000  0.000 0.0000000000
91533  0.000  0.000  0.000 0.0000000000
91534  0.000  0.000  0.000 0.0000000000
91535  0.000  0.000  0.000 0.0000000000
91540  0.000  0.000  0.000 0.0000000000
91541  0.000  0.000  0.000 0.0000000000
91542  0.000  0.000  0.000 0.0000000000
91543  0.000  0.000  0.000 0.0000000000
91544  0.000  0.000  0.000 0.0000000000
91545  0.000  0.000  0.000 0.0000000000
91546  0.000  0.000  0.000 0.0000000000
91547  0.000  0.000  0.000 0.0000000000
91548  0.000  0.000  0.000 0.0000000000
91552  0.000  0.000  0.000 0.0000000000
91553  0.000  0.000  0.000 0.0000000000
91554  0.000  0.000  0.000 0.0000000000
91555  0.000  0.000  0.000 0.0000000000
91556  0.000  0.000  0.000 0.0000000000
91557  0.000  0.000  0.000 0.0000000000
91558  0.000  0.000  0.000 0.0000000000
91798  0.000  0.000  0.000 0.0000000000
91799  0.000  0.000  0.000 0.0000000000
91800  0.000  0.000  0.000 0.0000000000
91803  0.000  0.000  0.000 0.0000000000
91804  0.000  0.000  0.000 0.0000000000
91805  0.000  0.000  0.000 0.0000000000
91806  0.000  0.000  0.000 0.0000000000
91811  0.000  0.000  0.000 0.0000000000
91812  0.000  0.000  0.000 0.0000000000
91813  0.000  0.000  0.000 0.0000000000
91814  0.000  0.000  0.000 0.0000000000
91818  0.000  0.000  0.000 0.0000000000
91819  0.000  0.000  0.000 0.0000000000
91820  0.000  0.000  0.000 0.0000000000
91821  0.000  0.000  0.000 0.0000000000
91822  0.000  0.000  0.000 0.0000000000
91826  0.000  0.000  0.000 0.0000000000
91827  0.000  0.000  0.000 0.0000000000
91828  0.000  0.000  0.000 0.0000000000
91829  0.000  0.000  0.000 0.0000000000
91830  0.000  0.000  0.000 0.0000000000
91834  0.000  0.000  0.000 0.0000000000
91835  0.000  0.000  0.000 0.0000000000
91836  0.000  0.000  0.000 0.0000000000
91837  0.000  0.000  0.000 0.0000000000
91838  0.000  0.000  0.000 0.0000000000
91839  0.000  0.000  0.000 0.0000000000
91843  0.000  0.000  0.000 0.0000000000
91844  0.000  0.000  0.000 0.0000000000
91845  0.000  0.000  0.000 0.0000000000
91846  0.000  0.000  0.000 0.0000000000
