#!ascii label  , from subject Woofsurfer vox2ras=TkReg coords=white
1974
73270  0.000  0.000  0.000 0.0000000000
73271  0.000  0.000  0.000 0.0000000000
73277  0.000  0.000  0.000 0.0000000000
73278  0.000  0.000  0.000 0.0000000000
73822  0.000  0.000  0.000 0.0000000000
73828  0.000  0.000  0.000 0.0000000000
73829  0.000  0.000  0.000 0.0000000000
73833  0.000  0.000  0.000 0.0000000000
73834  0.000  0.000  0.000 0.0000000000
74360  0.000  0.000  0.000 0.0000000000
74361  0.000  0.000  0.000 0.0000000000
74374  0.000  0.000  0.000 0.0000000000
74375  0.000  0.000  0.000 0.0000000000
74376  0.000  0.000  0.000 0.0000000000
74389  0.000  0.000  0.000 0.0000000000
74390  0.000  0.000  0.000 0.0000000000
74404  0.000  0.000  0.000 0.0000000000
74405  0.000  0.000  0.000 0.0000000000
74418  0.000  0.000  0.000 0.0000000000
74961  0.000  0.000  0.000 0.0000000000
74962  0.000  0.000  0.000 0.0000000000
74973  0.000  0.000  0.000 0.0000000000
74974  0.000  0.000  0.000 0.0000000000
74979  0.000  0.000  0.000 0.0000000000
74980  0.000  0.000  0.000 0.0000000000
74986  0.000  0.000  0.000 0.0000000000
74987  0.000  0.000  0.000 0.0000000000
74993  0.000  0.000  0.000 0.0000000000
74994  0.000  0.000  0.000 0.0000000000
74995  0.000  0.000  0.000 0.0000000000
75000  0.000  0.000  0.000 0.0000000000
75001  0.000  0.000  0.000 0.0000000000
75007  0.000  0.000  0.000 0.0000000000
75520  0.000  0.000  0.000 0.0000000000
75531  0.000  0.000  0.000 0.0000000000
75532  0.000  0.000  0.000 0.0000000000
75543  0.000  0.000  0.000 0.0000000000
75544  0.000  0.000  0.000 0.0000000000
75553  0.000  0.000  0.000 0.0000000000
75554  0.000  0.000  0.000 0.0000000000
75562  0.000  0.000  0.000 0.0000000000
75563  0.000  0.000  0.000 0.0000000000
75564  0.000  0.000  0.000 0.0000000000
75571  0.000  0.000  0.000 0.0000000000
75572  0.000  0.000  0.000 0.0000000000
75577  0.000  0.000  0.000 0.0000000000
75578  0.000  0.000  0.000 0.0000000000
75580  0.000  0.000  0.000 0.0000000000
75581  0.000  0.000  0.000 0.0000000000
75584  0.000  0.000  0.000 0.0000000000
75585  0.000  0.000  0.000 0.0000000000
75586  0.000  0.000  0.000 0.0000000000
76095  0.000  0.000  0.000 0.0000000000
76096  0.000  0.000  0.000 0.0000000000
76104  0.000  0.000  0.000 0.0000000000
76105  0.000  0.000  0.000 0.0000000000
76106  0.000  0.000  0.000 0.0000000000
76113  0.000  0.000  0.000 0.0000000000
76114  0.000  0.000  0.000 0.0000000000
76122  0.000  0.000  0.000 0.0000000000
76123  0.000  0.000  0.000 0.0000000000
76124  0.000  0.000  0.000 0.0000000000
76133  0.000  0.000  0.000 0.0000000000
76134  0.000  0.000  0.000 0.0000000000
76142  0.000  0.000  0.000 0.0000000000
76143  0.000  0.000  0.000 0.0000000000
76149  0.000  0.000  0.000 0.0000000000
76150  0.000  0.000  0.000 0.0000000000
76155  0.000  0.000  0.000 0.0000000000
76156  0.000  0.000  0.000 0.0000000000
76161  0.000  0.000  0.000 0.0000000000
76162  0.000  0.000  0.000 0.0000000000
76675  0.000  0.000  0.000 0.0000000000
76682  0.000  0.000  0.000 0.0000000000
76683  0.000  0.000  0.000 0.0000000000
76684  0.000  0.000  0.000 0.0000000000
76690  0.000  0.000  0.000 0.0000000000
76691  0.000  0.000  0.000 0.0000000000
76697  0.000  0.000  0.000 0.0000000000
76698  0.000  0.000  0.000 0.0000000000
76699  0.000  0.000  0.000 0.0000000000
76705  0.000  0.000  0.000 0.0000000000
76706  0.000  0.000  0.000 0.0000000000
76711  0.000  0.000  0.000 0.0000000000
76712  0.000  0.000  0.000 0.0000000000
76715  0.000  0.000  0.000 0.0000000000
76716  0.000  0.000  0.000 0.0000000000
76718  0.000  0.000  0.000 0.0000000000
76719  0.000  0.000  0.000 0.0000000000
76720  0.000  0.000  0.000 0.0000000000
76722  0.000  0.000  0.000 0.0000000000
76723  0.000  0.000  0.000 0.0000000000
76726  0.000  0.000  0.000 0.0000000000
77240  0.000  0.000  0.000 0.0000000000
77241  0.000  0.000  0.000 0.0000000000
77248  0.000  0.000  0.000 0.0000000000
77249  0.000  0.000  0.000 0.0000000000
77253  0.000  0.000  0.000 0.0000000000
77254  0.000  0.000  0.000 0.0000000000
77259  0.000  0.000  0.000 0.0000000000
77264  0.000  0.000  0.000 0.0000000000
77265  0.000  0.000  0.000 0.0000000000
77268  0.000  0.000  0.000 0.0000000000
77269  0.000  0.000  0.000 0.0000000000
77272  0.000  0.000  0.000 0.0000000000
77273  0.000  0.000  0.000 0.0000000000
77276  0.000  0.000  0.000 0.0000000000
77279  0.000  0.000  0.000 0.0000000000
77280  0.000  0.000  0.000 0.0000000000
77796  0.000  0.000  0.000 0.0000000000
77797  0.000  0.000  0.000 0.0000000000
77801  0.000  0.000  0.000 0.0000000000
77802  0.000  0.000  0.000 0.0000000000
77805  0.000  0.000  0.000 0.0000000000
77806  0.000  0.000  0.000 0.0000000000
77811  0.000  0.000  0.000 0.0000000000
77812  0.000  0.000  0.000 0.0000000000
77817  0.000  0.000  0.000 0.0000000000
77818  0.000  0.000  0.000 0.0000000000
77822  0.000  0.000  0.000 0.0000000000
77823  0.000  0.000  0.000 0.0000000000
77826  0.000  0.000  0.000 0.0000000000
77827  0.000  0.000  0.000 0.0000000000
77830  0.000  0.000  0.000 0.0000000000
77831  0.000  0.000  0.000 0.0000000000
77835  0.000  0.000  0.000 0.0000000000
78351  0.000  0.000  0.000 0.0000000000
78352  0.000  0.000  0.000 0.0000000000
78357  0.000  0.000  0.000 0.0000000000
78358  0.000  0.000  0.000 0.0000000000
78362  0.000  0.000  0.000 0.0000000000
78363  0.000  0.000  0.000 0.0000000000
78365  0.000  0.000  0.000 0.0000000000
78366  0.000  0.000  0.000 0.0000000000
78369  0.000  0.000  0.000 0.0000000000
78370  0.000  0.000  0.000 0.0000000000
78374  0.000  0.000  0.000 0.0000000000
78375  0.000  0.000  0.000 0.0000000000
78378  0.000  0.000  0.000 0.0000000000
78381  0.000  0.000  0.000 0.0000000000
78382  0.000  0.000  0.000 0.0000000000
78385  0.000  0.000  0.000 0.0000000000
78388  0.000  0.000  0.000 0.0000000000
78874  0.000  0.000  0.000 0.0000000000
78875  0.000  0.000  0.000 0.0000000000
78877  0.000  0.000  0.000 0.0000000000
78878  0.000  0.000  0.000 0.0000000000
78880  0.000  0.000  0.000 0.0000000000
78884  0.000  0.000  0.000 0.0000000000
78888  0.000  0.000  0.000 0.0000000000
78891  0.000  0.000  0.000 0.0000000000
78892  0.000  0.000  0.000 0.0000000000
78895  0.000  0.000  0.000 0.0000000000
78896  0.000  0.000  0.000 0.0000000000
78900  0.000  0.000  0.000 0.0000000000
78901  0.000  0.000  0.000 0.0000000000
78904  0.000  0.000  0.000 0.0000000000
78905  0.000  0.000  0.000 0.0000000000
79434  0.000  0.000  0.000 0.0000000000
79436  0.000  0.000  0.000 0.0000000000
79437  0.000  0.000  0.000 0.0000000000
79438  0.000  0.000  0.000 0.0000000000
79440  0.000  0.000  0.000 0.0000000000
79441  0.000  0.000  0.000 0.0000000000
79446  0.000  0.000  0.000 0.0000000000
79447  0.000  0.000  0.000 0.0000000000
79450  0.000  0.000  0.000 0.0000000000
79451  0.000  0.000  0.000 0.0000000000
79454  0.000  0.000  0.000 0.0000000000
79455  0.000  0.000  0.000 0.0000000000
79457  0.000  0.000  0.000 0.0000000000
79460  0.000  0.000  0.000 0.0000000000
79461  0.000  0.000  0.000 0.0000000000
79463  0.000  0.000  0.000 0.0000000000
79466  0.000  0.000  0.000 0.0000000000
79946  0.000  0.000  0.000 0.0000000000
79947  0.000  0.000  0.000 0.0000000000
79951  0.000  0.000  0.000 0.0000000000
79952  0.000  0.000  0.000 0.0000000000
79957  0.000  0.000  0.000 0.0000000000
79958  0.000  0.000  0.000 0.0000000000
79961  0.000  0.000  0.000 0.0000000000
79964  0.000  0.000  0.000 0.0000000000
79967  0.000  0.000  0.000 0.0000000000
79970  0.000  0.000  0.000 0.0000000000
79971  0.000  0.000  0.000 0.0000000000
79974  0.000  0.000  0.000 0.0000000000
79978  0.000  0.000  0.000 0.0000000000
80482  0.000  0.000  0.000 0.0000000000
80483  0.000  0.000  0.000 0.0000000000
80488  0.000  0.000  0.000 0.0000000000
80489  0.000  0.000  0.000 0.0000000000
80495  0.000  0.000  0.000 0.0000000000
80496  0.000  0.000  0.000 0.0000000000
80497  0.000  0.000  0.000 0.0000000000
80500  0.000  0.000  0.000 0.0000000000
80501  0.000  0.000  0.000 0.0000000000
80503  0.000  0.000  0.000 0.0000000000
80506  0.000  0.000  0.000 0.0000000000
80508  0.000  0.000  0.000 0.0000000000
80509  0.000  0.000  0.000 0.0000000000
80512  0.000  0.000  0.000 0.0000000000
80513  0.000  0.000  0.000 0.0000000000
80516  0.000  0.000  0.000 0.0000000000
80517  0.000  0.000  0.000 0.0000000000
80999  0.000  0.000  0.000 0.0000000000
81004  0.000  0.000  0.000 0.0000000000
81005  0.000  0.000  0.000 0.0000000000
81007  0.000  0.000  0.000 0.0000000000
81008  0.000  0.000  0.000 0.0000000000
81011  0.000  0.000  0.000 0.0000000000
81012  0.000  0.000  0.000 0.0000000000
81015  0.000  0.000  0.000 0.0000000000
81017  0.000  0.000  0.000 0.0000000000
81018  0.000  0.000  0.000 0.0000000000
81020  0.000  0.000  0.000 0.0000000000
81021  0.000  0.000  0.000 0.0000000000
81024  0.000  0.000  0.000 0.0000000000
81480  0.000  0.000  0.000 0.0000000000
81481  0.000  0.000  0.000 0.0000000000
81484  0.000  0.000  0.000 0.0000000000
81485  0.000  0.000  0.000 0.0000000000
81486  0.000  0.000  0.000 0.0000000000
81489  0.000  0.000  0.000 0.0000000000
81490  0.000  0.000  0.000 0.0000000000
81493  0.000  0.000  0.000 0.0000000000
81494  0.000  0.000  0.000 0.0000000000
81497  0.000  0.000  0.000 0.0000000000
81500  0.000  0.000  0.000 0.0000000000
81501  0.000  0.000  0.000 0.0000000000
81503  0.000  0.000  0.000 0.0000000000
81504  0.000  0.000  0.000 0.0000000000
81507  0.000  0.000  0.000 0.0000000000
81982  0.000  0.000  0.000 0.0000000000
81986  0.000  0.000  0.000 0.0000000000
81987  0.000  0.000  0.000 0.0000000000
81988  0.000  0.000  0.000 0.0000000000
81992  0.000  0.000  0.000 0.0000000000
81993  0.000  0.000  0.000 0.0000000000
81994  0.000  0.000  0.000 0.0000000000
81997  0.000  0.000  0.000 0.0000000000
81998  0.000  0.000  0.000 0.0000000000
82001  0.000  0.000  0.000 0.0000000000
82004  0.000  0.000  0.000 0.0000000000
82005  0.000  0.000  0.000 0.0000000000
82007  0.000  0.000  0.000 0.0000000000
82008  0.000  0.000  0.000 0.0000000000
82010  0.000  0.000  0.000 0.0000000000
82014  0.000  0.000  0.000 0.0000000000
82522  0.000  0.000  0.000 0.0000000000
82523  0.000  0.000  0.000 0.0000000000
82526  0.000  0.000  0.000 0.0000000000
82527  0.000  0.000  0.000 0.0000000000
82528  0.000  0.000  0.000 0.0000000000
82529  0.000  0.000  0.000 0.0000000000
82532  0.000  0.000  0.000 0.0000000000
82533  0.000  0.000  0.000 0.0000000000
82534  0.000  0.000  0.000 0.0000000000
82537  0.000  0.000  0.000 0.0000000000
82540  0.000  0.000  0.000 0.0000000000
82541  0.000  0.000  0.000 0.0000000000
82544  0.000  0.000  0.000 0.0000000000
82545  0.000  0.000  0.000 0.0000000000
82548  0.000  0.000  0.000 0.0000000000
82549  0.000  0.000  0.000 0.0000000000
82553  0.000  0.000  0.000 0.0000000000
83112  0.000  0.000  0.000 0.0000000000
83113  0.000  0.000  0.000 0.0000000000
83114  0.000  0.000  0.000 0.0000000000
83117  0.000  0.000  0.000 0.0000000000
83118  0.000  0.000  0.000 0.0000000000
83119  0.000  0.000  0.000 0.0000000000
83120  0.000  0.000  0.000 0.0000000000
83123  0.000  0.000  0.000 0.0000000000
83126  0.000  0.000  0.000 0.0000000000
83127  0.000  0.000  0.000 0.0000000000
83130  0.000  0.000  0.000 0.0000000000
83131  0.000  0.000  0.000 0.0000000000
83134  0.000  0.000  0.000 0.0000000000
83135  0.000  0.000  0.000 0.0000000000
83139  0.000  0.000  0.000 0.0000000000
83752  0.000  0.000  0.000 0.0000000000
83753  0.000  0.000  0.000 0.0000000000
83756  0.000  0.000  0.000 0.0000000000
83757  0.000  0.000  0.000 0.0000000000
83758  0.000  0.000  0.000 0.0000000000
83759  0.000  0.000  0.000 0.0000000000
83762  0.000  0.000  0.000 0.0000000000
83765  0.000  0.000  0.000 0.0000000000
83768  0.000  0.000  0.000 0.0000000000
83769  0.000  0.000  0.000 0.0000000000
83772  0.000  0.000  0.000 0.0000000000
83773  0.000  0.000  0.000 0.0000000000
83778  0.000  0.000  0.000 0.0000000000
84408  0.000  0.000  0.000 0.0000000000
84409  0.000  0.000  0.000 0.0000000000
84412  0.000  0.000  0.000 0.0000000000
84413  0.000  0.000  0.000 0.0000000000
84414  0.000  0.000  0.000 0.0000000000
84415  0.000  0.000  0.000 0.0000000000
84418  0.000  0.000  0.000 0.0000000000
84421  0.000  0.000  0.000 0.0000000000
84424  0.000  0.000  0.000 0.0000000000
84425  0.000  0.000  0.000 0.0000000000
84428  0.000  0.000  0.000 0.0000000000
84429  0.000  0.000  0.000 0.0000000000
84434  0.000  0.000  0.000 0.0000000000
85095  0.000  0.000  0.000 0.0000000000
85096  0.000  0.000  0.000 0.0000000000
85104  0.000  0.000  0.000 0.0000000000
85105  0.000  0.000  0.000 0.0000000000
85106  0.000  0.000  0.000 0.0000000000
85107  0.000  0.000  0.000 0.0000000000
85108  0.000  0.000  0.000 0.0000000000
85116  0.000  0.000  0.000 0.0000000000
85117  0.000  0.000  0.000 0.0000000000
85126  0.000  0.000  0.000 0.0000000000
85127  0.000  0.000  0.000 0.0000000000
85136  0.000  0.000  0.000 0.0000000000
85137  0.000  0.000  0.000 0.0000000000
85148  0.000  0.000  0.000 0.0000000000
85149  0.000  0.000  0.000 0.0000000000
85162  0.000  0.000  0.000 0.0000000000
85813  0.000  0.000  0.000 0.0000000000
85820  0.000  0.000  0.000 0.0000000000
85821  0.000  0.000  0.000 0.0000000000
85822  0.000  0.000  0.000 0.0000000000
85823  0.000  0.000  0.000 0.0000000000
85824  0.000  0.000  0.000 0.0000000000
85831  0.000  0.000  0.000 0.0000000000
85832  0.000  0.000  0.000 0.0000000000
85839  0.000  0.000  0.000 0.0000000000
85840  0.000  0.000  0.000 0.0000000000
85847  0.000  0.000  0.000 0.0000000000
85848  0.000  0.000  0.000 0.0000000000
85849  0.000  0.000  0.000 0.0000000000
85857  0.000  0.000  0.000 0.0000000000
85858  0.000  0.000  0.000 0.0000000000
85859  0.000  0.000  0.000 0.0000000000
85870  0.000  0.000  0.000 0.0000000000
86502  0.000  0.000  0.000 0.0000000000
86507  0.000  0.000  0.000 0.0000000000
86508  0.000  0.000  0.000 0.0000000000
86509  0.000  0.000  0.000 0.0000000000
86510  0.000  0.000  0.000 0.0000000000
86511  0.000  0.000  0.000 0.0000000000
86517  0.000  0.000  0.000 0.0000000000
86518  0.000  0.000  0.000 0.0000000000
86525  0.000  0.000  0.000 0.0000000000
86533  0.000  0.000  0.000 0.0000000000
86534  0.000  0.000  0.000 0.0000000000
86540  0.000  0.000  0.000 0.0000000000
86541  0.000  0.000  0.000 0.0000000000
86542  0.000  0.000  0.000 0.0000000000
86550  0.000  0.000  0.000 0.0000000000
87180  0.000  0.000  0.000 0.0000000000
87184  0.000  0.000  0.000 0.0000000000
87185  0.000  0.000  0.000 0.0000000000
87186  0.000  0.000  0.000 0.0000000000
87187  0.000  0.000  0.000 0.0000000000
87188  0.000  0.000  0.000 0.0000000000
87189  0.000  0.000  0.000 0.0000000000
87193  0.000  0.000  0.000 0.0000000000
87194  0.000  0.000  0.000 0.0000000000
87195  0.000  0.000  0.000 0.0000000000
87199  0.000  0.000  0.000 0.0000000000
87200  0.000  0.000  0.000 0.0000000000
87203  0.000  0.000  0.000 0.0000000000
87204  0.000  0.000  0.000 0.0000000000
87207  0.000  0.000  0.000 0.0000000000
87208  0.000  0.000  0.000 0.0000000000
87209  0.000  0.000  0.000 0.0000000000
87213  0.000  0.000  0.000 0.0000000000
87832  0.000  0.000  0.000 0.0000000000
87834  0.000  0.000  0.000 0.0000000000
87835  0.000  0.000  0.000 0.0000000000
87836  0.000  0.000  0.000 0.0000000000
87837  0.000  0.000  0.000 0.0000000000
87838  0.000  0.000  0.000 0.0000000000
87839  0.000  0.000  0.000 0.0000000000
87841  0.000  0.000  0.000 0.0000000000
87842  0.000  0.000  0.000 0.0000000000
87844  0.000  0.000  0.000 0.0000000000
87845  0.000  0.000  0.000 0.0000000000
87847  0.000  0.000  0.000 0.0000000000
87848  0.000  0.000  0.000 0.0000000000
87849  0.000  0.000  0.000 0.0000000000
87852  0.000  0.000  0.000 0.0000000000
87853  0.000  0.000  0.000 0.0000000000
87854  0.000  0.000  0.000 0.0000000000
87857  0.000  0.000  0.000 0.0000000000
87858  0.000  0.000  0.000 0.0000000000
88472  0.000  0.000  0.000 0.0000000000
88474  0.000  0.000  0.000 0.0000000000
88475  0.000  0.000  0.000 0.0000000000
88476  0.000  0.000  0.000 0.0000000000
88477  0.000  0.000  0.000 0.0000000000
88478  0.000  0.000  0.000 0.0000000000
88479  0.000  0.000  0.000 0.0000000000
88481  0.000  0.000  0.000 0.0000000000
88482  0.000  0.000  0.000 0.0000000000
88484  0.000  0.000  0.000 0.0000000000
88485  0.000  0.000  0.000 0.0000000000
88487  0.000  0.000  0.000 0.0000000000
88488  0.000  0.000  0.000 0.0000000000
88489  0.000  0.000  0.000 0.0000000000
88490  0.000  0.000  0.000 0.0000000000
88493  0.000  0.000  0.000 0.0000000000
88494  0.000  0.000  0.000 0.0000000000
88495  0.000  0.000  0.000 0.0000000000
88496  0.000  0.000  0.000 0.0000000000
88499  0.000  0.000  0.000 0.0000000000
88500  0.000  0.000  0.000 0.0000000000
89068  0.000  0.000  0.000 0.0000000000
89070  0.000  0.000  0.000 0.0000000000
89071  0.000  0.000  0.000 0.0000000000
89072  0.000  0.000  0.000 0.0000000000
89073  0.000  0.000  0.000 0.0000000000
89074  0.000  0.000  0.000 0.0000000000
89075  0.000  0.000  0.000 0.0000000000
89077  0.000  0.000  0.000 0.0000000000
89078  0.000  0.000  0.000 0.0000000000
89080  0.000  0.000  0.000 0.0000000000
89081  0.000  0.000  0.000 0.0000000000
89083  0.000  0.000  0.000 0.0000000000
89084  0.000  0.000  0.000 0.0000000000
89085  0.000  0.000  0.000 0.0000000000
89088  0.000  0.000  0.000 0.0000000000
89089  0.000  0.000  0.000 0.0000000000
89090  0.000  0.000  0.000 0.0000000000
89091  0.000  0.000  0.000 0.0000000000
89092  0.000  0.000  0.000 0.0000000000
89095  0.000  0.000  0.000 0.0000000000
89096  0.000  0.000  0.000 0.0000000000
89098  0.000  0.000  0.000 0.0000000000
89099  0.000  0.000  0.000 0.0000000000
89100  0.000  0.000  0.000 0.0000000000
89101  0.000  0.000  0.000 0.0000000000
89105  0.000  0.000  0.000 0.0000000000
89480  0.000  0.000  0.000 0.0000000000
89485  0.000  0.000  0.000 0.0000000000
89637  0.000  0.000  0.000 0.0000000000
89638  0.000  0.000  0.000 0.0000000000
89640  0.000  0.000  0.000 0.0000000000
89641  0.000  0.000  0.000 0.0000000000
89642  0.000  0.000  0.000 0.0000000000
89643  0.000  0.000  0.000 0.0000000000
89644  0.000  0.000  0.000 0.0000000000
89645  0.000  0.000  0.000 0.0000000000
89647  0.000  0.000  0.000 0.0000000000
89648  0.000  0.000  0.000 0.0000000000
89650  0.000  0.000  0.000 0.0000000000
89651  0.000  0.000  0.000 0.0000000000
89654  0.000  0.000  0.000 0.0000000000
89655  0.000  0.000  0.000 0.0000000000
89658  0.000  0.000  0.000 0.0000000000
89659  0.000  0.000  0.000 0.0000000000
89660  0.000  0.000  0.000 0.0000000000
89661  0.000  0.000  0.000 0.0000000000
89662  0.000  0.000  0.000 0.0000000000
89664  0.000  0.000  0.000 0.0000000000
89665  0.000  0.000  0.000 0.0000000000
89666  0.000  0.000  0.000 0.0000000000
89668  0.000  0.000  0.000 0.0000000000
89669  0.000  0.000  0.000 0.0000000000
89670  0.000  0.000  0.000 0.0000000000
89671  0.000  0.000  0.000 0.0000000000
89679  0.000  0.000  0.000 0.0000000000
89680  0.000  0.000  0.000 0.0000000000
89681  0.000  0.000  0.000 0.0000000000
89682  0.000  0.000  0.000 0.0000000000
89683  0.000  0.000  0.000 0.0000000000
90038  0.000  0.000  0.000 0.0000000000
90043  0.000  0.000  0.000 0.0000000000
90048  0.000  0.000  0.000 0.0000000000
90053  0.000  0.000  0.000 0.0000000000
90054  0.000  0.000  0.000 0.0000000000
90061  0.000  0.000  0.000 0.0000000000
90195  0.000  0.000  0.000 0.0000000000
90196  0.000  0.000  0.000 0.0000000000
90198  0.000  0.000  0.000 0.0000000000
90199  0.000  0.000  0.000 0.0000000000
90200  0.000  0.000  0.000 0.0000000000
90201  0.000  0.000  0.000 0.0000000000
90202  0.000  0.000  0.000 0.0000000000
90204  0.000  0.000  0.000 0.0000000000
90205  0.000  0.000  0.000 0.0000000000
90207  0.000  0.000  0.000 0.0000000000
90210  0.000  0.000  0.000 0.0000000000
90211  0.000  0.000  0.000 0.0000000000
90213  0.000  0.000  0.000 0.0000000000
90214  0.000  0.000  0.000 0.0000000000
90215  0.000  0.000  0.000 0.0000000000
90216  0.000  0.000  0.000 0.0000000000
90218  0.000  0.000  0.000 0.0000000000
90219  0.000  0.000  0.000 0.0000000000
90220  0.000  0.000  0.000 0.0000000000
90221  0.000  0.000  0.000 0.0000000000
90228  0.000  0.000  0.000 0.0000000000
90229  0.000  0.000  0.000 0.0000000000
90230  0.000  0.000  0.000 0.0000000000
90241  0.000  0.000  0.000 0.0000000000
90242  0.000  0.000  0.000 0.0000000000
90243  0.000  0.000  0.000 0.0000000000
90244  0.000  0.000  0.000 0.0000000000
90245  0.000  0.000  0.000 0.0000000000
90257  0.000  0.000  0.000 0.0000000000
90723  0.000  0.000  0.000 0.0000000000
90727  0.000  0.000  0.000 0.0000000000
90728  0.000  0.000  0.000 0.0000000000
90732  0.000  0.000  0.000 0.0000000000
90737  0.000  0.000  0.000 0.0000000000
90743  0.000  0.000  0.000 0.0000000000
90744  0.000  0.000  0.000 0.0000000000
90749  0.000  0.000  0.000 0.0000000000
90754  0.000  0.000  0.000 0.0000000000
90878  0.000  0.000  0.000 0.0000000000
90879  0.000  0.000  0.000 0.0000000000
90880  0.000  0.000  0.000 0.0000000000
90881  0.000  0.000  0.000 0.0000000000
90883  0.000  0.000  0.000 0.0000000000
90884  0.000  0.000  0.000 0.0000000000
90885  0.000  0.000  0.000 0.0000000000
90886  0.000  0.000  0.000 0.0000000000
90887  0.000  0.000  0.000 0.0000000000
90889  0.000  0.000  0.000 0.0000000000
90890  0.000  0.000  0.000 0.0000000000
90893  0.000  0.000  0.000 0.0000000000
90894  0.000  0.000  0.000 0.0000000000
90897  0.000  0.000  0.000 0.0000000000
90898  0.000  0.000  0.000 0.0000000000
90899  0.000  0.000  0.000 0.0000000000
90901  0.000  0.000  0.000 0.0000000000
90902  0.000  0.000  0.000 0.0000000000
90903  0.000  0.000  0.000 0.0000000000
90910  0.000  0.000  0.000 0.0000000000
90911  0.000  0.000  0.000 0.0000000000
90912  0.000  0.000  0.000 0.0000000000
90913  0.000  0.000  0.000 0.0000000000
90923  0.000  0.000  0.000 0.0000000000
90924  0.000  0.000  0.000 0.0000000000
90925  0.000  0.000  0.000 0.0000000000
90935  0.000  0.000  0.000 0.0000000000
90936  0.000  0.000  0.000 0.0000000000
90937  0.000  0.000  0.000 0.0000000000
90938  0.000  0.000  0.000 0.0000000000
90939  0.000  0.000  0.000 0.0000000000
90940  0.000  0.000  0.000 0.0000000000
90941  0.000  0.000  0.000 0.0000000000
90947  0.000  0.000  0.000 0.0000000000
90948  0.000  0.000  0.000 0.0000000000
90949  0.000  0.000  0.000 0.0000000000
90950  0.000  0.000  0.000 0.0000000000
90951  0.000  0.000  0.000 0.0000000000
91108  0.000  0.000  0.000 0.0000000000
91115  0.000  0.000  0.000 0.0000000000
91121  0.000  0.000  0.000 0.0000000000
91122  0.000  0.000  0.000 0.0000000000
91128  0.000  0.000  0.000 0.0000000000
91133  0.000  0.000  0.000 0.0000000000
91138  0.000  0.000  0.000 0.0000000000
91139  0.000  0.000  0.000 0.0000000000
91144  0.000  0.000  0.000 0.0000000000
91150  0.000  0.000  0.000 0.0000000000
91261  0.000  0.000  0.000 0.0000000000
91262  0.000  0.000  0.000 0.0000000000
91263  0.000  0.000  0.000 0.0000000000
91264  0.000  0.000  0.000 0.0000000000
91266  0.000  0.000  0.000 0.0000000000
91267  0.000  0.000  0.000 0.0000000000
91268  0.000  0.000  0.000 0.0000000000
91269  0.000  0.000  0.000 0.0000000000
91272  0.000  0.000  0.000 0.0000000000
91273  0.000  0.000  0.000 0.0000000000
91276  0.000  0.000  0.000 0.0000000000
91277  0.000  0.000  0.000 0.0000000000
91279  0.000  0.000  0.000 0.0000000000
91280  0.000  0.000  0.000 0.0000000000
91281  0.000  0.000  0.000 0.0000000000
91287  0.000  0.000  0.000 0.0000000000
91288  0.000  0.000  0.000 0.0000000000
91289  0.000  0.000  0.000 0.0000000000
91298  0.000  0.000  0.000 0.0000000000
91299  0.000  0.000  0.000 0.0000000000
91300  0.000  0.000  0.000 0.0000000000
91309  0.000  0.000  0.000 0.0000000000
91310  0.000  0.000  0.000 0.0000000000
91316  0.000  0.000  0.000 0.0000000000
91317  0.000  0.000  0.000 0.0000000000
91318  0.000  0.000  0.000 0.0000000000
91319  0.000  0.000  0.000 0.0000000000
91320  0.000  0.000  0.000 0.0000000000
91321  0.000  0.000  0.000 0.0000000000
91322  0.000  0.000  0.000 0.0000000000
91323  0.000  0.000  0.000 0.0000000000
91327  0.000  0.000  0.000 0.0000000000
91328  0.000  0.000  0.000 0.0000000000
91329  0.000  0.000  0.000 0.0000000000
91330  0.000  0.000  0.000 0.0000000000
91331  0.000  0.000  0.000 0.0000000000
91332  0.000  0.000  0.000 0.0000000000
91333  0.000  0.000  0.000 0.0000000000
91451  0.000  0.000  0.000 0.0000000000
91457  0.000  0.000  0.000 0.0000000000
91464  0.000  0.000  0.000 0.0000000000
91470  0.000  0.000  0.000 0.0000000000
91471  0.000  0.000  0.000 0.0000000000
91478  0.000  0.000  0.000 0.0000000000
91485  0.000  0.000  0.000 0.0000000000
91491  0.000  0.000  0.000 0.0000000000
91492  0.000  0.000  0.000 0.0000000000
91499  0.000  0.000  0.000 0.0000000000
91508  0.000  0.000  0.000 0.0000000000
91606  0.000  0.000  0.000 0.0000000000
91607  0.000  0.000  0.000 0.0000000000
91610  0.000  0.000  0.000 0.0000000000
91611  0.000  0.000  0.000 0.0000000000
91612  0.000  0.000  0.000 0.0000000000
91613  0.000  0.000  0.000 0.0000000000
91615  0.000  0.000  0.000 0.0000000000
91616  0.000  0.000  0.000 0.0000000000
91617  0.000  0.000  0.000 0.0000000000
91620  0.000  0.000  0.000 0.0000000000
91621  0.000  0.000  0.000 0.0000000000
91623  0.000  0.000  0.000 0.0000000000
91624  0.000  0.000  0.000 0.0000000000
91625  0.000  0.000  0.000 0.0000000000
91627  0.000  0.000  0.000 0.0000000000
91628  0.000  0.000  0.000 0.0000000000
91629  0.000  0.000  0.000 0.0000000000
91637  0.000  0.000  0.000 0.0000000000
91638  0.000  0.000  0.000 0.0000000000
91639  0.000  0.000  0.000 0.0000000000
91648  0.000  0.000  0.000 0.0000000000
91649  0.000  0.000  0.000 0.0000000000
91650  0.000  0.000  0.000 0.0000000000
91657  0.000  0.000  0.000 0.0000000000
91658  0.000  0.000  0.000 0.0000000000
91659  0.000  0.000  0.000 0.0000000000
91663  0.000  0.000  0.000 0.0000000000
91664  0.000  0.000  0.000 0.0000000000
91665  0.000  0.000  0.000 0.0000000000
91666  0.000  0.000  0.000 0.0000000000
91667  0.000  0.000  0.000 0.0000000000
91668  0.000  0.000  0.000 0.0000000000
91669  0.000  0.000  0.000 0.0000000000
91673  0.000  0.000  0.000 0.0000000000
91674  0.000  0.000  0.000 0.0000000000
91675  0.000  0.000  0.000 0.0000000000
91676  0.000  0.000  0.000 0.0000000000
91677  0.000  0.000  0.000 0.0000000000
91678  0.000  0.000  0.000 0.0000000000
91679  0.000  0.000  0.000 0.0000000000
91786  0.000  0.000  0.000 0.0000000000
91787  0.000  0.000  0.000 0.0000000000
91789  0.000  0.000  0.000 0.0000000000
91792  0.000  0.000  0.000 0.0000000000
91794  0.000  0.000  0.000 0.0000000000
91795  0.000  0.000  0.000 0.0000000000
91797  0.000  0.000  0.000 0.0000000000
91802  0.000  0.000  0.000 0.0000000000
91809  0.000  0.000  0.000 0.0000000000
91810  0.000  0.000  0.000 0.0000000000
91817  0.000  0.000  0.000 0.0000000000
91825  0.000  0.000  0.000 0.0000000000
91897  0.000  0.000  0.000 0.0000000000
91898  0.000  0.000  0.000 0.0000000000
91899  0.000  0.000  0.000 0.0000000000
91900  0.000  0.000  0.000 0.0000000000
91902  0.000  0.000  0.000 0.0000000000
91903  0.000  0.000  0.000 0.0000000000
91904  0.000  0.000  0.000 0.0000000000
91905  0.000  0.000  0.000 0.0000000000
91908  0.000  0.000  0.000 0.0000000000
91909  0.000  0.000  0.000 0.0000000000
91910  0.000  0.000  0.000 0.0000000000
91913  0.000  0.000  0.000 0.0000000000
91914  0.000  0.000  0.000 0.0000000000
91916  0.000  0.000  0.000 0.0000000000
91917  0.000  0.000  0.000 0.0000000000
91918  0.000  0.000  0.000 0.0000000000
91925  0.000  0.000  0.000 0.0000000000
91926  0.000  0.000  0.000 0.0000000000
91927  0.000  0.000  0.000 0.0000000000
91936  0.000  0.000  0.000 0.0000000000
91937  0.000  0.000  0.000 0.0000000000
91938  0.000  0.000  0.000 0.0000000000
91945  0.000  0.000  0.000 0.0000000000
91946  0.000  0.000  0.000 0.0000000000
91947  0.000  0.000  0.000 0.0000000000
91952  0.000  0.000  0.000 0.0000000000
91953  0.000  0.000  0.000 0.0000000000
91954  0.000  0.000  0.000 0.0000000000
91958  0.000  0.000  0.000 0.0000000000
91959  0.000  0.000  0.000 0.0000000000
91960  0.000  0.000  0.000 0.0000000000
91961  0.000  0.000  0.000 0.0000000000
91962  0.000  0.000  0.000 0.0000000000
91963  0.000  0.000  0.000 0.0000000000
91967  0.000  0.000  0.000 0.0000000000
91968  0.000  0.000  0.000 0.0000000000
91969  0.000  0.000  0.000 0.0000000000
91970  0.000  0.000  0.000 0.0000000000
91971  0.000  0.000  0.000 0.0000000000
91972  0.000  0.000  0.000 0.0000000000
91973  0.000  0.000  0.000 0.0000000000
91974  0.000  0.000  0.000 0.0000000000
91978  0.000  0.000  0.000 0.0000000000
91979  0.000  0.000  0.000 0.0000000000
91980  0.000  0.000  0.000 0.0000000000
92082  0.000  0.000  0.000 0.0000000000
92083  0.000  0.000  0.000 0.0000000000
92085  0.000  0.000  0.000 0.0000000000
92088  0.000  0.000  0.000 0.0000000000
92090  0.000  0.000  0.000 0.0000000000
92091  0.000  0.000  0.000 0.0000000000
92093  0.000  0.000  0.000 0.0000000000
92095  0.000  0.000  0.000 0.0000000000
92098  0.000  0.000  0.000 0.0000000000
92099  0.000  0.000  0.000 0.0000000000
92101  0.000  0.000  0.000 0.0000000000
92103  0.000  0.000  0.000 0.0000000000
92105  0.000  0.000  0.000 0.0000000000
92155  0.000  0.000  0.000 0.0000000000
92156  0.000  0.000  0.000 0.0000000000
92158  0.000  0.000  0.000 0.0000000000
92159  0.000  0.000  0.000 0.0000000000
92160  0.000  0.000  0.000 0.0000000000
92161  0.000  0.000  0.000 0.0000000000
92162  0.000  0.000  0.000 0.0000000000
92165  0.000  0.000  0.000 0.0000000000
92166  0.000  0.000  0.000 0.0000000000
92167  0.000  0.000  0.000 0.0000000000
92170  0.000  0.000  0.000 0.0000000000
92171  0.000  0.000  0.000 0.0000000000
92173  0.000  0.000  0.000 0.0000000000
92174  0.000  0.000  0.000 0.0000000000
92178  0.000  0.000  0.000 0.0000000000
92179  0.000  0.000  0.000 0.0000000000
92180  0.000  0.000  0.000 0.0000000000
92188  0.000  0.000  0.000 0.0000000000
92189  0.000  0.000  0.000 0.0000000000
92190  0.000  0.000  0.000 0.0000000000
92197  0.000  0.000  0.000 0.0000000000
92198  0.000  0.000  0.000 0.0000000000
92199  0.000  0.000  0.000 0.0000000000
92205  0.000  0.000  0.000 0.0000000000
92206  0.000  0.000  0.000 0.0000000000
92207  0.000  0.000  0.000 0.0000000000
92213  0.000  0.000  0.000 0.0000000000
92214  0.000  0.000  0.000 0.0000000000
92215  0.000  0.000  0.000 0.0000000000
92219  0.000  0.000  0.000 0.0000000000
92220  0.000  0.000  0.000 0.0000000000
92221  0.000  0.000  0.000 0.0000000000
92222  0.000  0.000  0.000 0.0000000000
92223  0.000  0.000  0.000 0.0000000000
92227  0.000  0.000  0.000 0.0000000000
92228  0.000  0.000  0.000 0.0000000000
92229  0.000  0.000  0.000 0.0000000000
92230  0.000  0.000  0.000 0.0000000000
92231  0.000  0.000  0.000 0.0000000000
92232  0.000  0.000  0.000 0.0000000000
92233  0.000  0.000  0.000 0.0000000000
92237  0.000  0.000  0.000 0.0000000000
92238  0.000  0.000  0.000 0.0000000000
92239  0.000  0.000  0.000 0.0000000000
92240  0.000  0.000  0.000 0.0000000000
92241  0.000  0.000  0.000 0.0000000000
92341  0.000  0.000  0.000 0.0000000000
92342  0.000  0.000  0.000 0.0000000000
92346  0.000  0.000  0.000 0.0000000000
92349  0.000  0.000  0.000 0.0000000000
92352  0.000  0.000  0.000 0.0000000000
92353  0.000  0.000  0.000 0.0000000000
92355  0.000  0.000  0.000 0.0000000000
92357  0.000  0.000  0.000 0.0000000000
92360  0.000  0.000  0.000 0.0000000000
92361  0.000  0.000  0.000 0.0000000000
92363  0.000  0.000  0.000 0.0000000000
92365  0.000  0.000  0.000 0.0000000000
92367  0.000  0.000  0.000 0.0000000000
92419  0.000  0.000  0.000 0.0000000000
92422  0.000  0.000  0.000 0.0000000000
92423  0.000  0.000  0.000 0.0000000000
92424  0.000  0.000  0.000 0.0000000000
92426  0.000  0.000  0.000 0.0000000000
92427  0.000  0.000  0.000 0.0000000000
92428  0.000  0.000  0.000 0.0000000000
92429  0.000  0.000  0.000 0.0000000000
92432  0.000  0.000  0.000 0.0000000000
92433  0.000  0.000  0.000 0.0000000000
92434  0.000  0.000  0.000 0.0000000000
92436  0.000  0.000  0.000 0.0000000000
92437  0.000  0.000  0.000 0.0000000000
92439  0.000  0.000  0.000 0.0000000000
92440  0.000  0.000  0.000 0.0000000000
92441  0.000  0.000  0.000 0.0000000000
92448  0.000  0.000  0.000 0.0000000000
92449  0.000  0.000  0.000 0.0000000000
92450  0.000  0.000  0.000 0.0000000000
92451  0.000  0.000  0.000 0.0000000000
92461  0.000  0.000  0.000 0.0000000000
92462  0.000  0.000  0.000 0.0000000000
92463  0.000  0.000  0.000 0.0000000000
92464  0.000  0.000  0.000 0.0000000000
92472  0.000  0.000  0.000 0.0000000000
92473  0.000  0.000  0.000 0.0000000000
92474  0.000  0.000  0.000 0.0000000000
92482  0.000  0.000  0.000 0.0000000000
92483  0.000  0.000  0.000 0.0000000000
92484  0.000  0.000  0.000 0.0000000000
92490  0.000  0.000  0.000 0.0000000000
92491  0.000  0.000  0.000 0.0000000000
92492  0.000  0.000  0.000 0.0000000000
92495  0.000  0.000  0.000 0.0000000000
92496  0.000  0.000  0.000 0.0000000000
92497  0.000  0.000  0.000 0.0000000000
92498  0.000  0.000  0.000 0.0000000000
92499  0.000  0.000  0.000 0.0000000000
92503  0.000  0.000  0.000 0.0000000000
92504  0.000  0.000  0.000 0.0000000000
92505  0.000  0.000  0.000 0.0000000000
92506  0.000  0.000  0.000 0.0000000000
92507  0.000  0.000  0.000 0.0000000000
92508  0.000  0.000  0.000 0.0000000000
92512  0.000  0.000  0.000 0.0000000000
92513  0.000  0.000  0.000 0.0000000000
92514  0.000  0.000  0.000 0.0000000000
92515  0.000  0.000  0.000 0.0000000000
92516  0.000  0.000  0.000 0.0000000000
92612  0.000  0.000  0.000 0.0000000000
92613  0.000  0.000  0.000 0.0000000000
92617  0.000  0.000  0.000 0.0000000000
92619  0.000  0.000  0.000 0.0000000000
92622  0.000  0.000  0.000 0.0000000000
92623  0.000  0.000  0.000 0.0000000000
92625  0.000  0.000  0.000 0.0000000000
92628  0.000  0.000  0.000 0.0000000000
92631  0.000  0.000  0.000 0.0000000000
92632  0.000  0.000  0.000 0.0000000000
92634  0.000  0.000  0.000 0.0000000000
92636  0.000  0.000  0.000 0.0000000000
92638  0.000  0.000  0.000 0.0000000000
92685  0.000  0.000  0.000 0.0000000000
92686  0.000  0.000  0.000 0.0000000000
92688  0.000  0.000  0.000 0.0000000000
92689  0.000  0.000  0.000 0.0000000000
92690  0.000  0.000  0.000 0.0000000000
92692  0.000  0.000  0.000 0.0000000000
92693  0.000  0.000  0.000 0.0000000000
92694  0.000  0.000  0.000 0.0000000000
92697  0.000  0.000  0.000 0.0000000000
92698  0.000  0.000  0.000 0.0000000000
92700  0.000  0.000  0.000 0.0000000000
92701  0.000  0.000  0.000 0.0000000000
92706  0.000  0.000  0.000 0.0000000000
92707  0.000  0.000  0.000 0.0000000000
92708  0.000  0.000  0.000 0.0000000000
92717  0.000  0.000  0.000 0.0000000000
92718  0.000  0.000  0.000 0.0000000000
92719  0.000  0.000  0.000 0.0000000000
92726  0.000  0.000  0.000 0.0000000000
92727  0.000  0.000  0.000 0.0000000000
92728  0.000  0.000  0.000 0.0000000000
92735  0.000  0.000  0.000 0.0000000000
92736  0.000  0.000  0.000 0.0000000000
92742  0.000  0.000  0.000 0.0000000000
92743  0.000  0.000  0.000 0.0000000000
92746  0.000  0.000  0.000 0.0000000000
92747  0.000  0.000  0.000 0.0000000000
92748  0.000  0.000  0.000 0.0000000000
92751  0.000  0.000  0.000 0.0000000000
92752  0.000  0.000  0.000 0.0000000000
92753  0.000  0.000  0.000 0.0000000000
92754  0.000  0.000  0.000 0.0000000000
92758  0.000  0.000  0.000 0.0000000000
92759  0.000  0.000  0.000 0.0000000000
92760  0.000  0.000  0.000 0.0000000000
92761  0.000  0.000  0.000 0.0000000000
92762  0.000  0.000  0.000 0.0000000000
92765  0.000  0.000  0.000 0.0000000000
92766  0.000  0.000  0.000 0.0000000000
92767  0.000  0.000  0.000 0.0000000000
92768  0.000  0.000  0.000 0.0000000000
92769  0.000  0.000  0.000 0.0000000000
92770  0.000  0.000  0.000 0.0000000000
92862  0.000  0.000  0.000 0.0000000000
92863  0.000  0.000  0.000 0.0000000000
92865  0.000  0.000  0.000 0.0000000000
92867  0.000  0.000  0.000 0.0000000000
92868  0.000  0.000  0.000 0.0000000000
92871  0.000  0.000  0.000 0.0000000000
92872  0.000  0.000  0.000 0.0000000000
92874  0.000  0.000  0.000 0.0000000000
92877  0.000  0.000  0.000 0.0000000000
92880  0.000  0.000  0.000 0.0000000000
92881  0.000  0.000  0.000 0.0000000000
92883  0.000  0.000  0.000 0.0000000000
92885  0.000  0.000  0.000 0.0000000000
92887  0.000  0.000  0.000 0.0000000000
92931  0.000  0.000  0.000 0.0000000000
92932  0.000  0.000  0.000 0.0000000000
92935  0.000  0.000  0.000 0.0000000000
92936  0.000  0.000  0.000 0.0000000000
92937  0.000  0.000  0.000 0.0000000000
92939  0.000  0.000  0.000 0.0000000000
92940  0.000  0.000  0.000 0.0000000000
92941  0.000  0.000  0.000 0.0000000000
92943  0.000  0.000  0.000 0.0000000000
92944  0.000  0.000  0.000 0.0000000000
92945  0.000  0.000  0.000 0.0000000000
92948  0.000  0.000  0.000 0.0000000000
92949  0.000  0.000  0.000 0.0000000000
92951  0.000  0.000  0.000 0.0000000000
92952  0.000  0.000  0.000 0.0000000000
92959  0.000  0.000  0.000 0.0000000000
92960  0.000  0.000  0.000 0.0000000000
92961  0.000  0.000  0.000 0.0000000000
92970  0.000  0.000  0.000 0.0000000000
92971  0.000  0.000  0.000 0.0000000000
92972  0.000  0.000  0.000 0.0000000000
92979  0.000  0.000  0.000 0.0000000000
92980  0.000  0.000  0.000 0.0000000000
92988  0.000  0.000  0.000 0.0000000000
92989  0.000  0.000  0.000 0.0000000000
92994  0.000  0.000  0.000 0.0000000000
92995  0.000  0.000  0.000 0.0000000000
92998  0.000  0.000  0.000 0.0000000000
92999  0.000  0.000  0.000 0.0000000000
93000  0.000  0.000  0.000 0.0000000000
93004  0.000  0.000  0.000 0.0000000000
93005  0.000  0.000  0.000 0.0000000000
93006  0.000  0.000  0.000 0.0000000000
93007  0.000  0.000  0.000 0.0000000000
93011  0.000  0.000  0.000 0.0000000000
93012  0.000  0.000  0.000 0.0000000000
93013  0.000  0.000  0.000 0.0000000000
93014  0.000  0.000  0.000 0.0000000000
93017  0.000  0.000  0.000 0.0000000000
93018  0.000  0.000  0.000 0.0000000000
93019  0.000  0.000  0.000 0.0000000000
93020  0.000  0.000  0.000 0.0000000000
93021  0.000  0.000  0.000 0.0000000000
93110  0.000  0.000  0.000 0.0000000000
93111  0.000  0.000  0.000 0.0000000000
93113  0.000  0.000  0.000 0.0000000000
93115  0.000  0.000  0.000 0.0000000000
93116  0.000  0.000  0.000 0.0000000000
93119  0.000  0.000  0.000 0.0000000000
93121  0.000  0.000  0.000 0.0000000000
93123  0.000  0.000  0.000 0.0000000000
93124  0.000  0.000  0.000 0.0000000000
93127  0.000  0.000  0.000 0.0000000000
93128  0.000  0.000  0.000 0.0000000000
93130  0.000  0.000  0.000 0.0000000000
93132  0.000  0.000  0.000 0.0000000000
93134  0.000  0.000  0.000 0.0000000000
93176  0.000  0.000  0.000 0.0000000000
93177  0.000  0.000  0.000 0.0000000000
93180  0.000  0.000  0.000 0.0000000000
93181  0.000  0.000  0.000 0.0000000000
93182  0.000  0.000  0.000 0.0000000000
93184  0.000  0.000  0.000 0.0000000000
93185  0.000  0.000  0.000 0.0000000000
93186  0.000  0.000  0.000 0.0000000000
93188  0.000  0.000  0.000 0.0000000000
93189  0.000  0.000  0.000 0.0000000000
93192  0.000  0.000  0.000 0.0000000000
93193  0.000  0.000  0.000 0.0000000000
93199  0.000  0.000  0.000 0.0000000000
93200  0.000  0.000  0.000 0.0000000000
93209  0.000  0.000  0.000 0.0000000000
93210  0.000  0.000  0.000 0.0000000000
93211  0.000  0.000  0.000 0.0000000000
93219  0.000  0.000  0.000 0.0000000000
93220  0.000  0.000  0.000 0.0000000000
93221  0.000  0.000  0.000 0.0000000000
93228  0.000  0.000  0.000 0.0000000000
93229  0.000  0.000  0.000 0.0000000000
93235  0.000  0.000  0.000 0.0000000000
93236  0.000  0.000  0.000 0.0000000000
93240  0.000  0.000  0.000 0.0000000000
93241  0.000  0.000  0.000 0.0000000000
93245  0.000  0.000  0.000 0.0000000000
93246  0.000  0.000  0.000 0.0000000000
93247  0.000  0.000  0.000 0.0000000000
93251  0.000  0.000  0.000 0.0000000000
93252  0.000  0.000  0.000 0.0000000000
93253  0.000  0.000  0.000 0.0000000000
93254  0.000  0.000  0.000 0.0000000000
93257  0.000  0.000  0.000 0.0000000000
93258  0.000  0.000  0.000 0.0000000000
93259  0.000  0.000  0.000 0.0000000000
93262  0.000  0.000  0.000 0.0000000000
93263  0.000  0.000  0.000 0.0000000000
93264  0.000  0.000  0.000 0.0000000000
93265  0.000  0.000  0.000 0.0000000000
93266  0.000  0.000  0.000 0.0000000000
93361  0.000  0.000  0.000 0.0000000000
93363  0.000  0.000  0.000 0.0000000000
93364  0.000  0.000  0.000 0.0000000000
93366  0.000  0.000  0.000 0.0000000000
93368  0.000  0.000  0.000 0.0000000000
93369  0.000  0.000  0.000 0.0000000000
93372  0.000  0.000  0.000 0.0000000000
93373  0.000  0.000  0.000 0.0000000000
93375  0.000  0.000  0.000 0.0000000000
93377  0.000  0.000  0.000 0.0000000000
93378  0.000  0.000  0.000 0.0000000000
93381  0.000  0.000  0.000 0.0000000000
93383  0.000  0.000  0.000 0.0000000000
93385  0.000  0.000  0.000 0.0000000000
93387  0.000  0.000  0.000 0.0000000000
93428  0.000  0.000  0.000 0.0000000000
93429  0.000  0.000  0.000 0.0000000000
93432  0.000  0.000  0.000 0.0000000000
93433  0.000  0.000  0.000 0.0000000000
93434  0.000  0.000  0.000 0.0000000000
93436  0.000  0.000  0.000 0.0000000000
93437  0.000  0.000  0.000 0.0000000000
93440  0.000  0.000  0.000 0.0000000000
93441  0.000  0.000  0.000 0.0000000000
93444  0.000  0.000  0.000 0.0000000000
93445  0.000  0.000  0.000 0.0000000000
93453  0.000  0.000  0.000 0.0000000000
93454  0.000  0.000  0.000 0.0000000000
93461  0.000  0.000  0.000 0.0000000000
93462  0.000  0.000  0.000 0.0000000000
93463  0.000  0.000  0.000 0.0000000000
93470  0.000  0.000  0.000 0.0000000000
93471  0.000  0.000  0.000 0.0000000000
93477  0.000  0.000  0.000 0.0000000000
93478  0.000  0.000  0.000 0.0000000000
93483  0.000  0.000  0.000 0.0000000000
93484  0.000  0.000  0.000 0.0000000000
93488  0.000  0.000  0.000 0.0000000000
93489  0.000  0.000  0.000 0.0000000000
93490  0.000  0.000  0.000 0.0000000000
93494  0.000  0.000  0.000 0.0000000000
93495  0.000  0.000  0.000 0.0000000000
93496  0.000  0.000  0.000 0.0000000000
93499  0.000  0.000  0.000 0.0000000000
93500  0.000  0.000  0.000 0.0000000000
93501  0.000  0.000  0.000 0.0000000000
93502  0.000  0.000  0.000 0.0000000000
93505  0.000  0.000  0.000 0.0000000000
93506  0.000  0.000  0.000 0.0000000000
93507  0.000  0.000  0.000 0.0000000000
93510  0.000  0.000  0.000 0.0000000000
93511  0.000  0.000  0.000 0.0000000000
93512  0.000  0.000  0.000 0.0000000000
93513  0.000  0.000  0.000 0.0000000000
93514  0.000  0.000  0.000 0.0000000000
93594  0.000  0.000  0.000 0.0000000000
93597  0.000  0.000  0.000 0.0000000000
93599  0.000  0.000  0.000 0.0000000000
93600  0.000  0.000  0.000 0.0000000000
93602  0.000  0.000  0.000 0.0000000000
93604  0.000  0.000  0.000 0.0000000000
93607  0.000  0.000  0.000 0.0000000000
93608  0.000  0.000  0.000 0.0000000000
93611  0.000  0.000  0.000 0.0000000000
93613  0.000  0.000  0.000 0.0000000000
93614  0.000  0.000  0.000 0.0000000000
93617  0.000  0.000  0.000 0.0000000000
93619  0.000  0.000  0.000 0.0000000000
93621  0.000  0.000  0.000 0.0000000000
93623  0.000  0.000  0.000 0.0000000000
93625  0.000  0.000  0.000 0.0000000000
93663  0.000  0.000  0.000 0.0000000000
93664  0.000  0.000  0.000 0.0000000000
93665  0.000  0.000  0.000 0.0000000000
93668  0.000  0.000  0.000 0.0000000000
93669  0.000  0.000  0.000 0.0000000000
93670  0.000  0.000  0.000 0.0000000000
93672  0.000  0.000  0.000 0.0000000000
93673  0.000  0.000  0.000 0.0000000000
93676  0.000  0.000  0.000 0.0000000000
93683  0.000  0.000  0.000 0.0000000000
93692  0.000  0.000  0.000 0.0000000000
93693  0.000  0.000  0.000 0.0000000000
93700  0.000  0.000  0.000 0.0000000000
93701  0.000  0.000  0.000 0.0000000000
93708  0.000  0.000  0.000 0.0000000000
93709  0.000  0.000  0.000 0.0000000000
93714  0.000  0.000  0.000 0.0000000000
93715  0.000  0.000  0.000 0.0000000000
93720  0.000  0.000  0.000 0.0000000000
93721  0.000  0.000  0.000 0.0000000000
93725  0.000  0.000  0.000 0.0000000000
93726  0.000  0.000  0.000 0.0000000000
93727  0.000  0.000  0.000 0.0000000000
93730  0.000  0.000  0.000 0.0000000000
93731  0.000  0.000  0.000 0.0000000000
93732  0.000  0.000  0.000 0.0000000000
93735  0.000  0.000  0.000 0.0000000000
93736  0.000  0.000  0.000 0.0000000000
93737  0.000  0.000  0.000 0.0000000000
93740  0.000  0.000  0.000 0.0000000000
93741  0.000  0.000  0.000 0.0000000000
93742  0.000  0.000  0.000 0.0000000000
93743  0.000  0.000  0.000 0.0000000000
93746  0.000  0.000  0.000 0.0000000000
93747  0.000  0.000  0.000 0.0000000000
93748  0.000  0.000  0.000 0.0000000000
93749  0.000  0.000  0.000 0.0000000000
93818  0.000  0.000  0.000 0.0000000000
93819  0.000  0.000  0.000 0.0000000000
93821  0.000  0.000  0.000 0.0000000000
93823  0.000  0.000  0.000 0.0000000000
93824  0.000  0.000  0.000 0.0000000000
93826  0.000  0.000  0.000 0.0000000000
93827  0.000  0.000  0.000 0.0000000000
93829  0.000  0.000  0.000 0.0000000000
93831  0.000  0.000  0.000 0.0000000000
93832  0.000  0.000  0.000 0.0000000000
93835  0.000  0.000  0.000 0.0000000000
93837  0.000  0.000  0.000 0.0000000000
93838  0.000  0.000  0.000 0.0000000000
93841  0.000  0.000  0.000 0.0000000000
93842  0.000  0.000  0.000 0.0000000000
93845  0.000  0.000  0.000 0.0000000000
93847  0.000  0.000  0.000 0.0000000000
93849  0.000  0.000  0.000 0.0000000000
93851  0.000  0.000  0.000 0.0000000000
93853  0.000  0.000  0.000 0.0000000000
93889  0.000  0.000  0.000 0.0000000000
93890  0.000  0.000  0.000 0.0000000000
93891  0.000  0.000  0.000 0.0000000000
93894  0.000  0.000  0.000 0.0000000000
93895  0.000  0.000  0.000 0.0000000000
93897  0.000  0.000  0.000 0.0000000000
93898  0.000  0.000  0.000 0.0000000000
93904  0.000  0.000  0.000 0.0000000000
93905  0.000  0.000  0.000 0.0000000000
93913  0.000  0.000  0.000 0.0000000000
93914  0.000  0.000  0.000 0.0000000000
93921  0.000  0.000  0.000 0.0000000000
93922  0.000  0.000  0.000 0.0000000000
93929  0.000  0.000  0.000 0.0000000000
93930  0.000  0.000  0.000 0.0000000000
93936  0.000  0.000  0.000 0.0000000000
93937  0.000  0.000  0.000 0.0000000000
93942  0.000  0.000  0.000 0.0000000000
93943  0.000  0.000  0.000 0.0000000000
93948  0.000  0.000  0.000 0.0000000000
93949  0.000  0.000  0.000 0.0000000000
93953  0.000  0.000  0.000 0.0000000000
93954  0.000  0.000  0.000 0.0000000000
93957  0.000  0.000  0.000 0.0000000000
93958  0.000  0.000  0.000 0.0000000000
93959  0.000  0.000  0.000 0.0000000000
93962  0.000  0.000  0.000 0.0000000000
93963  0.000  0.000  0.000 0.0000000000
93964  0.000  0.000  0.000 0.0000000000
93967  0.000  0.000  0.000 0.0000000000
93968  0.000  0.000  0.000 0.0000000000
93969  0.000  0.000  0.000 0.0000000000
93970  0.000  0.000  0.000 0.0000000000
93973  0.000  0.000  0.000 0.0000000000
93974  0.000  0.000  0.000 0.0000000000
93975  0.000  0.000  0.000 0.0000000000
94040  0.000  0.000  0.000 0.0000000000
94042  0.000  0.000  0.000 0.0000000000
94043  0.000  0.000  0.000 0.0000000000
94045  0.000  0.000  0.000 0.0000000000
94046  0.000  0.000  0.000 0.0000000000
94048  0.000  0.000  0.000 0.0000000000
94050  0.000  0.000  0.000 0.0000000000
94051  0.000  0.000  0.000 0.0000000000
94053  0.000  0.000  0.000 0.0000000000
94055  0.000  0.000  0.000 0.0000000000
94056  0.000  0.000  0.000 0.0000000000
94059  0.000  0.000  0.000 0.0000000000
94060  0.000  0.000  0.000 0.0000000000
94062  0.000  0.000  0.000 0.0000000000
94064  0.000  0.000  0.000 0.0000000000
94065  0.000  0.000  0.000 0.0000000000
94068  0.000  0.000  0.000 0.0000000000
94070  0.000  0.000  0.000 0.0000000000
94072  0.000  0.000  0.000 0.0000000000
94074  0.000  0.000  0.000 0.0000000000
94077  0.000  0.000  0.000 0.0000000000
94113  0.000  0.000  0.000 0.0000000000
94116  0.000  0.000  0.000 0.0000000000
94117  0.000  0.000  0.000 0.0000000000
94118  0.000  0.000  0.000 0.0000000000
94120  0.000  0.000  0.000 0.0000000000
94121  0.000  0.000  0.000 0.0000000000
94124  0.000  0.000  0.000 0.0000000000
94125  0.000  0.000  0.000 0.0000000000
94133  0.000  0.000  0.000 0.0000000000
94141  0.000  0.000  0.000 0.0000000000
94147  0.000  0.000  0.000 0.0000000000
94148  0.000  0.000  0.000 0.0000000000
94155  0.000  0.000  0.000 0.0000000000
94156  0.000  0.000  0.000 0.0000000000
94161  0.000  0.000  0.000 0.0000000000
94165  0.000  0.000  0.000 0.0000000000
94166  0.000  0.000  0.000 0.0000000000
94171  0.000  0.000  0.000 0.0000000000
94172  0.000  0.000  0.000 0.0000000000
94176  0.000  0.000  0.000 0.0000000000
94177  0.000  0.000  0.000 0.0000000000
94178  0.000  0.000  0.000 0.0000000000
94181  0.000  0.000  0.000 0.0000000000
94182  0.000  0.000  0.000 0.0000000000
94183  0.000  0.000  0.000 0.0000000000
94186  0.000  0.000  0.000 0.0000000000
94187  0.000  0.000  0.000 0.0000000000
94190  0.000  0.000  0.000 0.0000000000
94191  0.000  0.000  0.000 0.0000000000
94192  0.000  0.000  0.000 0.0000000000
94193  0.000  0.000  0.000 0.0000000000
94196  0.000  0.000  0.000 0.0000000000
94197  0.000  0.000  0.000 0.0000000000
94198  0.000  0.000  0.000 0.0000000000
94268  0.000  0.000  0.000 0.0000000000
94270  0.000  0.000  0.000 0.0000000000
94271  0.000  0.000  0.000 0.0000000000
94273  0.000  0.000  0.000 0.0000000000
94275  0.000  0.000  0.000 0.0000000000
94276  0.000  0.000  0.000 0.0000000000
94278  0.000  0.000  0.000 0.0000000000
94279  0.000  0.000  0.000 0.0000000000
94281  0.000  0.000  0.000 0.0000000000
94284  0.000  0.000  0.000 0.0000000000
94285  0.000  0.000  0.000 0.0000000000
94287  0.000  0.000  0.000 0.0000000000
94288  0.000  0.000  0.000 0.0000000000
94290  0.000  0.000  0.000 0.0000000000
94291  0.000  0.000  0.000 0.0000000000
94294  0.000  0.000  0.000 0.0000000000
94295  0.000  0.000  0.000 0.0000000000
94297  0.000  0.000  0.000 0.0000000000
94299  0.000  0.000  0.000 0.0000000000
94301  0.000  0.000  0.000 0.0000000000
94304  0.000  0.000  0.000 0.0000000000
94306  0.000  0.000  0.000 0.0000000000
94307  0.000  0.000  0.000 0.0000000000
94340  0.000  0.000  0.000 0.0000000000
94343  0.000  0.000  0.000 0.0000000000
94344  0.000  0.000  0.000 0.0000000000
94345  0.000  0.000  0.000 0.0000000000
94347  0.000  0.000  0.000 0.0000000000
94348  0.000  0.000  0.000 0.0000000000
94355  0.000  0.000  0.000 0.0000000000
94356  0.000  0.000  0.000 0.0000000000
94364  0.000  0.000  0.000 0.0000000000
94365  0.000  0.000  0.000 0.0000000000
94372  0.000  0.000  0.000 0.0000000000
94373  0.000  0.000  0.000 0.0000000000
94380  0.000  0.000  0.000 0.0000000000
94381  0.000  0.000  0.000 0.0000000000
94388  0.000  0.000  0.000 0.0000000000
94392  0.000  0.000  0.000 0.0000000000
94393  0.000  0.000  0.000 0.0000000000
94398  0.000  0.000  0.000 0.0000000000
94399  0.000  0.000  0.000 0.0000000000
94403  0.000  0.000  0.000 0.0000000000
94404  0.000  0.000  0.000 0.0000000000
94405  0.000  0.000  0.000 0.0000000000
94406  0.000  0.000  0.000 0.0000000000
94409  0.000  0.000  0.000 0.0000000000
94410  0.000  0.000  0.000 0.0000000000
94411  0.000  0.000  0.000 0.0000000000
94414  0.000  0.000  0.000 0.0000000000
94415  0.000  0.000  0.000 0.0000000000
94418  0.000  0.000  0.000 0.0000000000
94419  0.000  0.000  0.000 0.0000000000
94420  0.000  0.000  0.000 0.0000000000
94423  0.000  0.000  0.000 0.0000000000
94424  0.000  0.000  0.000 0.0000000000
94425  0.000  0.000  0.000 0.0000000000
94426  0.000  0.000  0.000 0.0000000000
94490  0.000  0.000  0.000 0.0000000000
94493  0.000  0.000  0.000 0.0000000000
94494  0.000  0.000  0.000 0.0000000000
94497  0.000  0.000  0.000 0.0000000000
94498  0.000  0.000  0.000 0.0000000000
94500  0.000  0.000  0.000 0.0000000000
94501  0.000  0.000  0.000 0.0000000000
94503  0.000  0.000  0.000 0.0000000000
94504  0.000  0.000  0.000 0.0000000000
94506  0.000  0.000  0.000 0.0000000000
94507  0.000  0.000  0.000 0.0000000000
94510  0.000  0.000  0.000 0.0000000000
94511  0.000  0.000  0.000 0.0000000000
94514  0.000  0.000  0.000 0.0000000000
94515  0.000  0.000  0.000 0.0000000000
94517  0.000  0.000  0.000 0.0000000000
94518  0.000  0.000  0.000 0.0000000000
94521  0.000  0.000  0.000 0.0000000000
94522  0.000  0.000  0.000 0.0000000000
94525  0.000  0.000  0.000 0.0000000000
94527  0.000  0.000  0.000 0.0000000000
94529  0.000  0.000  0.000 0.0000000000
94530  0.000  0.000  0.000 0.0000000000
94533  0.000  0.000  0.000 0.0000000000
94534  0.000  0.000  0.000 0.0000000000
94536  0.000  0.000  0.000 0.0000000000
94537  0.000  0.000  0.000 0.0000000000
94539  0.000  0.000  0.000 0.0000000000
94541  0.000  0.000  0.000 0.0000000000
94544  0.000  0.000  0.000 0.0000000000
94571  0.000  0.000  0.000 0.0000000000
94574  0.000  0.000  0.000 0.0000000000
94575  0.000  0.000  0.000 0.0000000000
94578  0.000  0.000  0.000 0.0000000000
94579  0.000  0.000  0.000 0.0000000000
94587  0.000  0.000  0.000 0.0000000000
94594  0.000  0.000  0.000 0.0000000000
94600  0.000  0.000  0.000 0.0000000000
94607  0.000  0.000  0.000 0.0000000000
94612  0.000  0.000  0.000 0.0000000000
94613  0.000  0.000  0.000 0.0000000000
94617  0.000  0.000  0.000 0.0000000000
94618  0.000  0.000  0.000 0.0000000000
94622  0.000  0.000  0.000 0.0000000000
94623  0.000  0.000  0.000 0.0000000000
94624  0.000  0.000  0.000 0.0000000000
94627  0.000  0.000  0.000 0.0000000000
94628  0.000  0.000  0.000 0.0000000000
94629  0.000  0.000  0.000 0.0000000000
94630  0.000  0.000  0.000 0.0000000000
94633  0.000  0.000  0.000 0.0000000000
94634  0.000  0.000  0.000 0.0000000000
94635  0.000  0.000  0.000 0.0000000000
94638  0.000  0.000  0.000 0.0000000000
94639  0.000  0.000  0.000 0.0000000000
94640  0.000  0.000  0.000 0.0000000000
94641  0.000  0.000  0.000 0.0000000000
94644  0.000  0.000  0.000 0.0000000000
94645  0.000  0.000  0.000 0.0000000000
94646  0.000  0.000  0.000 0.0000000000
94647  0.000  0.000  0.000 0.0000000000
94650  0.000  0.000  0.000 0.0000000000
94651  0.000  0.000  0.000 0.0000000000
94652  0.000  0.000  0.000 0.0000000000
94715  0.000  0.000  0.000 0.0000000000
94718  0.000  0.000  0.000 0.0000000000
94720  0.000  0.000  0.000 0.0000000000
94721  0.000  0.000  0.000 0.0000000000
94723  0.000  0.000  0.000 0.0000000000
94724  0.000  0.000  0.000 0.0000000000
94726  0.000  0.000  0.000 0.0000000000
94728  0.000  0.000  0.000 0.0000000000
94729  0.000  0.000  0.000 0.0000000000
94732  0.000  0.000  0.000 0.0000000000
94733  0.000  0.000  0.000 0.0000000000
94735  0.000  0.000  0.000 0.0000000000
94736  0.000  0.000  0.000 0.0000000000
94738  0.000  0.000  0.000 0.0000000000
94739  0.000  0.000  0.000 0.0000000000
94740  0.000  0.000  0.000 0.0000000000
94743  0.000  0.000  0.000 0.0000000000
94744  0.000  0.000  0.000 0.0000000000
94746  0.000  0.000  0.000 0.0000000000
94748  0.000  0.000  0.000 0.0000000000
94749  0.000  0.000  0.000 0.0000000000
94752  0.000  0.000  0.000 0.0000000000
94754  0.000  0.000  0.000 0.0000000000
94756  0.000  0.000  0.000 0.0000000000
94758  0.000  0.000  0.000 0.0000000000
94761  0.000  0.000  0.000 0.0000000000
94787  0.000  0.000  0.000 0.0000000000
94789  0.000  0.000  0.000 0.0000000000
94790  0.000  0.000  0.000 0.0000000000
94797  0.000  0.000  0.000 0.0000000000
94798  0.000  0.000  0.000 0.0000000000
94806  0.000  0.000  0.000 0.0000000000
94807  0.000  0.000  0.000 0.0000000000
94814  0.000  0.000  0.000 0.0000000000
94820  0.000  0.000  0.000 0.0000000000
94821  0.000  0.000  0.000 0.0000000000
94828  0.000  0.000  0.000 0.0000000000
94829  0.000  0.000  0.000 0.0000000000
94833  0.000  0.000  0.000 0.0000000000
94834  0.000  0.000  0.000 0.0000000000
94839  0.000  0.000  0.000 0.0000000000
94840  0.000  0.000  0.000 0.0000000000
94844  0.000  0.000  0.000 0.0000000000
94845  0.000  0.000  0.000 0.0000000000
94846  0.000  0.000  0.000 0.0000000000
94849  0.000  0.000  0.000 0.0000000000
94850  0.000  0.000  0.000 0.0000000000
94853  0.000  0.000  0.000 0.0000000000
94854  0.000  0.000  0.000 0.0000000000
94855  0.000  0.000  0.000 0.0000000000
94858  0.000  0.000  0.000 0.0000000000
94859  0.000  0.000  0.000 0.0000000000
94860  0.000  0.000  0.000 0.0000000000
94861  0.000  0.000  0.000 0.0000000000
94864  0.000  0.000  0.000 0.0000000000
94865  0.000  0.000  0.000 0.0000000000
94866  0.000  0.000  0.000 0.0000000000
94932  0.000  0.000  0.000 0.0000000000
94934  0.000  0.000  0.000 0.0000000000
94936  0.000  0.000  0.000 0.0000000000
94937  0.000  0.000  0.000 0.0000000000
94940  0.000  0.000  0.000 0.0000000000
94942  0.000  0.000  0.000 0.0000000000
94945  0.000  0.000  0.000 0.0000000000
94946  0.000  0.000  0.000 0.0000000000
94949  0.000  0.000  0.000 0.0000000000
94950  0.000  0.000  0.000 0.0000000000
94952  0.000  0.000  0.000 0.0000000000
94953  0.000  0.000  0.000 0.0000000000
94956  0.000  0.000  0.000 0.0000000000
94957  0.000  0.000  0.000 0.0000000000
94958  0.000  0.000  0.000 0.0000000000
94960  0.000  0.000  0.000 0.0000000000
94961  0.000  0.000  0.000 0.0000000000
94963  0.000  0.000  0.000 0.0000000000
94964  0.000  0.000  0.000 0.0000000000
94967  0.000  0.000  0.000 0.0000000000
94968  0.000  0.000  0.000 0.0000000000
94970  0.000  0.000  0.000 0.0000000000
94972  0.000  0.000  0.000 0.0000000000
94975  0.000  0.000  0.000 0.0000000000
94978  0.000  0.000  0.000 0.0000000000
94980  0.000  0.000  0.000 0.0000000000
94981  0.000  0.000  0.000 0.0000000000
94984  0.000  0.000  0.000 0.0000000000
95005  0.000  0.000  0.000 0.0000000000
95008  0.000  0.000  0.000 0.0000000000
95009  0.000  0.000  0.000 0.0000000000
95018  0.000  0.000  0.000 0.0000000000
95026  0.000  0.000  0.000 0.0000000000
95027  0.000  0.000  0.000 0.0000000000
95034  0.000  0.000  0.000 0.0000000000
95035  0.000  0.000  0.000 0.0000000000
95042  0.000  0.000  0.000 0.0000000000
95043  0.000  0.000  0.000 0.0000000000
95049  0.000  0.000  0.000 0.0000000000
95054  0.000  0.000  0.000 0.0000000000
95055  0.000  0.000  0.000 0.0000000000
95060  0.000  0.000  0.000 0.0000000000
95061  0.000  0.000  0.000 0.0000000000
95064  0.000  0.000  0.000 0.0000000000
95065  0.000  0.000  0.000 0.0000000000
95068  0.000  0.000  0.000 0.0000000000
95069  0.000  0.000  0.000 0.0000000000
95070  0.000  0.000  0.000 0.0000000000
95073  0.000  0.000  0.000 0.0000000000
95074  0.000  0.000  0.000 0.0000000000
95075  0.000  0.000  0.000 0.0000000000
95078  0.000  0.000  0.000 0.0000000000
95079  0.000  0.000  0.000 0.0000000000
95080  0.000  0.000  0.000 0.0000000000
95081  0.000  0.000  0.000 0.0000000000
95084  0.000  0.000  0.000 0.0000000000
95085  0.000  0.000  0.000 0.0000000000
95086  0.000  0.000  0.000 0.0000000000
95167  0.000  0.000  0.000 0.0000000000
95168  0.000  0.000  0.000 0.0000000000
95170  0.000  0.000  0.000 0.0000000000
95171  0.000  0.000  0.000 0.0000000000
95174  0.000  0.000  0.000 0.0000000000
95175  0.000  0.000  0.000 0.0000000000
95177  0.000  0.000  0.000 0.0000000000
95178  0.000  0.000  0.000 0.0000000000
95179  0.000  0.000  0.000 0.0000000000
95181  0.000  0.000  0.000 0.0000000000
95182  0.000  0.000  0.000 0.0000000000
95185  0.000  0.000  0.000 0.0000000000
95186  0.000  0.000  0.000 0.0000000000
95189  0.000  0.000  0.000 0.0000000000
95192  0.000  0.000  0.000 0.0000000000
95195  0.000  0.000  0.000 0.0000000000
95197  0.000  0.000  0.000 0.0000000000
95198  0.000  0.000  0.000 0.0000000000
95201  0.000  0.000  0.000 0.0000000000
95202  0.000  0.000  0.000 0.0000000000
95205  0.000  0.000  0.000 0.0000000000
95226  0.000  0.000  0.000 0.0000000000
95227  0.000  0.000  0.000 0.0000000000
95234  0.000  0.000  0.000 0.0000000000
95235  0.000  0.000  0.000 0.0000000000
95243  0.000  0.000  0.000 0.0000000000
95250  0.000  0.000  0.000 0.0000000000
95256  0.000  0.000  0.000 0.0000000000
95262  0.000  0.000  0.000 0.0000000000
95266  0.000  0.000  0.000 0.0000000000
95267  0.000  0.000  0.000 0.0000000000
95271  0.000  0.000  0.000 0.0000000000
95272  0.000  0.000  0.000 0.0000000000
95273  0.000  0.000  0.000 0.0000000000
95276  0.000  0.000  0.000 0.0000000000
95277  0.000  0.000  0.000 0.0000000000
95280  0.000  0.000  0.000 0.0000000000
95281  0.000  0.000  0.000 0.0000000000
95282  0.000  0.000  0.000 0.0000000000
95286  0.000  0.000  0.000 0.0000000000
95287  0.000  0.000  0.000 0.0000000000
95288  0.000  0.000  0.000 0.0000000000
95292  0.000  0.000  0.000 0.0000000000
95293  0.000  0.000  0.000 0.0000000000
95294  0.000  0.000  0.000 0.0000000000
95298  0.000  0.000  0.000 0.0000000000
95299  0.000  0.000  0.000 0.0000000000
95300  0.000  0.000  0.000 0.0000000000
95301  0.000  0.000  0.000 0.0000000000
95304  0.000  0.000  0.000 0.0000000000
95305  0.000  0.000  0.000 0.0000000000
95381  0.000  0.000  0.000 0.0000000000
95385  0.000  0.000  0.000 0.0000000000
95387  0.000  0.000  0.000 0.0000000000
95388  0.000  0.000  0.000 0.0000000000
95390  0.000  0.000  0.000 0.0000000000
95391  0.000  0.000  0.000 0.0000000000
95392  0.000  0.000  0.000 0.0000000000
95394  0.000  0.000  0.000 0.0000000000
95395  0.000  0.000  0.000 0.0000000000
95396  0.000  0.000  0.000 0.0000000000
95399  0.000  0.000  0.000 0.0000000000
95400  0.000  0.000  0.000 0.0000000000
95403  0.000  0.000  0.000 0.0000000000
95405  0.000  0.000  0.000 0.0000000000
95406  0.000  0.000  0.000 0.0000000000
95408  0.000  0.000  0.000 0.0000000000
95409  0.000  0.000  0.000 0.0000000000
95412  0.000  0.000  0.000 0.0000000000
95414  0.000  0.000  0.000 0.0000000000
95417  0.000  0.000  0.000 0.0000000000
95418  0.000  0.000  0.000 0.0000000000
95421  0.000  0.000  0.000 0.0000000000
95438  0.000  0.000  0.000 0.0000000000
95439  0.000  0.000  0.000 0.0000000000
95448  0.000  0.000  0.000 0.0000000000
95449  0.000  0.000  0.000 0.0000000000
95457  0.000  0.000  0.000 0.0000000000
95458  0.000  0.000  0.000 0.0000000000
95465  0.000  0.000  0.000 0.0000000000
95471  0.000  0.000  0.000 0.0000000000
95472  0.000  0.000  0.000 0.0000000000
95477  0.000  0.000  0.000 0.0000000000
95478  0.000  0.000  0.000 0.0000000000
95483  0.000  0.000  0.000 0.0000000000
95484  0.000  0.000  0.000 0.0000000000
95488  0.000  0.000  0.000 0.0000000000
95489  0.000  0.000  0.000 0.0000000000
95492  0.000  0.000  0.000 0.0000000000
95493  0.000  0.000  0.000 0.0000000000
95494  0.000  0.000  0.000 0.0000000000
95498  0.000  0.000  0.000 0.0000000000
95499  0.000  0.000  0.000 0.0000000000
95500  0.000  0.000  0.000 0.0000000000
95504  0.000  0.000  0.000 0.0000000000
95505  0.000  0.000  0.000 0.0000000000
95508  0.000  0.000  0.000 0.0000000000
95509  0.000  0.000  0.000 0.0000000000
95510  0.000  0.000  0.000 0.0000000000
95511  0.000  0.000  0.000 0.0000000000
95515  0.000  0.000  0.000 0.0000000000
95516  0.000  0.000  0.000 0.0000000000
95517  0.000  0.000  0.000 0.0000000000
95596  0.000  0.000  0.000 0.0000000000
95599  0.000  0.000  0.000 0.0000000000
95601  0.000  0.000  0.000 0.0000000000
95602  0.000  0.000  0.000 0.0000000000
95605  0.000  0.000  0.000 0.0000000000
95606  0.000  0.000  0.000 0.0000000000
95608  0.000  0.000  0.000 0.0000000000
95609  0.000  0.000  0.000 0.0000000000
95610  0.000  0.000  0.000 0.0000000000
95612  0.000  0.000  0.000 0.0000000000
95613  0.000  0.000  0.000 0.0000000000
95616  0.000  0.000  0.000 0.0000000000
95617  0.000  0.000  0.000 0.0000000000
95620  0.000  0.000  0.000 0.0000000000
95623  0.000  0.000  0.000 0.0000000000
95626  0.000  0.000  0.000 0.0000000000
95627  0.000  0.000  0.000 0.0000000000
95630  0.000  0.000  0.000 0.0000000000
95631  0.000  0.000  0.000 0.0000000000
95634  0.000  0.000  0.000 0.0000000000
95638  0.000  0.000  0.000 0.0000000000
95641  0.000  0.000  0.000 0.0000000000
95644  0.000  0.000  0.000 0.0000000000
95645  0.000  0.000  0.000 0.0000000000
95653  0.000  0.000  0.000 0.0000000000
95654  0.000  0.000  0.000 0.0000000000
95663  0.000  0.000  0.000 0.0000000000
95670  0.000  0.000  0.000 0.0000000000
95671  0.000  0.000  0.000 0.0000000000
95677  0.000  0.000  0.000 0.0000000000
95678  0.000  0.000  0.000 0.0000000000
95684  0.000  0.000  0.000 0.0000000000
95685  0.000  0.000  0.000 0.0000000000
95690  0.000  0.000  0.000 0.0000000000
95694  0.000  0.000  0.000 0.0000000000
95695  0.000  0.000  0.000 0.0000000000
95698  0.000  0.000  0.000 0.0000000000
95699  0.000  0.000  0.000 0.0000000000
95700  0.000  0.000  0.000 0.0000000000
95704  0.000  0.000  0.000 0.0000000000
95705  0.000  0.000  0.000 0.0000000000
95706  0.000  0.000  0.000 0.0000000000
95710  0.000  0.000  0.000 0.0000000000
95711  0.000  0.000  0.000 0.0000000000
95714  0.000  0.000  0.000 0.0000000000
95715  0.000  0.000  0.000 0.0000000000
95718  0.000  0.000  0.000 0.0000000000
95719  0.000  0.000  0.000 0.0000000000
95720  0.000  0.000  0.000 0.0000000000
95721  0.000  0.000  0.000 0.0000000000
95725  0.000  0.000  0.000 0.0000000000
95726  0.000  0.000  0.000 0.0000000000
95810  0.000  0.000  0.000 0.0000000000
95811  0.000  0.000  0.000 0.0000000000
95814  0.000  0.000  0.000 0.0000000000
95815  0.000  0.000  0.000 0.0000000000
95816  0.000  0.000  0.000 0.0000000000
95819  0.000  0.000  0.000 0.0000000000
95820  0.000  0.000  0.000 0.0000000000
95822  0.000  0.000  0.000 0.0000000000
95825  0.000  0.000  0.000 0.0000000000
95826  0.000  0.000  0.000 0.0000000000
95829  0.000  0.000  0.000 0.0000000000
95830  0.000  0.000  0.000 0.0000000000
95833  0.000  0.000  0.000 0.0000000000
95836  0.000  0.000  0.000 0.0000000000
95839  0.000  0.000  0.000 0.0000000000
95840  0.000  0.000  0.000 0.0000000000
95842  0.000  0.000  0.000 0.0000000000
95849  0.000  0.000  0.000 0.0000000000
95850  0.000  0.000  0.000 0.0000000000
95859  0.000  0.000  0.000 0.0000000000
95860  0.000  0.000  0.000 0.0000000000
95868  0.000  0.000  0.000 0.0000000000
95875  0.000  0.000  0.000 0.0000000000
95880  0.000  0.000  0.000 0.0000000000
95885  0.000  0.000  0.000 0.0000000000
95890  0.000  0.000  0.000 0.0000000000
95893  0.000  0.000  0.000 0.0000000000
95894  0.000  0.000  0.000 0.0000000000
95898  0.000  0.000  0.000 0.0000000000
95899  0.000  0.000  0.000 0.0000000000
95900  0.000  0.000  0.000 0.0000000000
95904  0.000  0.000  0.000 0.0000000000
95905  0.000  0.000  0.000 0.0000000000
95908  0.000  0.000  0.000 0.0000000000
95909  0.000  0.000  0.000 0.0000000000
95912  0.000  0.000  0.000 0.0000000000
95913  0.000  0.000  0.000 0.0000000000
95914  0.000  0.000  0.000 0.0000000000
95915  0.000  0.000  0.000 0.0000000000
95919  0.000  0.000  0.000 0.0000000000
95920  0.000  0.000  0.000 0.0000000000
95921  0.000  0.000  0.000 0.0000000000
95922  0.000  0.000  0.000 0.0000000000
96001  0.000  0.000  0.000 0.0000000000
96004  0.000  0.000  0.000 0.0000000000
96005  0.000  0.000  0.000 0.0000000000
96006  0.000  0.000  0.000 0.0000000000
96008  0.000  0.000  0.000 0.0000000000
96009  0.000  0.000  0.000 0.0000000000
96010  0.000  0.000  0.000 0.0000000000
96013  0.000  0.000  0.000 0.0000000000
96014  0.000  0.000  0.000 0.0000000000
96017  0.000  0.000  0.000 0.0000000000
96018  0.000  0.000  0.000 0.0000000000
96021  0.000  0.000  0.000 0.0000000000
96024  0.000  0.000  0.000 0.0000000000
96027  0.000  0.000  0.000 0.0000000000
96028  0.000  0.000  0.000 0.0000000000
96031  0.000  0.000  0.000 0.0000000000
96032  0.000  0.000  0.000 0.0000000000
96037  0.000  0.000  0.000 0.0000000000
96038  0.000  0.000  0.000 0.0000000000
96047  0.000  0.000  0.000 0.0000000000
96048  0.000  0.000  0.000 0.0000000000
96056  0.000  0.000  0.000 0.0000000000
96057  0.000  0.000  0.000 0.0000000000
96064  0.000  0.000  0.000 0.0000000000
96065  0.000  0.000  0.000 0.0000000000
96070  0.000  0.000  0.000 0.0000000000
96074  0.000  0.000  0.000 0.0000000000
96075  0.000  0.000  0.000 0.0000000000
96080  0.000  0.000  0.000 0.0000000000
96081  0.000  0.000  0.000 0.0000000000
96085  0.000  0.000  0.000 0.0000000000
96086  0.000  0.000  0.000 0.0000000000
96089  0.000  0.000  0.000 0.0000000000
96090  0.000  0.000  0.000 0.0000000000
96091  0.000  0.000  0.000 0.0000000000
96095  0.000  0.000  0.000 0.0000000000
96096  0.000  0.000  0.000 0.0000000000
96097  0.000  0.000  0.000 0.0000000000
96100  0.000  0.000  0.000 0.0000000000
96101  0.000  0.000  0.000 0.0000000000
96102  0.000  0.000  0.000 0.0000000000
96106  0.000  0.000  0.000 0.0000000000
96107  0.000  0.000  0.000 0.0000000000
96108  0.000  0.000  0.000 0.0000000000
96109  0.000  0.000  0.000 0.0000000000
96113  0.000  0.000  0.000 0.0000000000
96114  0.000  0.000  0.000 0.0000000000
96115  0.000  0.000  0.000 0.0000000000
96116  0.000  0.000  0.000 0.0000000000
96120  0.000  0.000  0.000 0.0000000000
96121  0.000  0.000  0.000 0.0000000000
96206  0.000  0.000  0.000 0.0000000000
96207  0.000  0.000  0.000 0.0000000000
96210  0.000  0.000  0.000 0.0000000000
96211  0.000  0.000  0.000 0.0000000000
96212  0.000  0.000  0.000 0.0000000000
96215  0.000  0.000  0.000 0.0000000000
96216  0.000  0.000  0.000 0.0000000000
96217  0.000  0.000  0.000 0.0000000000
96220  0.000  0.000  0.000 0.0000000000
96221  0.000  0.000  0.000 0.0000000000
96224  0.000  0.000  0.000 0.0000000000
96227  0.000  0.000  0.000 0.0000000000
96228  0.000  0.000  0.000 0.0000000000
96231  0.000  0.000  0.000 0.0000000000
96232  0.000  0.000  0.000 0.0000000000
96235  0.000  0.000  0.000 0.0000000000
96243  0.000  0.000  0.000 0.0000000000
96244  0.000  0.000  0.000 0.0000000000
96253  0.000  0.000  0.000 0.0000000000
96261  0.000  0.000  0.000 0.0000000000
96267  0.000  0.000  0.000 0.0000000000
96268  0.000  0.000  0.000 0.0000000000
96274  0.000  0.000  0.000 0.0000000000
96279  0.000  0.000  0.000 0.0000000000
96280  0.000  0.000  0.000 0.0000000000
96284  0.000  0.000  0.000 0.0000000000
96285  0.000  0.000  0.000 0.0000000000
96288  0.000  0.000  0.000 0.0000000000
96289  0.000  0.000  0.000 0.0000000000
96290  0.000  0.000  0.000 0.0000000000
96293  0.000  0.000  0.000 0.0000000000
96294  0.000  0.000  0.000 0.0000000000
96295  0.000  0.000  0.000 0.0000000000
96296  0.000  0.000  0.000 0.0000000000
96300  0.000  0.000  0.000 0.0000000000
96301  0.000  0.000  0.000 0.0000000000
96302  0.000  0.000  0.000 0.0000000000
96306  0.000  0.000  0.000 0.0000000000
96307  0.000  0.000  0.000 0.0000000000
96308  0.000  0.000  0.000 0.0000000000
96309  0.000  0.000  0.000 0.0000000000
96314  0.000  0.000  0.000 0.0000000000
96315  0.000  0.000  0.000 0.0000000000
96316  0.000  0.000  0.000 0.0000000000
96320  0.000  0.000  0.000 0.0000000000
96321  0.000  0.000  0.000 0.0000000000
96402  0.000  0.000  0.000 0.0000000000
96403  0.000  0.000  0.000 0.0000000000
96406  0.000  0.000  0.000 0.0000000000
96407  0.000  0.000  0.000 0.0000000000
96408  0.000  0.000  0.000 0.0000000000
96409  0.000  0.000  0.000 0.0000000000
96412  0.000  0.000  0.000 0.0000000000
96413  0.000  0.000  0.000 0.0000000000
96414  0.000  0.000  0.000 0.0000000000
96417  0.000  0.000  0.000 0.0000000000
96418  0.000  0.000  0.000 0.0000000000
96421  0.000  0.000  0.000 0.0000000000
96422  0.000  0.000  0.000 0.0000000000
96425  0.000  0.000  0.000 0.0000000000
96431  0.000  0.000  0.000 0.0000000000
96439  0.000  0.000  0.000 0.0000000000
96440  0.000  0.000  0.000 0.0000000000
96448  0.000  0.000  0.000 0.0000000000
96455  0.000  0.000  0.000 0.0000000000
96460  0.000  0.000  0.000 0.0000000000
96461  0.000  0.000  0.000 0.0000000000
96466  0.000  0.000  0.000 0.0000000000
96467  0.000  0.000  0.000 0.0000000000
96468  0.000  0.000  0.000 0.0000000000
96471  0.000  0.000  0.000 0.0000000000
96472  0.000  0.000  0.000 0.0000000000
96475  0.000  0.000  0.000 0.0000000000
96476  0.000  0.000  0.000 0.0000000000
96477  0.000  0.000  0.000 0.0000000000
96480  0.000  0.000  0.000 0.0000000000
96481  0.000  0.000  0.000 0.0000000000
96482  0.000  0.000  0.000 0.0000000000
96483  0.000  0.000  0.000 0.0000000000
96486  0.000  0.000  0.000 0.0000000000
96487  0.000  0.000  0.000 0.0000000000
96488  0.000  0.000  0.000 0.0000000000
96491  0.000  0.000  0.000 0.0000000000
96492  0.000  0.000  0.000 0.0000000000
96493  0.000  0.000  0.000 0.0000000000
96496  0.000  0.000  0.000 0.0000000000
96497  0.000  0.000  0.000 0.0000000000
96498  0.000  0.000  0.000 0.0000000000
96502  0.000  0.000  0.000 0.0000000000
96503  0.000  0.000  0.000 0.0000000000
96589  0.000  0.000  0.000 0.0000000000
96590  0.000  0.000  0.000 0.0000000000
96591  0.000  0.000  0.000 0.0000000000
96594  0.000  0.000  0.000 0.0000000000
96595  0.000  0.000  0.000 0.0000000000
96596  0.000  0.000  0.000 0.0000000000
96599  0.000  0.000  0.000 0.0000000000
96600  0.000  0.000  0.000 0.0000000000
96602  0.000  0.000  0.000 0.0000000000
96603  0.000  0.000  0.000 0.0000000000
96606  0.000  0.000  0.000 0.0000000000
96607  0.000  0.000  0.000 0.0000000000
96614  0.000  0.000  0.000 0.0000000000
96623  0.000  0.000  0.000 0.0000000000
96624  0.000  0.000  0.000 0.0000000000
96632  0.000  0.000  0.000 0.0000000000
96638  0.000  0.000  0.000 0.0000000000
96643  0.000  0.000  0.000 0.0000000000
96644  0.000  0.000  0.000 0.0000000000
96648  0.000  0.000  0.000 0.0000000000
96649  0.000  0.000  0.000 0.0000000000
96650  0.000  0.000  0.000 0.0000000000
96653  0.000  0.000  0.000 0.0000000000
96654  0.000  0.000  0.000 0.0000000000
96655  0.000  0.000  0.000 0.0000000000
96656  0.000  0.000  0.000 0.0000000000
96659  0.000  0.000  0.000 0.0000000000
96660  0.000  0.000  0.000 0.0000000000
96661  0.000  0.000  0.000 0.0000000000
96662  0.000  0.000  0.000 0.0000000000
96665  0.000  0.000  0.000 0.0000000000
96666  0.000  0.000  0.000 0.0000000000
96667  0.000  0.000  0.000 0.0000000000
96668  0.000  0.000  0.000 0.0000000000
96671  0.000  0.000  0.000 0.0000000000
96672  0.000  0.000  0.000 0.0000000000
96673  0.000  0.000  0.000 0.0000000000
96676  0.000  0.000  0.000 0.0000000000
96677  0.000  0.000  0.000 0.0000000000
96678  0.000  0.000  0.000 0.0000000000
96681  0.000  0.000  0.000 0.0000000000
96682  0.000  0.000  0.000 0.0000000000
96772  0.000  0.000  0.000 0.0000000000
96773  0.000  0.000  0.000 0.0000000000
96776  0.000  0.000  0.000 0.0000000000
96777  0.000  0.000  0.000 0.0000000000
96778  0.000  0.000  0.000 0.0000000000
96780  0.000  0.000  0.000 0.0000000000
96781  0.000  0.000  0.000 0.0000000000
96782  0.000  0.000  0.000 0.0000000000
96785  0.000  0.000  0.000 0.0000000000
96786  0.000  0.000  0.000 0.0000000000
96789  0.000  0.000  0.000 0.0000000000
96790  0.000  0.000  0.000 0.0000000000
96799  0.000  0.000  0.000 0.0000000000
96807  0.000  0.000  0.000 0.0000000000
96808  0.000  0.000  0.000 0.0000000000
96815  0.000  0.000  0.000 0.0000000000
96820  0.000  0.000  0.000 0.0000000000
96823  0.000  0.000  0.000 0.0000000000
96824  0.000  0.000  0.000 0.0000000000
96825  0.000  0.000  0.000 0.0000000000
96829  0.000  0.000  0.000 0.0000000000
96830  0.000  0.000  0.000 0.0000000000
96831  0.000  0.000  0.000 0.0000000000
96835  0.000  0.000  0.000 0.0000000000
96836  0.000  0.000  0.000 0.0000000000
96837  0.000  0.000  0.000 0.0000000000
96841  0.000  0.000  0.000 0.0000000000
96842  0.000  0.000  0.000 0.0000000000
96843  0.000  0.000  0.000 0.0000000000
96847  0.000  0.000  0.000 0.0000000000
96848  0.000  0.000  0.000 0.0000000000
96849  0.000  0.000  0.000 0.0000000000
96852  0.000  0.000  0.000 0.0000000000
96853  0.000  0.000  0.000 0.0000000000
96943  0.000  0.000  0.000 0.0000000000
96946  0.000  0.000  0.000 0.0000000000
96947  0.000  0.000  0.000 0.0000000000
96950  0.000  0.000  0.000 0.0000000000
96951  0.000  0.000  0.000 0.0000000000
96952  0.000  0.000  0.000 0.0000000000
96955  0.000  0.000  0.000 0.0000000000
96956  0.000  0.000  0.000 0.0000000000
96960  0.000  0.000  0.000 0.0000000000
96961  0.000  0.000  0.000 0.0000000000
96970  0.000  0.000  0.000 0.0000000000
96971  0.000  0.000  0.000 0.0000000000
96978  0.000  0.000  0.000 0.0000000000
96979  0.000  0.000  0.000 0.0000000000
96985  0.000  0.000  0.000 0.0000000000
96986  0.000  0.000  0.000 0.0000000000
96990  0.000  0.000  0.000 0.0000000000
96991  0.000  0.000  0.000 0.0000000000
96992  0.000  0.000  0.000 0.0000000000
96996  0.000  0.000  0.000 0.0000000000
96997  0.000  0.000  0.000 0.0000000000
96998  0.000  0.000  0.000 0.0000000000
97002  0.000  0.000  0.000 0.0000000000
97003  0.000  0.000  0.000 0.0000000000
97004  0.000  0.000  0.000 0.0000000000
97007  0.000  0.000  0.000 0.0000000000
97008  0.000  0.000  0.000 0.0000000000
97009  0.000  0.000  0.000 0.0000000000
97012  0.000  0.000  0.000 0.0000000000
97013  0.000  0.000  0.000 0.0000000000
97014  0.000  0.000  0.000 0.0000000000
97109  0.000  0.000  0.000 0.0000000000
97110  0.000  0.000  0.000 0.0000000000
97111  0.000  0.000  0.000 0.0000000000
97113  0.000  0.000  0.000 0.0000000000
97114  0.000  0.000  0.000 0.0000000000
97115  0.000  0.000  0.000 0.0000000000
97121  0.000  0.000  0.000 0.0000000000
97122  0.000  0.000  0.000 0.0000000000
97131  0.000  0.000  0.000 0.0000000000
97132  0.000  0.000  0.000 0.0000000000
97139  0.000  0.000  0.000 0.0000000000
97145  0.000  0.000  0.000 0.0000000000
97146  0.000  0.000  0.000 0.0000000000
97147  0.000  0.000  0.000 0.0000000000
97151  0.000  0.000  0.000 0.0000000000
97152  0.000  0.000  0.000 0.0000000000
97153  0.000  0.000  0.000 0.0000000000
97154  0.000  0.000  0.000 0.0000000000
97157  0.000  0.000  0.000 0.0000000000
97158  0.000  0.000  0.000 0.0000000000
97159  0.000  0.000  0.000 0.0000000000
97160  0.000  0.000  0.000 0.0000000000
97163  0.000  0.000  0.000 0.0000000000
97164  0.000  0.000  0.000 0.0000000000
97165  0.000  0.000  0.000 0.0000000000
97166  0.000  0.000  0.000 0.0000000000
97169  0.000  0.000  0.000 0.0000000000
97170  0.000  0.000  0.000 0.0000000000
97171  0.000  0.000  0.000 0.0000000000
97268  0.000  0.000  0.000 0.0000000000
97270  0.000  0.000  0.000 0.0000000000
97271  0.000  0.000  0.000 0.0000000000
97278  0.000  0.000  0.000 0.0000000000
97279  0.000  0.000  0.000 0.0000000000
97287  0.000  0.000  0.000 0.0000000000
97288  0.000  0.000  0.000 0.0000000000
97294  0.000  0.000  0.000 0.0000000000
97295  0.000  0.000  0.000 0.0000000000
97301  0.000  0.000  0.000 0.0000000000
97302  0.000  0.000  0.000 0.0000000000
97303  0.000  0.000  0.000 0.0000000000
97307  0.000  0.000  0.000 0.0000000000
97308  0.000  0.000  0.000 0.0000000000
97309  0.000  0.000  0.000 0.0000000000
97310  0.000  0.000  0.000 0.0000000000
97314  0.000  0.000  0.000 0.0000000000
97315  0.000  0.000  0.000 0.0000000000
97316  0.000  0.000  0.000 0.0000000000
97319  0.000  0.000  0.000 0.0000000000
97320  0.000  0.000  0.000 0.0000000000
97418  0.000  0.000  0.000 0.0000000000
97421  0.000  0.000  0.000 0.0000000000
97422  0.000  0.000  0.000 0.0000000000
97430  0.000  0.000  0.000 0.0000000000
97431  0.000  0.000  0.000 0.0000000000
97432  0.000  0.000  0.000 0.0000000000
97440  0.000  0.000  0.000 0.0000000000
97441  0.000  0.000  0.000 0.0000000000
97448  0.000  0.000  0.000 0.0000000000
97449  0.000  0.000  0.000 0.0000000000
97455  0.000  0.000  0.000 0.0000000000
97456  0.000  0.000  0.000 0.0000000000
97457  0.000  0.000  0.000 0.0000000000
97460  0.000  0.000  0.000 0.0000000000
97461  0.000  0.000  0.000 0.0000000000
97462  0.000  0.000  0.000 0.0000000000
97568  0.000  0.000  0.000 0.0000000000
97576  0.000  0.000  0.000 0.0000000000
97577  0.000  0.000  0.000 0.0000000000
97583  0.000  0.000  0.000 0.0000000000
97584  0.000  0.000  0.000 0.0000000000
97588  0.000  0.000  0.000 0.0000000000
97589  0.000  0.000  0.000 0.0000000000
