#!ascii label  , from subject Woofsurfer vox2ras=TkReg coords=white
2162
81063  0.000  0.000  0.000 0.0000000000
81066  0.000  0.000  0.000 0.0000000000
81540  0.000  0.000  0.000 0.0000000000
81543  0.000  0.000  0.000 0.0000000000
81544  0.000  0.000  0.000 0.0000000000
81547  0.000  0.000  0.000 0.0000000000
81548  0.000  0.000  0.000 0.0000000000
81550  0.000  0.000  0.000 0.0000000000
81551  0.000  0.000  0.000 0.0000000000
81553  0.000  0.000  0.000 0.0000000000
81554  0.000  0.000  0.000 0.0000000000
81556  0.000  0.000  0.000 0.0000000000
81557  0.000  0.000  0.000 0.0000000000
82040  0.000  0.000  0.000 0.0000000000
82041  0.000  0.000  0.000 0.0000000000
82043  0.000  0.000  0.000 0.0000000000
82044  0.000  0.000  0.000 0.0000000000
82046  0.000  0.000  0.000 0.0000000000
82047  0.000  0.000  0.000 0.0000000000
82050  0.000  0.000  0.000 0.0000000000
82053  0.000  0.000  0.000 0.0000000000
82056  0.000  0.000  0.000 0.0000000000
82059  0.000  0.000  0.000 0.0000000000
82060  0.000  0.000  0.000 0.0000000000
82571  0.000  0.000  0.000 0.0000000000
82572  0.000  0.000  0.000 0.0000000000
82575  0.000  0.000  0.000 0.0000000000
82576  0.000  0.000  0.000 0.0000000000
82579  0.000  0.000  0.000 0.0000000000
82580  0.000  0.000  0.000 0.0000000000
82582  0.000  0.000  0.000 0.0000000000
82584  0.000  0.000  0.000 0.0000000000
82585  0.000  0.000  0.000 0.0000000000
82587  0.000  0.000  0.000 0.0000000000
82588  0.000  0.000  0.000 0.0000000000
82590  0.000  0.000  0.000 0.0000000000
82591  0.000  0.000  0.000 0.0000000000
82593  0.000  0.000  0.000 0.0000000000
82594  0.000  0.000  0.000 0.0000000000
82596  0.000  0.000  0.000 0.0000000000
82597  0.000  0.000  0.000 0.0000000000
82598  0.000  0.000  0.000 0.0000000000
82600  0.000  0.000  0.000 0.0000000000
83150  0.000  0.000  0.000 0.0000000000
83155  0.000  0.000  0.000 0.0000000000
83159  0.000  0.000  0.000 0.0000000000
83160  0.000  0.000  0.000 0.0000000000
83163  0.000  0.000  0.000 0.0000000000
83166  0.000  0.000  0.000 0.0000000000
83167  0.000  0.000  0.000 0.0000000000
83174  0.000  0.000  0.000 0.0000000000
83175  0.000  0.000  0.000 0.0000000000
83182  0.000  0.000  0.000 0.0000000000
83183  0.000  0.000  0.000 0.0000000000
83191  0.000  0.000  0.000 0.0000000000
83200  0.000  0.000  0.000 0.0000000000
83210  0.000  0.000  0.000 0.0000000000
83220  0.000  0.000  0.000 0.0000000000
83221  0.000  0.000  0.000 0.0000000000
83231  0.000  0.000  0.000 0.0000000000
83232  0.000  0.000  0.000 0.0000000000
83789  0.000  0.000  0.000 0.0000000000
83790  0.000  0.000  0.000 0.0000000000
83793  0.000  0.000  0.000 0.0000000000
83794  0.000  0.000  0.000 0.0000000000
83797  0.000  0.000  0.000 0.0000000000
83798  0.000  0.000  0.000 0.0000000000
83801  0.000  0.000  0.000 0.0000000000
83802  0.000  0.000  0.000 0.0000000000
83805  0.000  0.000  0.000 0.0000000000
83806  0.000  0.000  0.000 0.0000000000
83813  0.000  0.000  0.000 0.0000000000
83814  0.000  0.000  0.000 0.0000000000
83822  0.000  0.000  0.000 0.0000000000
83823  0.000  0.000  0.000 0.0000000000
83830  0.000  0.000  0.000 0.0000000000
83831  0.000  0.000  0.000 0.0000000000
83837  0.000  0.000  0.000 0.0000000000
83838  0.000  0.000  0.000 0.0000000000
83844  0.000  0.000  0.000 0.0000000000
83845  0.000  0.000  0.000 0.0000000000
83849  0.000  0.000  0.000 0.0000000000
83850  0.000  0.000  0.000 0.0000000000
83855  0.000  0.000  0.000 0.0000000000
84437  0.000  0.000  0.000 0.0000000000
84441  0.000  0.000  0.000 0.0000000000
84442  0.000  0.000  0.000 0.0000000000
84446  0.000  0.000  0.000 0.0000000000
84447  0.000  0.000  0.000 0.0000000000
84450  0.000  0.000  0.000 0.0000000000
84451  0.000  0.000  0.000 0.0000000000
84454  0.000  0.000  0.000 0.0000000000
84455  0.000  0.000  0.000 0.0000000000
84458  0.000  0.000  0.000 0.0000000000
84459  0.000  0.000  0.000 0.0000000000
84460  0.000  0.000  0.000 0.0000000000
84463  0.000  0.000  0.000 0.0000000000
84464  0.000  0.000  0.000 0.0000000000
84470  0.000  0.000  0.000 0.0000000000
84471  0.000  0.000  0.000 0.0000000000
84472  0.000  0.000  0.000 0.0000000000
84479  0.000  0.000  0.000 0.0000000000
84480  0.000  0.000  0.000 0.0000000000
84488  0.000  0.000  0.000 0.0000000000
84489  0.000  0.000  0.000 0.0000000000
84497  0.000  0.000  0.000 0.0000000000
84498  0.000  0.000  0.000 0.0000000000
84506  0.000  0.000  0.000 0.0000000000
84507  0.000  0.000  0.000 0.0000000000
84513  0.000  0.000  0.000 0.0000000000
84514  0.000  0.000  0.000 0.0000000000
84515  0.000  0.000  0.000 0.0000000000
84521  0.000  0.000  0.000 0.0000000000
85170  0.000  0.000  0.000 0.0000000000
85174  0.000  0.000  0.000 0.0000000000
85175  0.000  0.000  0.000 0.0000000000
85178  0.000  0.000  0.000 0.0000000000
85179  0.000  0.000  0.000 0.0000000000
85183  0.000  0.000  0.000 0.0000000000
85184  0.000  0.000  0.000 0.0000000000
85185  0.000  0.000  0.000 0.0000000000
85190  0.000  0.000  0.000 0.0000000000
85191  0.000  0.000  0.000 0.0000000000
85192  0.000  0.000  0.000 0.0000000000
85199  0.000  0.000  0.000 0.0000000000
85200  0.000  0.000  0.000 0.0000000000
85208  0.000  0.000  0.000 0.0000000000
85209  0.000  0.000  0.000 0.0000000000
85217  0.000  0.000  0.000 0.0000000000
85218  0.000  0.000  0.000 0.0000000000
85219  0.000  0.000  0.000 0.0000000000
85228  0.000  0.000  0.000 0.0000000000
85229  0.000  0.000  0.000 0.0000000000
85238  0.000  0.000  0.000 0.0000000000
85239  0.000  0.000  0.000 0.0000000000
85247  0.000  0.000  0.000 0.0000000000
85248  0.000  0.000  0.000 0.0000000000
85256  0.000  0.000  0.000 0.0000000000
85257  0.000  0.000  0.000 0.0000000000
85264  0.000  0.000  0.000 0.0000000000
85265  0.000  0.000  0.000 0.0000000000
85266  0.000  0.000  0.000 0.0000000000
85273  0.000  0.000  0.000 0.0000000000
85274  0.000  0.000  0.000 0.0000000000
85877  0.000  0.000  0.000 0.0000000000
85878  0.000  0.000  0.000 0.0000000000
85880  0.000  0.000  0.000 0.0000000000
85881  0.000  0.000  0.000 0.0000000000
85883  0.000  0.000  0.000 0.0000000000
85884  0.000  0.000  0.000 0.0000000000
85887  0.000  0.000  0.000 0.0000000000
85888  0.000  0.000  0.000 0.0000000000
85891  0.000  0.000  0.000 0.0000000000
85892  0.000  0.000  0.000 0.0000000000
85897  0.000  0.000  0.000 0.0000000000
85898  0.000  0.000  0.000 0.0000000000
85904  0.000  0.000  0.000 0.0000000000
85905  0.000  0.000  0.000 0.0000000000
85906  0.000  0.000  0.000 0.0000000000
85911  0.000  0.000  0.000 0.0000000000
85912  0.000  0.000  0.000 0.0000000000
85913  0.000  0.000  0.000 0.0000000000
85919  0.000  0.000  0.000 0.0000000000
85920  0.000  0.000  0.000 0.0000000000
85926  0.000  0.000  0.000 0.0000000000
85927  0.000  0.000  0.000 0.0000000000
85933  0.000  0.000  0.000 0.0000000000
85934  0.000  0.000  0.000 0.0000000000
85940  0.000  0.000  0.000 0.0000000000
85941  0.000  0.000  0.000 0.0000000000
85942  0.000  0.000  0.000 0.0000000000
85948  0.000  0.000  0.000 0.0000000000
85949  0.000  0.000  0.000 0.0000000000
85950  0.000  0.000  0.000 0.0000000000
85951  0.000  0.000  0.000 0.0000000000
85956  0.000  0.000  0.000 0.0000000000
85957  0.000  0.000  0.000 0.0000000000
86548  0.000  0.000  0.000 0.0000000000
86555  0.000  0.000  0.000 0.0000000000
86556  0.000  0.000  0.000 0.0000000000
86558  0.000  0.000  0.000 0.0000000000
86559  0.000  0.000  0.000 0.0000000000
86560  0.000  0.000  0.000 0.0000000000
86562  0.000  0.000  0.000 0.0000000000
86563  0.000  0.000  0.000 0.0000000000
86564  0.000  0.000  0.000 0.0000000000
86567  0.000  0.000  0.000 0.0000000000
86568  0.000  0.000  0.000 0.0000000000
86569  0.000  0.000  0.000 0.0000000000
86571  0.000  0.000  0.000 0.0000000000
86572  0.000  0.000  0.000 0.0000000000
86573  0.000  0.000  0.000 0.0000000000
86578  0.000  0.000  0.000 0.0000000000
86579  0.000  0.000  0.000 0.0000000000
86580  0.000  0.000  0.000 0.0000000000
86587  0.000  0.000  0.000 0.0000000000
86588  0.000  0.000  0.000 0.0000000000
86589  0.000  0.000  0.000 0.0000000000
86596  0.000  0.000  0.000 0.0000000000
86597  0.000  0.000  0.000 0.0000000000
86598  0.000  0.000  0.000 0.0000000000
86602  0.000  0.000  0.000 0.0000000000
86603  0.000  0.000  0.000 0.0000000000
86607  0.000  0.000  0.000 0.0000000000
86608  0.000  0.000  0.000 0.0000000000
86609  0.000  0.000  0.000 0.0000000000
86615  0.000  0.000  0.000 0.0000000000
86616  0.000  0.000  0.000 0.0000000000
86617  0.000  0.000  0.000 0.0000000000
86623  0.000  0.000  0.000 0.0000000000
86624  0.000  0.000  0.000 0.0000000000
86625  0.000  0.000  0.000 0.0000000000
86631  0.000  0.000  0.000 0.0000000000
86632  0.000  0.000  0.000 0.0000000000
86633  0.000  0.000  0.000 0.0000000000
86634  0.000  0.000  0.000 0.0000000000
86640  0.000  0.000  0.000 0.0000000000
86641  0.000  0.000  0.000 0.0000000000
87211  0.000  0.000  0.000 0.0000000000
87215  0.000  0.000  0.000 0.0000000000
87216  0.000  0.000  0.000 0.0000000000
87217  0.000  0.000  0.000 0.0000000000
87219  0.000  0.000  0.000 0.0000000000
87220  0.000  0.000  0.000 0.0000000000
87221  0.000  0.000  0.000 0.0000000000
87223  0.000  0.000  0.000 0.0000000000
87224  0.000  0.000  0.000 0.0000000000
87227  0.000  0.000  0.000 0.0000000000
87228  0.000  0.000  0.000 0.0000000000
87229  0.000  0.000  0.000 0.0000000000
87232  0.000  0.000  0.000 0.0000000000
87233  0.000  0.000  0.000 0.0000000000
87234  0.000  0.000  0.000 0.0000000000
87236  0.000  0.000  0.000 0.0000000000
87237  0.000  0.000  0.000 0.0000000000
87238  0.000  0.000  0.000 0.0000000000
87242  0.000  0.000  0.000 0.0000000000
87243  0.000  0.000  0.000 0.0000000000
87244  0.000  0.000  0.000 0.0000000000
87245  0.000  0.000  0.000 0.0000000000
87250  0.000  0.000  0.000 0.0000000000
87251  0.000  0.000  0.000 0.0000000000
87252  0.000  0.000  0.000 0.0000000000
87257  0.000  0.000  0.000 0.0000000000
87258  0.000  0.000  0.000 0.0000000000
87259  0.000  0.000  0.000 0.0000000000
87265  0.000  0.000  0.000 0.0000000000
87266  0.000  0.000  0.000 0.0000000000
87267  0.000  0.000  0.000 0.0000000000
87273  0.000  0.000  0.000 0.0000000000
87274  0.000  0.000  0.000 0.0000000000
87281  0.000  0.000  0.000 0.0000000000
87282  0.000  0.000  0.000 0.0000000000
87283  0.000  0.000  0.000 0.0000000000
87289  0.000  0.000  0.000 0.0000000000
87290  0.000  0.000  0.000 0.0000000000
87291  0.000  0.000  0.000 0.0000000000
87292  0.000  0.000  0.000 0.0000000000
87293  0.000  0.000  0.000 0.0000000000
87299  0.000  0.000  0.000 0.0000000000
87856  0.000  0.000  0.000 0.0000000000
87860  0.000  0.000  0.000 0.0000000000
87861  0.000  0.000  0.000 0.0000000000
87862  0.000  0.000  0.000 0.0000000000
87864  0.000  0.000  0.000 0.0000000000
87865  0.000  0.000  0.000 0.0000000000
87867  0.000  0.000  0.000 0.0000000000
87868  0.000  0.000  0.000 0.0000000000
87869  0.000  0.000  0.000 0.0000000000
87871  0.000  0.000  0.000 0.0000000000
87872  0.000  0.000  0.000 0.0000000000
87873  0.000  0.000  0.000 0.0000000000
87874  0.000  0.000  0.000 0.0000000000
87877  0.000  0.000  0.000 0.0000000000
87878  0.000  0.000  0.000 0.0000000000
87879  0.000  0.000  0.000 0.0000000000
87880  0.000  0.000  0.000 0.0000000000
87883  0.000  0.000  0.000 0.0000000000
87884  0.000  0.000  0.000 0.0000000000
87885  0.000  0.000  0.000 0.0000000000
87886  0.000  0.000  0.000 0.0000000000
87888  0.000  0.000  0.000 0.0000000000
87889  0.000  0.000  0.000 0.0000000000
87890  0.000  0.000  0.000 0.0000000000
87891  0.000  0.000  0.000 0.0000000000
87892  0.000  0.000  0.000 0.0000000000
87894  0.000  0.000  0.000 0.0000000000
87895  0.000  0.000  0.000 0.0000000000
87896  0.000  0.000  0.000 0.0000000000
87897  0.000  0.000  0.000 0.0000000000
87899  0.000  0.000  0.000 0.0000000000
87900  0.000  0.000  0.000 0.0000000000
87901  0.000  0.000  0.000 0.0000000000
87902  0.000  0.000  0.000 0.0000000000
87904  0.000  0.000  0.000 0.0000000000
87905  0.000  0.000  0.000 0.0000000000
87906  0.000  0.000  0.000 0.0000000000
87908  0.000  0.000  0.000 0.0000000000
87909  0.000  0.000  0.000 0.0000000000
87910  0.000  0.000  0.000 0.0000000000
87915  0.000  0.000  0.000 0.0000000000
87916  0.000  0.000  0.000 0.0000000000
87917  0.000  0.000  0.000 0.0000000000
87923  0.000  0.000  0.000 0.0000000000
87924  0.000  0.000  0.000 0.0000000000
87925  0.000  0.000  0.000 0.0000000000
87926  0.000  0.000  0.000 0.0000000000
87927  0.000  0.000  0.000 0.0000000000
87928  0.000  0.000  0.000 0.0000000000
88502  0.000  0.000  0.000 0.0000000000
88503  0.000  0.000  0.000 0.0000000000
88504  0.000  0.000  0.000 0.0000000000
88506  0.000  0.000  0.000 0.0000000000
88507  0.000  0.000  0.000 0.0000000000
88508  0.000  0.000  0.000 0.0000000000
88510  0.000  0.000  0.000 0.0000000000
88511  0.000  0.000  0.000 0.0000000000
88512  0.000  0.000  0.000 0.0000000000
88513  0.000  0.000  0.000 0.0000000000
88515  0.000  0.000  0.000 0.0000000000
88516  0.000  0.000  0.000 0.0000000000
88517  0.000  0.000  0.000 0.0000000000
88518  0.000  0.000  0.000 0.0000000000
88519  0.000  0.000  0.000 0.0000000000
88521  0.000  0.000  0.000 0.0000000000
88522  0.000  0.000  0.000 0.0000000000
88523  0.000  0.000  0.000 0.0000000000
88524  0.000  0.000  0.000 0.0000000000
88525  0.000  0.000  0.000 0.0000000000
88526  0.000  0.000  0.000 0.0000000000
88527  0.000  0.000  0.000 0.0000000000
88530  0.000  0.000  0.000 0.0000000000
88531  0.000  0.000  0.000 0.0000000000
88532  0.000  0.000  0.000 0.0000000000
88533  0.000  0.000  0.000 0.0000000000
88534  0.000  0.000  0.000 0.0000000000
88535  0.000  0.000  0.000 0.0000000000
88536  0.000  0.000  0.000 0.0000000000
88539  0.000  0.000  0.000 0.0000000000
88540  0.000  0.000  0.000 0.0000000000
88541  0.000  0.000  0.000 0.0000000000
88542  0.000  0.000  0.000 0.0000000000
88543  0.000  0.000  0.000 0.0000000000
88544  0.000  0.000  0.000 0.0000000000
88547  0.000  0.000  0.000 0.0000000000
88548  0.000  0.000  0.000 0.0000000000
88549  0.000  0.000  0.000 0.0000000000
88550  0.000  0.000  0.000 0.0000000000
88552  0.000  0.000  0.000 0.0000000000
88553  0.000  0.000  0.000 0.0000000000
88554  0.000  0.000  0.000 0.0000000000
88556  0.000  0.000  0.000 0.0000000000
88557  0.000  0.000  0.000 0.0000000000
88558  0.000  0.000  0.000 0.0000000000
88560  0.000  0.000  0.000 0.0000000000
88561  0.000  0.000  0.000 0.0000000000
88562  0.000  0.000  0.000 0.0000000000
88564  0.000  0.000  0.000 0.0000000000
88565  0.000  0.000  0.000 0.0000000000
88566  0.000  0.000  0.000 0.0000000000
88567  0.000  0.000  0.000 0.0000000000
88569  0.000  0.000  0.000 0.0000000000
88570  0.000  0.000  0.000 0.0000000000
88571  0.000  0.000  0.000 0.0000000000
88572  0.000  0.000  0.000 0.0000000000
88573  0.000  0.000  0.000 0.0000000000
88574  0.000  0.000  0.000 0.0000000000
88578  0.000  0.000  0.000 0.0000000000
88579  0.000  0.000  0.000 0.0000000000
88580  0.000  0.000  0.000 0.0000000000
89098  0.000  0.000  0.000 0.0000000000
89099  0.000  0.000  0.000 0.0000000000
89103  0.000  0.000  0.000 0.0000000000
89104  0.000  0.000  0.000 0.0000000000
89105  0.000  0.000  0.000 0.0000000000
89107  0.000  0.000  0.000 0.0000000000
89108  0.000  0.000  0.000 0.0000000000
89109  0.000  0.000  0.000 0.0000000000
89110  0.000  0.000  0.000 0.0000000000
89111  0.000  0.000  0.000 0.0000000000
89112  0.000  0.000  0.000 0.0000000000
89113  0.000  0.000  0.000 0.0000000000
89115  0.000  0.000  0.000 0.0000000000
89116  0.000  0.000  0.000 0.0000000000
89117  0.000  0.000  0.000 0.0000000000
89118  0.000  0.000  0.000 0.0000000000
89119  0.000  0.000  0.000 0.0000000000
89120  0.000  0.000  0.000 0.0000000000
89121  0.000  0.000  0.000 0.0000000000
89122  0.000  0.000  0.000 0.0000000000
89123  0.000  0.000  0.000 0.0000000000
89124  0.000  0.000  0.000 0.0000000000
89125  0.000  0.000  0.000 0.0000000000
89126  0.000  0.000  0.000 0.0000000000
89128  0.000  0.000  0.000 0.0000000000
89129  0.000  0.000  0.000 0.0000000000
89130  0.000  0.000  0.000 0.0000000000
89131  0.000  0.000  0.000 0.0000000000
89132  0.000  0.000  0.000 0.0000000000
89133  0.000  0.000  0.000 0.0000000000
89134  0.000  0.000  0.000 0.0000000000
89135  0.000  0.000  0.000 0.0000000000
89136  0.000  0.000  0.000 0.0000000000
89138  0.000  0.000  0.000 0.0000000000
89139  0.000  0.000  0.000 0.0000000000
89140  0.000  0.000  0.000 0.0000000000
89141  0.000  0.000  0.000 0.0000000000
89142  0.000  0.000  0.000 0.0000000000
89144  0.000  0.000  0.000 0.0000000000
89145  0.000  0.000  0.000 0.0000000000
89146  0.000  0.000  0.000 0.0000000000
89147  0.000  0.000  0.000 0.0000000000
89150  0.000  0.000  0.000 0.0000000000
89151  0.000  0.000  0.000 0.0000000000
89152  0.000  0.000  0.000 0.0000000000
89153  0.000  0.000  0.000 0.0000000000
89156  0.000  0.000  0.000 0.0000000000
89157  0.000  0.000  0.000 0.0000000000
89158  0.000  0.000  0.000 0.0000000000
89159  0.000  0.000  0.000 0.0000000000
89162  0.000  0.000  0.000 0.0000000000
89163  0.000  0.000  0.000 0.0000000000
89164  0.000  0.000  0.000 0.0000000000
89165  0.000  0.000  0.000 0.0000000000
89168  0.000  0.000  0.000 0.0000000000
89169  0.000  0.000  0.000 0.0000000000
89170  0.000  0.000  0.000 0.0000000000
89171  0.000  0.000  0.000 0.0000000000
89174  0.000  0.000  0.000 0.0000000000
89175  0.000  0.000  0.000 0.0000000000
89176  0.000  0.000  0.000 0.0000000000
89177  0.000  0.000  0.000 0.0000000000
89180  0.000  0.000  0.000 0.0000000000
89181  0.000  0.000  0.000 0.0000000000
89182  0.000  0.000  0.000 0.0000000000
89183  0.000  0.000  0.000 0.0000000000
89184  0.000  0.000  0.000 0.0000000000
89190  0.000  0.000  0.000 0.0000000000
89191  0.000  0.000  0.000 0.0000000000
89192  0.000  0.000  0.000 0.0000000000
89193  0.000  0.000  0.000 0.0000000000
89673  0.000  0.000  0.000 0.0000000000
89674  0.000  0.000  0.000 0.0000000000
89675  0.000  0.000  0.000 0.0000000000
89676  0.000  0.000  0.000 0.0000000000
89677  0.000  0.000  0.000 0.0000000000
89678  0.000  0.000  0.000 0.0000000000
89679  0.000  0.000  0.000 0.0000000000
89680  0.000  0.000  0.000 0.0000000000
89681  0.000  0.000  0.000 0.0000000000
89685  0.000  0.000  0.000 0.0000000000
89686  0.000  0.000  0.000 0.0000000000
89687  0.000  0.000  0.000 0.0000000000
89688  0.000  0.000  0.000 0.0000000000
89689  0.000  0.000  0.000 0.0000000000
89690  0.000  0.000  0.000 0.0000000000
89691  0.000  0.000  0.000 0.0000000000
89692  0.000  0.000  0.000 0.0000000000
89693  0.000  0.000  0.000 0.0000000000
89694  0.000  0.000  0.000 0.0000000000
89695  0.000  0.000  0.000 0.0000000000
89696  0.000  0.000  0.000 0.0000000000
89697  0.000  0.000  0.000 0.0000000000
89698  0.000  0.000  0.000 0.0000000000
89699  0.000  0.000  0.000 0.0000000000
89701  0.000  0.000  0.000 0.0000000000
89702  0.000  0.000  0.000 0.0000000000
89703  0.000  0.000  0.000 0.0000000000
89704  0.000  0.000  0.000 0.0000000000
89705  0.000  0.000  0.000 0.0000000000
89706  0.000  0.000  0.000 0.0000000000
89707  0.000  0.000  0.000 0.0000000000
89708  0.000  0.000  0.000 0.0000000000
89709  0.000  0.000  0.000 0.0000000000
89710  0.000  0.000  0.000 0.0000000000
89711  0.000  0.000  0.000 0.0000000000
89713  0.000  0.000  0.000 0.0000000000
89714  0.000  0.000  0.000 0.0000000000
89715  0.000  0.000  0.000 0.0000000000
89717  0.000  0.000  0.000 0.0000000000
89718  0.000  0.000  0.000 0.0000000000
89719  0.000  0.000  0.000 0.0000000000
89721  0.000  0.000  0.000 0.0000000000
89722  0.000  0.000  0.000 0.0000000000
89723  0.000  0.000  0.000 0.0000000000
89725  0.000  0.000  0.000 0.0000000000
89726  0.000  0.000  0.000 0.0000000000
89728  0.000  0.000  0.000 0.0000000000
89729  0.000  0.000  0.000 0.0000000000
89731  0.000  0.000  0.000 0.0000000000
89732  0.000  0.000  0.000 0.0000000000
89734  0.000  0.000  0.000 0.0000000000
89735  0.000  0.000  0.000 0.0000000000
89736  0.000  0.000  0.000 0.0000000000
89738  0.000  0.000  0.000 0.0000000000
89739  0.000  0.000  0.000 0.0000000000
89740  0.000  0.000  0.000 0.0000000000
89742  0.000  0.000  0.000 0.0000000000
89743  0.000  0.000  0.000 0.0000000000
89744  0.000  0.000  0.000 0.0000000000
89745  0.000  0.000  0.000 0.0000000000
89747  0.000  0.000  0.000 0.0000000000
89748  0.000  0.000  0.000 0.0000000000
89749  0.000  0.000  0.000 0.0000000000
89750  0.000  0.000  0.000 0.0000000000
89751  0.000  0.000  0.000 0.0000000000
89761  0.000  0.000  0.000 0.0000000000
89762  0.000  0.000  0.000 0.0000000000
89763  0.000  0.000  0.000 0.0000000000
89764  0.000  0.000  0.000 0.0000000000
89765  0.000  0.000  0.000 0.0000000000
90223  0.000  0.000  0.000 0.0000000000
90224  0.000  0.000  0.000 0.0000000000
90225  0.000  0.000  0.000 0.0000000000
90226  0.000  0.000  0.000 0.0000000000
90227  0.000  0.000  0.000 0.0000000000
90232  0.000  0.000  0.000 0.0000000000
90233  0.000  0.000  0.000 0.0000000000
90234  0.000  0.000  0.000 0.0000000000
90235  0.000  0.000  0.000 0.0000000000
90236  0.000  0.000  0.000 0.0000000000
90237  0.000  0.000  0.000 0.0000000000
90238  0.000  0.000  0.000 0.0000000000
90239  0.000  0.000  0.000 0.0000000000
90240  0.000  0.000  0.000 0.0000000000
90247  0.000  0.000  0.000 0.0000000000
90248  0.000  0.000  0.000 0.0000000000
90249  0.000  0.000  0.000 0.0000000000
90250  0.000  0.000  0.000 0.0000000000
90251  0.000  0.000  0.000 0.0000000000
90252  0.000  0.000  0.000 0.0000000000
90253  0.000  0.000  0.000 0.0000000000
90254  0.000  0.000  0.000 0.0000000000
90255  0.000  0.000  0.000 0.0000000000
90256  0.000  0.000  0.000 0.0000000000
90257  0.000  0.000  0.000 0.0000000000
90259  0.000  0.000  0.000 0.0000000000
90260  0.000  0.000  0.000 0.0000000000
90262  0.000  0.000  0.000 0.0000000000
90263  0.000  0.000  0.000 0.0000000000
90264  0.000  0.000  0.000 0.0000000000
90266  0.000  0.000  0.000 0.0000000000
90267  0.000  0.000  0.000 0.0000000000
90269  0.000  0.000  0.000 0.0000000000
90270  0.000  0.000  0.000 0.0000000000
90272  0.000  0.000  0.000 0.0000000000
90273  0.000  0.000  0.000 0.0000000000
90275  0.000  0.000  0.000 0.0000000000
90276  0.000  0.000  0.000 0.0000000000
90278  0.000  0.000  0.000 0.0000000000
90279  0.000  0.000  0.000 0.0000000000
90280  0.000  0.000  0.000 0.0000000000
90282  0.000  0.000  0.000 0.0000000000
90283  0.000  0.000  0.000 0.0000000000
90284  0.000  0.000  0.000 0.0000000000
90286  0.000  0.000  0.000 0.0000000000
90287  0.000  0.000  0.000 0.0000000000
90288  0.000  0.000  0.000 0.0000000000
90290  0.000  0.000  0.000 0.0000000000
90291  0.000  0.000  0.000 0.0000000000
90292  0.000  0.000  0.000 0.0000000000
90294  0.000  0.000  0.000 0.0000000000
90295  0.000  0.000  0.000 0.0000000000
90296  0.000  0.000  0.000 0.0000000000
90305  0.000  0.000  0.000 0.0000000000
90306  0.000  0.000  0.000 0.0000000000
90307  0.000  0.000  0.000 0.0000000000
90905  0.000  0.000  0.000 0.0000000000
90906  0.000  0.000  0.000 0.0000000000
90907  0.000  0.000  0.000 0.0000000000
90908  0.000  0.000  0.000 0.0000000000
90909  0.000  0.000  0.000 0.0000000000
90915  0.000  0.000  0.000 0.0000000000
90916  0.000  0.000  0.000 0.0000000000
90917  0.000  0.000  0.000 0.0000000000
90918  0.000  0.000  0.000 0.0000000000
90919  0.000  0.000  0.000 0.0000000000
90920  0.000  0.000  0.000 0.0000000000
90921  0.000  0.000  0.000 0.0000000000
90922  0.000  0.000  0.000 0.0000000000
90927  0.000  0.000  0.000 0.0000000000
90928  0.000  0.000  0.000 0.0000000000
90929  0.000  0.000  0.000 0.0000000000
90930  0.000  0.000  0.000 0.0000000000
90931  0.000  0.000  0.000 0.0000000000
90932  0.000  0.000  0.000 0.0000000000
90933  0.000  0.000  0.000 0.0000000000
90934  0.000  0.000  0.000 0.0000000000
90935  0.000  0.000  0.000 0.0000000000
90943  0.000  0.000  0.000 0.0000000000
90944  0.000  0.000  0.000 0.0000000000
90945  0.000  0.000  0.000 0.0000000000
90946  0.000  0.000  0.000 0.0000000000
90947  0.000  0.000  0.000 0.0000000000
90948  0.000  0.000  0.000 0.0000000000
90949  0.000  0.000  0.000 0.0000000000
90953  0.000  0.000  0.000 0.0000000000
90954  0.000  0.000  0.000 0.0000000000
90956  0.000  0.000  0.000 0.0000000000
90957  0.000  0.000  0.000 0.0000000000
90959  0.000  0.000  0.000 0.0000000000
90961  0.000  0.000  0.000 0.0000000000
90963  0.000  0.000  0.000 0.0000000000
90964  0.000  0.000  0.000 0.0000000000
90966  0.000  0.000  0.000 0.0000000000
90967  0.000  0.000  0.000 0.0000000000
90969  0.000  0.000  0.000 0.0000000000
90970  0.000  0.000  0.000 0.0000000000
90972  0.000  0.000  0.000 0.0000000000
90973  0.000  0.000  0.000 0.0000000000
90975  0.000  0.000  0.000 0.0000000000
90976  0.000  0.000  0.000 0.0000000000
90979  0.000  0.000  0.000 0.0000000000
90980  0.000  0.000  0.000 0.0000000000
90983  0.000  0.000  0.000 0.0000000000
90984  0.000  0.000  0.000 0.0000000000
90987  0.000  0.000  0.000 0.0000000000
90988  0.000  0.000  0.000 0.0000000000
91283  0.000  0.000  0.000 0.0000000000
91284  0.000  0.000  0.000 0.0000000000
91285  0.000  0.000  0.000 0.0000000000
91286  0.000  0.000  0.000 0.0000000000
91291  0.000  0.000  0.000 0.0000000000
91292  0.000  0.000  0.000 0.0000000000
91293  0.000  0.000  0.000 0.0000000000
91294  0.000  0.000  0.000 0.0000000000
91295  0.000  0.000  0.000 0.0000000000
91296  0.000  0.000  0.000 0.0000000000
91297  0.000  0.000  0.000 0.0000000000
91302  0.000  0.000  0.000 0.0000000000
91303  0.000  0.000  0.000 0.0000000000
91304  0.000  0.000  0.000 0.0000000000
91305  0.000  0.000  0.000 0.0000000000
91306  0.000  0.000  0.000 0.0000000000
91307  0.000  0.000  0.000 0.0000000000
91308  0.000  0.000  0.000 0.0000000000
91312  0.000  0.000  0.000 0.0000000000
91313  0.000  0.000  0.000 0.0000000000
91314  0.000  0.000  0.000 0.0000000000
91315  0.000  0.000  0.000 0.0000000000
91316  0.000  0.000  0.000 0.0000000000
91325  0.000  0.000  0.000 0.0000000000
91326  0.000  0.000  0.000 0.0000000000
91335  0.000  0.000  0.000 0.0000000000
91336  0.000  0.000  0.000 0.0000000000
91338  0.000  0.000  0.000 0.0000000000
91340  0.000  0.000  0.000 0.0000000000
91341  0.000  0.000  0.000 0.0000000000
91343  0.000  0.000  0.000 0.0000000000
91344  0.000  0.000  0.000 0.0000000000
91347  0.000  0.000  0.000 0.0000000000
91348  0.000  0.000  0.000 0.0000000000
91351  0.000  0.000  0.000 0.0000000000
91354  0.000  0.000  0.000 0.0000000000
91355  0.000  0.000  0.000 0.0000000000
91358  0.000  0.000  0.000 0.0000000000
91359  0.000  0.000  0.000 0.0000000000
91362  0.000  0.000  0.000 0.0000000000
91365  0.000  0.000  0.000 0.0000000000
91366  0.000  0.000  0.000 0.0000000000
91368  0.000  0.000  0.000 0.0000000000
91369  0.000  0.000  0.000 0.0000000000
91371  0.000  0.000  0.000 0.0000000000
91372  0.000  0.000  0.000 0.0000000000
91631  0.000  0.000  0.000 0.0000000000
91632  0.000  0.000  0.000 0.0000000000
91633  0.000  0.000  0.000 0.0000000000
91634  0.000  0.000  0.000 0.0000000000
91635  0.000  0.000  0.000 0.0000000000
91636  0.000  0.000  0.000 0.0000000000
91641  0.000  0.000  0.000 0.0000000000
91642  0.000  0.000  0.000 0.0000000000
91643  0.000  0.000  0.000 0.0000000000
91644  0.000  0.000  0.000 0.0000000000
91645  0.000  0.000  0.000 0.0000000000
91646  0.000  0.000  0.000 0.0000000000
91647  0.000  0.000  0.000 0.0000000000
91652  0.000  0.000  0.000 0.0000000000
91653  0.000  0.000  0.000 0.0000000000
91654  0.000  0.000  0.000 0.0000000000
91655  0.000  0.000  0.000 0.0000000000
91656  0.000  0.000  0.000 0.0000000000
91661  0.000  0.000  0.000 0.0000000000
91662  0.000  0.000  0.000 0.0000000000
91663  0.000  0.000  0.000 0.0000000000
91671  0.000  0.000  0.000 0.0000000000
91672  0.000  0.000  0.000 0.0000000000
91682  0.000  0.000  0.000 0.0000000000
91685  0.000  0.000  0.000 0.0000000000
91686  0.000  0.000  0.000 0.0000000000
91689  0.000  0.000  0.000 0.0000000000
91690  0.000  0.000  0.000 0.0000000000
91693  0.000  0.000  0.000 0.0000000000
91696  0.000  0.000  0.000 0.0000000000
91698  0.000  0.000  0.000 0.0000000000
91699  0.000  0.000  0.000 0.0000000000
91701  0.000  0.000  0.000 0.0000000000
91702  0.000  0.000  0.000 0.0000000000
91704  0.000  0.000  0.000 0.0000000000
91706  0.000  0.000  0.000 0.0000000000
91707  0.000  0.000  0.000 0.0000000000
91709  0.000  0.000  0.000 0.0000000000
91710  0.000  0.000  0.000 0.0000000000
91712  0.000  0.000  0.000 0.0000000000
91716  0.000  0.000  0.000 0.0000000000
91920  0.000  0.000  0.000 0.0000000000
91921  0.000  0.000  0.000 0.0000000000
91922  0.000  0.000  0.000 0.0000000000
91923  0.000  0.000  0.000 0.0000000000
91924  0.000  0.000  0.000 0.0000000000
91929  0.000  0.000  0.000 0.0000000000
91930  0.000  0.000  0.000 0.0000000000
91931  0.000  0.000  0.000 0.0000000000
91932  0.000  0.000  0.000 0.0000000000
91933  0.000  0.000  0.000 0.0000000000
91934  0.000  0.000  0.000 0.0000000000
91935  0.000  0.000  0.000 0.0000000000
91940  0.000  0.000  0.000 0.0000000000
91941  0.000  0.000  0.000 0.0000000000
91942  0.000  0.000  0.000 0.0000000000
91943  0.000  0.000  0.000 0.0000000000
91944  0.000  0.000  0.000 0.0000000000
91949  0.000  0.000  0.000 0.0000000000
91950  0.000  0.000  0.000 0.0000000000
91951  0.000  0.000  0.000 0.0000000000
91952  0.000  0.000  0.000 0.0000000000
91956  0.000  0.000  0.000 0.0000000000
91957  0.000  0.000  0.000 0.0000000000
91966  0.000  0.000  0.000 0.0000000000
91977  0.000  0.000  0.000 0.0000000000
91982  0.000  0.000  0.000 0.0000000000
91983  0.000  0.000  0.000 0.0000000000
91985  0.000  0.000  0.000 0.0000000000
91987  0.000  0.000  0.000 0.0000000000
91989  0.000  0.000  0.000 0.0000000000
91990  0.000  0.000  0.000 0.0000000000
91992  0.000  0.000  0.000 0.0000000000
91993  0.000  0.000  0.000 0.0000000000
91995  0.000  0.000  0.000 0.0000000000
91997  0.000  0.000  0.000 0.0000000000
91998  0.000  0.000  0.000 0.0000000000
92001  0.000  0.000  0.000 0.0000000000
92002  0.000  0.000  0.000 0.0000000000
92005  0.000  0.000  0.000 0.0000000000
92006  0.000  0.000  0.000 0.0000000000
92009  0.000  0.000  0.000 0.0000000000
92010  0.000  0.000  0.000 0.0000000000
92014  0.000  0.000  0.000 0.0000000000
92176  0.000  0.000  0.000 0.0000000000
92177  0.000  0.000  0.000 0.0000000000
92182  0.000  0.000  0.000 0.0000000000
92183  0.000  0.000  0.000 0.0000000000
92184  0.000  0.000  0.000 0.0000000000
92185  0.000  0.000  0.000 0.0000000000
92186  0.000  0.000  0.000 0.0000000000
92187  0.000  0.000  0.000 0.0000000000
92192  0.000  0.000  0.000 0.0000000000
92193  0.000  0.000  0.000 0.0000000000
92194  0.000  0.000  0.000 0.0000000000
92195  0.000  0.000  0.000 0.0000000000
92196  0.000  0.000  0.000 0.0000000000
92201  0.000  0.000  0.000 0.0000000000
92202  0.000  0.000  0.000 0.0000000000
92203  0.000  0.000  0.000 0.0000000000
92204  0.000  0.000  0.000 0.0000000000
92210  0.000  0.000  0.000 0.0000000000
92211  0.000  0.000  0.000 0.0000000000
92212  0.000  0.000  0.000 0.0000000000
92213  0.000  0.000  0.000 0.0000000000
92218  0.000  0.000  0.000 0.0000000000
92226  0.000  0.000  0.000 0.0000000000
92235  0.000  0.000  0.000 0.0000000000
92236  0.000  0.000  0.000 0.0000000000
92243  0.000  0.000  0.000 0.0000000000
92244  0.000  0.000  0.000 0.0000000000
92246  0.000  0.000  0.000 0.0000000000
92248  0.000  0.000  0.000 0.0000000000
92250  0.000  0.000  0.000 0.0000000000
92251  0.000  0.000  0.000 0.0000000000
92253  0.000  0.000  0.000 0.0000000000
92256  0.000  0.000  0.000 0.0000000000
92257  0.000  0.000  0.000 0.0000000000
92260  0.000  0.000  0.000 0.0000000000
92261  0.000  0.000  0.000 0.0000000000
92264  0.000  0.000  0.000 0.0000000000
92266  0.000  0.000  0.000 0.0000000000
92267  0.000  0.000  0.000 0.0000000000
92443  0.000  0.000  0.000 0.0000000000
92444  0.000  0.000  0.000 0.0000000000
92445  0.000  0.000  0.000 0.0000000000
92446  0.000  0.000  0.000 0.0000000000
92447  0.000  0.000  0.000 0.0000000000
92453  0.000  0.000  0.000 0.0000000000
92454  0.000  0.000  0.000 0.0000000000
92455  0.000  0.000  0.000 0.0000000000
92456  0.000  0.000  0.000 0.0000000000
92457  0.000  0.000  0.000 0.0000000000
92458  0.000  0.000  0.000 0.0000000000
92459  0.000  0.000  0.000 0.0000000000
92460  0.000  0.000  0.000 0.0000000000
92467  0.000  0.000  0.000 0.0000000000
92468  0.000  0.000  0.000 0.0000000000
92469  0.000  0.000  0.000 0.0000000000
92470  0.000  0.000  0.000 0.0000000000
92471  0.000  0.000  0.000 0.0000000000
92477  0.000  0.000  0.000 0.0000000000
92478  0.000  0.000  0.000 0.0000000000
92479  0.000  0.000  0.000 0.0000000000
92480  0.000  0.000  0.000 0.0000000000
92481  0.000  0.000  0.000 0.0000000000
92487  0.000  0.000  0.000 0.0000000000
92488  0.000  0.000  0.000 0.0000000000
92489  0.000  0.000  0.000 0.0000000000
92490  0.000  0.000  0.000 0.0000000000
92494  0.000  0.000  0.000 0.0000000000
92501  0.000  0.000  0.000 0.0000000000
92502  0.000  0.000  0.000 0.0000000000
92510  0.000  0.000  0.000 0.0000000000
92511  0.000  0.000  0.000 0.0000000000
92518  0.000  0.000  0.000 0.0000000000
92520  0.000  0.000  0.000 0.0000000000
92522  0.000  0.000  0.000 0.0000000000
92524  0.000  0.000  0.000 0.0000000000
92525  0.000  0.000  0.000 0.0000000000
92528  0.000  0.000  0.000 0.0000000000
92531  0.000  0.000  0.000 0.0000000000
92532  0.000  0.000  0.000 0.0000000000
92534  0.000  0.000  0.000 0.0000000000
92536  0.000  0.000  0.000 0.0000000000
92537  0.000  0.000  0.000 0.0000000000
92539  0.000  0.000  0.000 0.0000000000
92540  0.000  0.000  0.000 0.0000000000
92703  0.000  0.000  0.000 0.0000000000
92704  0.000  0.000  0.000 0.0000000000
92705  0.000  0.000  0.000 0.0000000000
92710  0.000  0.000  0.000 0.0000000000
92711  0.000  0.000  0.000 0.0000000000
92712  0.000  0.000  0.000 0.0000000000
92713  0.000  0.000  0.000 0.0000000000
92714  0.000  0.000  0.000 0.0000000000
92715  0.000  0.000  0.000 0.0000000000
92716  0.000  0.000  0.000 0.0000000000
92721  0.000  0.000  0.000 0.0000000000
92722  0.000  0.000  0.000 0.0000000000
92723  0.000  0.000  0.000 0.0000000000
92724  0.000  0.000  0.000 0.0000000000
92725  0.000  0.000  0.000 0.0000000000
92731  0.000  0.000  0.000 0.0000000000
92732  0.000  0.000  0.000 0.0000000000
92733  0.000  0.000  0.000 0.0000000000
92734  0.000  0.000  0.000 0.0000000000
92738  0.000  0.000  0.000 0.0000000000
92739  0.000  0.000  0.000 0.0000000000
92740  0.000  0.000  0.000 0.0000000000
92741  0.000  0.000  0.000 0.0000000000
92745  0.000  0.000  0.000 0.0000000000
92746  0.000  0.000  0.000 0.0000000000
92750  0.000  0.000  0.000 0.0000000000
92756  0.000  0.000  0.000 0.0000000000
92757  0.000  0.000  0.000 0.0000000000
92764  0.000  0.000  0.000 0.0000000000
92772  0.000  0.000  0.000 0.0000000000
92774  0.000  0.000  0.000 0.0000000000
92785  0.000  0.000  0.000 0.0000000000
92786  0.000  0.000  0.000 0.0000000000
92788  0.000  0.000  0.000 0.0000000000
92790  0.000  0.000  0.000 0.0000000000
92791  0.000  0.000  0.000 0.0000000000
92793  0.000  0.000  0.000 0.0000000000
92954  0.000  0.000  0.000 0.0000000000
92955  0.000  0.000  0.000 0.0000000000
92956  0.000  0.000  0.000 0.0000000000
92957  0.000  0.000  0.000 0.0000000000
92958  0.000  0.000  0.000 0.0000000000
92963  0.000  0.000  0.000 0.0000000000
92964  0.000  0.000  0.000 0.0000000000
92965  0.000  0.000  0.000 0.0000000000
92966  0.000  0.000  0.000 0.0000000000
92967  0.000  0.000  0.000 0.0000000000
92968  0.000  0.000  0.000 0.0000000000
92969  0.000  0.000  0.000 0.0000000000
92975  0.000  0.000  0.000 0.0000000000
92976  0.000  0.000  0.000 0.0000000000
92977  0.000  0.000  0.000 0.0000000000
92978  0.000  0.000  0.000 0.0000000000
92983  0.000  0.000  0.000 0.0000000000
92984  0.000  0.000  0.000 0.0000000000
92985  0.000  0.000  0.000 0.0000000000
92986  0.000  0.000  0.000 0.0000000000
92987  0.000  0.000  0.000 0.0000000000
92991  0.000  0.000  0.000 0.0000000000
92992  0.000  0.000  0.000 0.0000000000
92993  0.000  0.000  0.000 0.0000000000
92997  0.000  0.000  0.000 0.0000000000
92998  0.000  0.000  0.000 0.0000000000
93002  0.000  0.000  0.000 0.0000000000
93003  0.000  0.000  0.000 0.0000000000
93009  0.000  0.000  0.000 0.0000000000
93010  0.000  0.000  0.000 0.0000000000
93016  0.000  0.000  0.000 0.0000000000
93023  0.000  0.000  0.000 0.0000000000
93035  0.000  0.000  0.000 0.0000000000
93038  0.000  0.000  0.000 0.0000000000
93040  0.000  0.000  0.000 0.0000000000
93041  0.000  0.000  0.000 0.0000000000
93195  0.000  0.000  0.000 0.0000000000
93196  0.000  0.000  0.000 0.0000000000
93197  0.000  0.000  0.000 0.0000000000
93198  0.000  0.000  0.000 0.0000000000
93202  0.000  0.000  0.000 0.0000000000
93203  0.000  0.000  0.000 0.0000000000
93204  0.000  0.000  0.000 0.0000000000
93205  0.000  0.000  0.000 0.0000000000
93206  0.000  0.000  0.000 0.0000000000
93207  0.000  0.000  0.000 0.0000000000
93208  0.000  0.000  0.000 0.0000000000
93214  0.000  0.000  0.000 0.0000000000
93215  0.000  0.000  0.000 0.0000000000
93216  0.000  0.000  0.000 0.0000000000
93217  0.000  0.000  0.000 0.0000000000
93218  0.000  0.000  0.000 0.0000000000
93224  0.000  0.000  0.000 0.0000000000
93225  0.000  0.000  0.000 0.0000000000
93226  0.000  0.000  0.000 0.0000000000
93227  0.000  0.000  0.000 0.0000000000
93231  0.000  0.000  0.000 0.0000000000
93232  0.000  0.000  0.000 0.0000000000
93233  0.000  0.000  0.000 0.0000000000
93234  0.000  0.000  0.000 0.0000000000
93238  0.000  0.000  0.000 0.0000000000
93239  0.000  0.000  0.000 0.0000000000
93243  0.000  0.000  0.000 0.0000000000
93244  0.000  0.000  0.000 0.0000000000
93245  0.000  0.000  0.000 0.0000000000
93249  0.000  0.000  0.000 0.0000000000
93250  0.000  0.000  0.000 0.0000000000
93256  0.000  0.000  0.000 0.0000000000
93261  0.000  0.000  0.000 0.0000000000
93447  0.000  0.000  0.000 0.0000000000
93448  0.000  0.000  0.000 0.0000000000
93449  0.000  0.000  0.000 0.0000000000
93450  0.000  0.000  0.000 0.0000000000
93451  0.000  0.000  0.000 0.0000000000
93452  0.000  0.000  0.000 0.0000000000
93456  0.000  0.000  0.000 0.0000000000
93457  0.000  0.000  0.000 0.0000000000
93458  0.000  0.000  0.000 0.0000000000
93459  0.000  0.000  0.000 0.0000000000
93460  0.000  0.000  0.000 0.0000000000
93466  0.000  0.000  0.000 0.0000000000
93467  0.000  0.000  0.000 0.0000000000
93468  0.000  0.000  0.000 0.0000000000
93469  0.000  0.000  0.000 0.0000000000
93473  0.000  0.000  0.000 0.0000000000
93474  0.000  0.000  0.000 0.0000000000
93475  0.000  0.000  0.000 0.0000000000
93476  0.000  0.000  0.000 0.0000000000
93480  0.000  0.000  0.000 0.0000000000
93481  0.000  0.000  0.000 0.0000000000
93482  0.000  0.000  0.000 0.0000000000
93486  0.000  0.000  0.000 0.0000000000
93487  0.000  0.000  0.000 0.0000000000
93488  0.000  0.000  0.000 0.0000000000
93492  0.000  0.000  0.000 0.0000000000
93493  0.000  0.000  0.000 0.0000000000
93498  0.000  0.000  0.000 0.0000000000
93504  0.000  0.000  0.000 0.0000000000
93509  0.000  0.000  0.000 0.0000000000
93678  0.000  0.000  0.000 0.0000000000
93679  0.000  0.000  0.000 0.0000000000
93680  0.000  0.000  0.000 0.0000000000
93681  0.000  0.000  0.000 0.0000000000
93682  0.000  0.000  0.000 0.0000000000
93685  0.000  0.000  0.000 0.0000000000
93686  0.000  0.000  0.000 0.0000000000
93687  0.000  0.000  0.000 0.0000000000
93688  0.000  0.000  0.000 0.0000000000
93689  0.000  0.000  0.000 0.0000000000
93690  0.000  0.000  0.000 0.0000000000
93691  0.000  0.000  0.000 0.0000000000
93695  0.000  0.000  0.000 0.0000000000
93696  0.000  0.000  0.000 0.0000000000
93697  0.000  0.000  0.000 0.0000000000
93698  0.000  0.000  0.000 0.0000000000
93699  0.000  0.000  0.000 0.0000000000
93704  0.000  0.000  0.000 0.0000000000
93705  0.000  0.000  0.000 0.0000000000
93706  0.000  0.000  0.000 0.0000000000
93707  0.000  0.000  0.000 0.0000000000
93711  0.000  0.000  0.000 0.0000000000
93712  0.000  0.000  0.000 0.0000000000
93713  0.000  0.000  0.000 0.0000000000
93717  0.000  0.000  0.000 0.0000000000
93718  0.000  0.000  0.000 0.0000000000
93719  0.000  0.000  0.000 0.0000000000
93723  0.000  0.000  0.000 0.0000000000
93724  0.000  0.000  0.000 0.0000000000
93725  0.000  0.000  0.000 0.0000000000
93729  0.000  0.000  0.000 0.0000000000
93734  0.000  0.000  0.000 0.0000000000
93739  0.000  0.000  0.000 0.0000000000
93745  0.000  0.000  0.000 0.0000000000
93901  0.000  0.000  0.000 0.0000000000
93902  0.000  0.000  0.000 0.0000000000
93903  0.000  0.000  0.000 0.0000000000
93907  0.000  0.000  0.000 0.0000000000
93908  0.000  0.000  0.000 0.0000000000
93909  0.000  0.000  0.000 0.0000000000
93910  0.000  0.000  0.000 0.0000000000
93911  0.000  0.000  0.000 0.0000000000
93912  0.000  0.000  0.000 0.0000000000
93916  0.000  0.000  0.000 0.0000000000
93917  0.000  0.000  0.000 0.0000000000
93918  0.000  0.000  0.000 0.0000000000
93919  0.000  0.000  0.000 0.0000000000
93920  0.000  0.000  0.000 0.0000000000
93925  0.000  0.000  0.000 0.0000000000
93926  0.000  0.000  0.000 0.0000000000
93927  0.000  0.000  0.000 0.0000000000
93928  0.000  0.000  0.000 0.0000000000
93933  0.000  0.000  0.000 0.0000000000
93934  0.000  0.000  0.000 0.0000000000
93935  0.000  0.000  0.000 0.0000000000
93939  0.000  0.000  0.000 0.0000000000
93940  0.000  0.000  0.000 0.0000000000
93941  0.000  0.000  0.000 0.0000000000
93945  0.000  0.000  0.000 0.0000000000
93946  0.000  0.000  0.000 0.0000000000
93947  0.000  0.000  0.000 0.0000000000
93951  0.000  0.000  0.000 0.0000000000
93952  0.000  0.000  0.000 0.0000000000
93953  0.000  0.000  0.000 0.0000000000
93956  0.000  0.000  0.000 0.0000000000
93961  0.000  0.000  0.000 0.0000000000
93966  0.000  0.000  0.000 0.0000000000
93972  0.000  0.000  0.000 0.0000000000
94128  0.000  0.000  0.000 0.0000000000
94129  0.000  0.000  0.000 0.0000000000
94130  0.000  0.000  0.000 0.0000000000
94131  0.000  0.000  0.000 0.0000000000
94132  0.000  0.000  0.000 0.0000000000
94135  0.000  0.000  0.000 0.0000000000
94136  0.000  0.000  0.000 0.0000000000
94137  0.000  0.000  0.000 0.0000000000
94138  0.000  0.000  0.000 0.0000000000
94139  0.000  0.000  0.000 0.0000000000
94140  0.000  0.000  0.000 0.0000000000
94143  0.000  0.000  0.000 0.0000000000
94144  0.000  0.000  0.000 0.0000000000
94145  0.000  0.000  0.000 0.0000000000
94146  0.000  0.000  0.000 0.0000000000
94151  0.000  0.000  0.000 0.0000000000
94152  0.000  0.000  0.000 0.0000000000
94153  0.000  0.000  0.000 0.0000000000
94154  0.000  0.000  0.000 0.0000000000
94158  0.000  0.000  0.000 0.0000000000
94159  0.000  0.000  0.000 0.0000000000
94160  0.000  0.000  0.000 0.0000000000
94163  0.000  0.000  0.000 0.0000000000
94164  0.000  0.000  0.000 0.0000000000
94168  0.000  0.000  0.000 0.0000000000
94169  0.000  0.000  0.000 0.0000000000
94170  0.000  0.000  0.000 0.0000000000
94171  0.000  0.000  0.000 0.0000000000
94174  0.000  0.000  0.000 0.0000000000
94175  0.000  0.000  0.000 0.0000000000
94180  0.000  0.000  0.000 0.0000000000
94185  0.000  0.000  0.000 0.0000000000
94189  0.000  0.000  0.000 0.0000000000
94195  0.000  0.000  0.000 0.0000000000
94351  0.000  0.000  0.000 0.0000000000
94352  0.000  0.000  0.000 0.0000000000
94353  0.000  0.000  0.000 0.0000000000
94354  0.000  0.000  0.000 0.0000000000
94358  0.000  0.000  0.000 0.0000000000
94359  0.000  0.000  0.000 0.0000000000
94360  0.000  0.000  0.000 0.0000000000
94361  0.000  0.000  0.000 0.0000000000
94362  0.000  0.000  0.000 0.0000000000
94363  0.000  0.000  0.000 0.0000000000
94367  0.000  0.000  0.000 0.0000000000
94368  0.000  0.000  0.000 0.0000000000
94369  0.000  0.000  0.000 0.0000000000
94370  0.000  0.000  0.000 0.0000000000
94371  0.000  0.000  0.000 0.0000000000
94376  0.000  0.000  0.000 0.0000000000
94377  0.000  0.000  0.000 0.0000000000
94378  0.000  0.000  0.000 0.0000000000
94379  0.000  0.000  0.000 0.0000000000
94384  0.000  0.000  0.000 0.0000000000
94385  0.000  0.000  0.000 0.0000000000
94386  0.000  0.000  0.000 0.0000000000
94387  0.000  0.000  0.000 0.0000000000
94390  0.000  0.000  0.000 0.0000000000
94391  0.000  0.000  0.000 0.0000000000
94395  0.000  0.000  0.000 0.0000000000
94396  0.000  0.000  0.000 0.0000000000
94397  0.000  0.000  0.000 0.0000000000
94401  0.000  0.000  0.000 0.0000000000
94402  0.000  0.000  0.000 0.0000000000
94403  0.000  0.000  0.000 0.0000000000
94404  0.000  0.000  0.000 0.0000000000
94408  0.000  0.000  0.000 0.0000000000
94413  0.000  0.000  0.000 0.0000000000
94417  0.000  0.000  0.000 0.0000000000
94422  0.000  0.000  0.000 0.0000000000
94582  0.000  0.000  0.000 0.0000000000
94583  0.000  0.000  0.000 0.0000000000
94584  0.000  0.000  0.000 0.0000000000
94585  0.000  0.000  0.000 0.0000000000
94586  0.000  0.000  0.000 0.0000000000
94589  0.000  0.000  0.000 0.0000000000
94590  0.000  0.000  0.000 0.0000000000
94591  0.000  0.000  0.000 0.0000000000
94592  0.000  0.000  0.000 0.0000000000
94593  0.000  0.000  0.000 0.0000000000
94596  0.000  0.000  0.000 0.0000000000
94597  0.000  0.000  0.000 0.0000000000
94598  0.000  0.000  0.000 0.0000000000
94599  0.000  0.000  0.000 0.0000000000
94603  0.000  0.000  0.000 0.0000000000
94604  0.000  0.000  0.000 0.0000000000
94605  0.000  0.000  0.000 0.0000000000
94606  0.000  0.000  0.000 0.0000000000
94609  0.000  0.000  0.000 0.0000000000
94610  0.000  0.000  0.000 0.0000000000
94611  0.000  0.000  0.000 0.0000000000
94615  0.000  0.000  0.000 0.0000000000
94616  0.000  0.000  0.000 0.0000000000
94620  0.000  0.000  0.000 0.0000000000
94621  0.000  0.000  0.000 0.0000000000
94622  0.000  0.000  0.000 0.0000000000
94626  0.000  0.000  0.000 0.0000000000
94632  0.000  0.000  0.000 0.0000000000
94637  0.000  0.000  0.000 0.0000000000
94643  0.000  0.000  0.000 0.0000000000
94649  0.000  0.000  0.000 0.0000000000
94793  0.000  0.000  0.000 0.0000000000
94794  0.000  0.000  0.000 0.0000000000
94795  0.000  0.000  0.000 0.0000000000
94796  0.000  0.000  0.000 0.0000000000
94800  0.000  0.000  0.000 0.0000000000
94801  0.000  0.000  0.000 0.0000000000
94802  0.000  0.000  0.000 0.0000000000
94803  0.000  0.000  0.000 0.0000000000
94804  0.000  0.000  0.000 0.0000000000
94805  0.000  0.000  0.000 0.0000000000
94809  0.000  0.000  0.000 0.0000000000
94810  0.000  0.000  0.000 0.0000000000
94811  0.000  0.000  0.000 0.0000000000
94812  0.000  0.000  0.000 0.0000000000
94813  0.000  0.000  0.000 0.0000000000
94817  0.000  0.000  0.000 0.0000000000
94818  0.000  0.000  0.000 0.0000000000
94819  0.000  0.000  0.000 0.0000000000
94824  0.000  0.000  0.000 0.0000000000
94825  0.000  0.000  0.000 0.0000000000
94826  0.000  0.000  0.000 0.0000000000
94827  0.000  0.000  0.000 0.0000000000
94831  0.000  0.000  0.000 0.0000000000
94832  0.000  0.000  0.000 0.0000000000
94836  0.000  0.000  0.000 0.0000000000
94837  0.000  0.000  0.000 0.0000000000
94838  0.000  0.000  0.000 0.0000000000
94842  0.000  0.000  0.000 0.0000000000
94843  0.000  0.000  0.000 0.0000000000
94844  0.000  0.000  0.000 0.0000000000
94848  0.000  0.000  0.000 0.0000000000
94852  0.000  0.000  0.000 0.0000000000
94857  0.000  0.000  0.000 0.0000000000
94863  0.000  0.000  0.000 0.0000000000
94927  0.000  0.000  0.000 0.0000000000
94931  0.000  0.000  0.000 0.0000000000
94932  0.000  0.000  0.000 0.0000000000
94934  0.000  0.000  0.000 0.0000000000
94936  0.000  0.000  0.000 0.0000000000
94939  0.000  0.000  0.000 0.0000000000
94940  0.000  0.000  0.000 0.0000000000
95012  0.000  0.000  0.000 0.0000000000
95013  0.000  0.000  0.000 0.0000000000
95014  0.000  0.000  0.000 0.0000000000
95015  0.000  0.000  0.000 0.0000000000
95016  0.000  0.000  0.000 0.0000000000
95017  0.000  0.000  0.000 0.0000000000
95020  0.000  0.000  0.000 0.0000000000
95021  0.000  0.000  0.000 0.0000000000
95022  0.000  0.000  0.000 0.0000000000
95023  0.000  0.000  0.000 0.0000000000
95024  0.000  0.000  0.000 0.0000000000
95025  0.000  0.000  0.000 0.0000000000
95030  0.000  0.000  0.000 0.0000000000
95031  0.000  0.000  0.000 0.0000000000
95032  0.000  0.000  0.000 0.0000000000
95033  0.000  0.000  0.000 0.0000000000
95038  0.000  0.000  0.000 0.0000000000
95039  0.000  0.000  0.000 0.0000000000
95040  0.000  0.000  0.000 0.0000000000
95041  0.000  0.000  0.000 0.0000000000
95045  0.000  0.000  0.000 0.0000000000
95046  0.000  0.000  0.000 0.0000000000
95047  0.000  0.000  0.000 0.0000000000
95048  0.000  0.000  0.000 0.0000000000
95051  0.000  0.000  0.000 0.0000000000
95052  0.000  0.000  0.000 0.0000000000
95053  0.000  0.000  0.000 0.0000000000
95057  0.000  0.000  0.000 0.0000000000
95058  0.000  0.000  0.000 0.0000000000
95059  0.000  0.000  0.000 0.0000000000
95063  0.000  0.000  0.000 0.0000000000
95064  0.000  0.000  0.000 0.0000000000
95067  0.000  0.000  0.000 0.0000000000
95072  0.000  0.000  0.000 0.0000000000
95077  0.000  0.000  0.000 0.0000000000
95083  0.000  0.000  0.000 0.0000000000
95147  0.000  0.000  0.000 0.0000000000
95149  0.000  0.000  0.000 0.0000000000
95150  0.000  0.000  0.000 0.0000000000
95152  0.000  0.000  0.000 0.0000000000
95153  0.000  0.000  0.000 0.0000000000
95155  0.000  0.000  0.000 0.0000000000
95157  0.000  0.000  0.000 0.0000000000
95158  0.000  0.000  0.000 0.0000000000
95160  0.000  0.000  0.000 0.0000000000
95161  0.000  0.000  0.000 0.0000000000
95163  0.000  0.000  0.000 0.0000000000
95164  0.000  0.000  0.000 0.0000000000
95167  0.000  0.000  0.000 0.0000000000
95230  0.000  0.000  0.000 0.0000000000
95231  0.000  0.000  0.000 0.0000000000
95232  0.000  0.000  0.000 0.0000000000
95233  0.000  0.000  0.000 0.0000000000
95237  0.000  0.000  0.000 0.0000000000
95238  0.000  0.000  0.000 0.0000000000
95239  0.000  0.000  0.000 0.0000000000
95240  0.000  0.000  0.000 0.0000000000
95241  0.000  0.000  0.000 0.0000000000
95242  0.000  0.000  0.000 0.0000000000
95246  0.000  0.000  0.000 0.0000000000
95247  0.000  0.000  0.000 0.0000000000
95248  0.000  0.000  0.000 0.0000000000
95249  0.000  0.000  0.000 0.0000000000
95253  0.000  0.000  0.000 0.0000000000
95254  0.000  0.000  0.000 0.0000000000
95255  0.000  0.000  0.000 0.0000000000
95258  0.000  0.000  0.000 0.0000000000
95259  0.000  0.000  0.000 0.0000000000
95260  0.000  0.000  0.000 0.0000000000
95261  0.000  0.000  0.000 0.0000000000
95264  0.000  0.000  0.000 0.0000000000
95265  0.000  0.000  0.000 0.0000000000
95269  0.000  0.000  0.000 0.0000000000
95270  0.000  0.000  0.000 0.0000000000
95271  0.000  0.000  0.000 0.0000000000
95275  0.000  0.000  0.000 0.0000000000
95276  0.000  0.000  0.000 0.0000000000
95279  0.000  0.000  0.000 0.0000000000
95285  0.000  0.000  0.000 0.0000000000
95291  0.000  0.000  0.000 0.0000000000
95297  0.000  0.000  0.000 0.0000000000
95303  0.000  0.000  0.000 0.0000000000
95361  0.000  0.000  0.000 0.0000000000
95363  0.000  0.000  0.000 0.0000000000
95364  0.000  0.000  0.000 0.0000000000
95366  0.000  0.000  0.000 0.0000000000
95367  0.000  0.000  0.000 0.0000000000
95369  0.000  0.000  0.000 0.0000000000
95371  0.000  0.000  0.000 0.0000000000
95373  0.000  0.000  0.000 0.0000000000
95374  0.000  0.000  0.000 0.0000000000
95377  0.000  0.000  0.000 0.0000000000
95378  0.000  0.000  0.000 0.0000000000
95380  0.000  0.000  0.000 0.0000000000
95384  0.000  0.000  0.000 0.0000000000
95436  0.000  0.000  0.000 0.0000000000
95437  0.000  0.000  0.000 0.0000000000
95442  0.000  0.000  0.000 0.0000000000
95443  0.000  0.000  0.000 0.0000000000
95444  0.000  0.000  0.000 0.0000000000
95445  0.000  0.000  0.000 0.0000000000
95446  0.000  0.000  0.000 0.0000000000
95447  0.000  0.000  0.000 0.0000000000
95451  0.000  0.000  0.000 0.0000000000
95452  0.000  0.000  0.000 0.0000000000
95453  0.000  0.000  0.000 0.0000000000
95454  0.000  0.000  0.000 0.0000000000
95455  0.000  0.000  0.000 0.0000000000
95456  0.000  0.000  0.000 0.0000000000
95461  0.000  0.000  0.000 0.0000000000
95462  0.000  0.000  0.000 0.0000000000
95463  0.000  0.000  0.000 0.0000000000
95464  0.000  0.000  0.000 0.0000000000
95467  0.000  0.000  0.000 0.0000000000
95468  0.000  0.000  0.000 0.0000000000
95469  0.000  0.000  0.000 0.0000000000
95470  0.000  0.000  0.000 0.0000000000
95474  0.000  0.000  0.000 0.0000000000
95475  0.000  0.000  0.000 0.0000000000
95476  0.000  0.000  0.000 0.0000000000
95480  0.000  0.000  0.000 0.0000000000
95481  0.000  0.000  0.000 0.0000000000
95482  0.000  0.000  0.000 0.0000000000
95486  0.000  0.000  0.000 0.0000000000
95487  0.000  0.000  0.000 0.0000000000
95488  0.000  0.000  0.000 0.0000000000
95491  0.000  0.000  0.000 0.0000000000
95497  0.000  0.000  0.000 0.0000000000
95503  0.000  0.000  0.000 0.0000000000
95507  0.000  0.000  0.000 0.0000000000
95514  0.000  0.000  0.000 0.0000000000
95572  0.000  0.000  0.000 0.0000000000
95574  0.000  0.000  0.000 0.0000000000
95576  0.000  0.000  0.000 0.0000000000
95577  0.000  0.000  0.000 0.0000000000
95579  0.000  0.000  0.000 0.0000000000
95580  0.000  0.000  0.000 0.0000000000
95582  0.000  0.000  0.000 0.0000000000
95583  0.000  0.000  0.000 0.0000000000
95585  0.000  0.000  0.000 0.0000000000
95588  0.000  0.000  0.000 0.0000000000
95589  0.000  0.000  0.000 0.0000000000
95591  0.000  0.000  0.000 0.0000000000
95592  0.000  0.000  0.000 0.0000000000
95595  0.000  0.000  0.000 0.0000000000
95598  0.000  0.000  0.000 0.0000000000
95599  0.000  0.000  0.000 0.0000000000
95601  0.000  0.000  0.000 0.0000000000
95604  0.000  0.000  0.000 0.0000000000
95648  0.000  0.000  0.000 0.0000000000
95649  0.000  0.000  0.000 0.0000000000
95650  0.000  0.000  0.000 0.0000000000
95651  0.000  0.000  0.000 0.0000000000
95652  0.000  0.000  0.000 0.0000000000
95656  0.000  0.000  0.000 0.0000000000
95657  0.000  0.000  0.000 0.0000000000
95658  0.000  0.000  0.000 0.0000000000
95659  0.000  0.000  0.000 0.0000000000
95660  0.000  0.000  0.000 0.0000000000
95661  0.000  0.000  0.000 0.0000000000
95662  0.000  0.000  0.000 0.0000000000
95666  0.000  0.000  0.000 0.0000000000
95667  0.000  0.000  0.000 0.0000000000
95668  0.000  0.000  0.000 0.0000000000
95669  0.000  0.000  0.000 0.0000000000
95674  0.000  0.000  0.000 0.0000000000
95675  0.000  0.000  0.000 0.0000000000
95676  0.000  0.000  0.000 0.0000000000
95680  0.000  0.000  0.000 0.0000000000
95681  0.000  0.000  0.000 0.0000000000
95682  0.000  0.000  0.000 0.0000000000
95683  0.000  0.000  0.000 0.0000000000
95687  0.000  0.000  0.000 0.0000000000
95688  0.000  0.000  0.000 0.0000000000
95689  0.000  0.000  0.000 0.0000000000
95692  0.000  0.000  0.000 0.0000000000
95693  0.000  0.000  0.000 0.0000000000
95694  0.000  0.000  0.000 0.0000000000
95697  0.000  0.000  0.000 0.0000000000
95703  0.000  0.000  0.000 0.0000000000
95709  0.000  0.000  0.000 0.0000000000
95713  0.000  0.000  0.000 0.0000000000
95717  0.000  0.000  0.000 0.0000000000
95724  0.000  0.000  0.000 0.0000000000
95779  0.000  0.000  0.000 0.0000000000
95781  0.000  0.000  0.000 0.0000000000
95783  0.000  0.000  0.000 0.0000000000
95785  0.000  0.000  0.000 0.0000000000
95786  0.000  0.000  0.000 0.0000000000
95788  0.000  0.000  0.000 0.0000000000
95789  0.000  0.000  0.000 0.0000000000
95792  0.000  0.000  0.000 0.0000000000
95794  0.000  0.000  0.000 0.0000000000
95795  0.000  0.000  0.000 0.0000000000
95798  0.000  0.000  0.000 0.0000000000
95799  0.000  0.000  0.000 0.0000000000
95801  0.000  0.000  0.000 0.0000000000
95802  0.000  0.000  0.000 0.0000000000
95804  0.000  0.000  0.000 0.0000000000
95805  0.000  0.000  0.000 0.0000000000
95807  0.000  0.000  0.000 0.0000000000
95808  0.000  0.000  0.000 0.0000000000
95845  0.000  0.000  0.000 0.0000000000
95846  0.000  0.000  0.000 0.0000000000
95847  0.000  0.000  0.000 0.0000000000
95848  0.000  0.000  0.000 0.0000000000
95852  0.000  0.000  0.000 0.0000000000
95853  0.000  0.000  0.000 0.0000000000
95854  0.000  0.000  0.000 0.0000000000
95855  0.000  0.000  0.000 0.0000000000
95856  0.000  0.000  0.000 0.0000000000
95857  0.000  0.000  0.000 0.0000000000
95858  0.000  0.000  0.000 0.0000000000
95863  0.000  0.000  0.000 0.0000000000
95864  0.000  0.000  0.000 0.0000000000
95865  0.000  0.000  0.000 0.0000000000
95866  0.000  0.000  0.000 0.0000000000
95867  0.000  0.000  0.000 0.0000000000
95871  0.000  0.000  0.000 0.0000000000
95872  0.000  0.000  0.000 0.0000000000
95873  0.000  0.000  0.000 0.0000000000
95874  0.000  0.000  0.000 0.0000000000
95877  0.000  0.000  0.000 0.0000000000
95878  0.000  0.000  0.000 0.0000000000
95879  0.000  0.000  0.000 0.0000000000
95882  0.000  0.000  0.000 0.0000000000
95883  0.000  0.000  0.000 0.0000000000
95884  0.000  0.000  0.000 0.0000000000
95887  0.000  0.000  0.000 0.0000000000
95888  0.000  0.000  0.000 0.0000000000
95889  0.000  0.000  0.000 0.0000000000
95892  0.000  0.000  0.000 0.0000000000
95893  0.000  0.000  0.000 0.0000000000
95897  0.000  0.000  0.000 0.0000000000
95903  0.000  0.000  0.000 0.0000000000
95907  0.000  0.000  0.000 0.0000000000
95911  0.000  0.000  0.000 0.0000000000
95918  0.000  0.000  0.000 0.0000000000
95966  0.000  0.000  0.000 0.0000000000
95969  0.000  0.000  0.000 0.0000000000
95971  0.000  0.000  0.000 0.0000000000
95973  0.000  0.000  0.000 0.0000000000
95975  0.000  0.000  0.000 0.0000000000
95976  0.000  0.000  0.000 0.0000000000
95979  0.000  0.000  0.000 0.0000000000
95980  0.000  0.000  0.000 0.0000000000
95982  0.000  0.000  0.000 0.0000000000
95985  0.000  0.000  0.000 0.0000000000
95986  0.000  0.000  0.000 0.0000000000
95989  0.000  0.000  0.000 0.0000000000
95990  0.000  0.000  0.000 0.0000000000
95992  0.000  0.000  0.000 0.0000000000
95993  0.000  0.000  0.000 0.0000000000
95995  0.000  0.000  0.000 0.0000000000
95996  0.000  0.000  0.000 0.0000000000
95997  0.000  0.000  0.000 0.0000000000
96000  0.000  0.000  0.000 0.0000000000
96001  0.000  0.000  0.000 0.0000000000
96035  0.000  0.000  0.000 0.0000000000
96036  0.000  0.000  0.000 0.0000000000
96041  0.000  0.000  0.000 0.0000000000
96042  0.000  0.000  0.000 0.0000000000
96043  0.000  0.000  0.000 0.0000000000
96044  0.000  0.000  0.000 0.0000000000
96045  0.000  0.000  0.000 0.0000000000
96046  0.000  0.000  0.000 0.0000000000
96051  0.000  0.000  0.000 0.0000000000
96052  0.000  0.000  0.000 0.0000000000
96053  0.000  0.000  0.000 0.0000000000
96054  0.000  0.000  0.000 0.0000000000
96055  0.000  0.000  0.000 0.0000000000
96060  0.000  0.000  0.000 0.0000000000
96061  0.000  0.000  0.000 0.0000000000
96062  0.000  0.000  0.000 0.0000000000
96063  0.000  0.000  0.000 0.0000000000
96067  0.000  0.000  0.000 0.0000000000
96068  0.000  0.000  0.000 0.0000000000
96069  0.000  0.000  0.000 0.0000000000
96072  0.000  0.000  0.000 0.0000000000
96073  0.000  0.000  0.000 0.0000000000
96074  0.000  0.000  0.000 0.0000000000
96077  0.000  0.000  0.000 0.0000000000
96078  0.000  0.000  0.000 0.0000000000
96079  0.000  0.000  0.000 0.0000000000
96080  0.000  0.000  0.000 0.0000000000
96083  0.000  0.000  0.000 0.0000000000
96084  0.000  0.000  0.000 0.0000000000
96085  0.000  0.000  0.000 0.0000000000
96088  0.000  0.000  0.000 0.0000000000
96094  0.000  0.000  0.000 0.0000000000
96099  0.000  0.000  0.000 0.0000000000
96105  0.000  0.000  0.000 0.0000000000
96112  0.000  0.000  0.000 0.0000000000
96119  0.000  0.000  0.000 0.0000000000
96123  0.000  0.000  0.000 0.0000000000
96171  0.000  0.000  0.000 0.0000000000
96173  0.000  0.000  0.000 0.0000000000
96174  0.000  0.000  0.000 0.0000000000
96176  0.000  0.000  0.000 0.0000000000
96178  0.000  0.000  0.000 0.0000000000
96181  0.000  0.000  0.000 0.0000000000
96182  0.000  0.000  0.000 0.0000000000
96184  0.000  0.000  0.000 0.0000000000
96186  0.000  0.000  0.000 0.0000000000
96189  0.000  0.000  0.000 0.0000000000
96190  0.000  0.000  0.000 0.0000000000
96193  0.000  0.000  0.000 0.0000000000
96194  0.000  0.000  0.000 0.0000000000
96197  0.000  0.000  0.000 0.0000000000
96198  0.000  0.000  0.000 0.0000000000
96201  0.000  0.000  0.000 0.0000000000
96202  0.000  0.000  0.000 0.0000000000
96203  0.000  0.000  0.000 0.0000000000
96205  0.000  0.000  0.000 0.0000000000
96206  0.000  0.000  0.000 0.0000000000
96238  0.000  0.000  0.000 0.0000000000
96239  0.000  0.000  0.000 0.0000000000
96240  0.000  0.000  0.000 0.0000000000
96241  0.000  0.000  0.000 0.0000000000
96242  0.000  0.000  0.000 0.0000000000
96246  0.000  0.000  0.000 0.0000000000
96247  0.000  0.000  0.000 0.0000000000
96248  0.000  0.000  0.000 0.0000000000
96249  0.000  0.000  0.000 0.0000000000
96250  0.000  0.000  0.000 0.0000000000
96251  0.000  0.000  0.000 0.0000000000
96252  0.000  0.000  0.000 0.0000000000
96256  0.000  0.000  0.000 0.0000000000
96257  0.000  0.000  0.000 0.0000000000
96258  0.000  0.000  0.000 0.0000000000
96259  0.000  0.000  0.000 0.0000000000
96260  0.000  0.000  0.000 0.0000000000
96263  0.000  0.000  0.000 0.0000000000
96264  0.000  0.000  0.000 0.0000000000
96265  0.000  0.000  0.000 0.0000000000
96266  0.000  0.000  0.000 0.0000000000
96270  0.000  0.000  0.000 0.0000000000
96271  0.000  0.000  0.000 0.0000000000
96272  0.000  0.000  0.000 0.0000000000
96273  0.000  0.000  0.000 0.0000000000
96276  0.000  0.000  0.000 0.0000000000
96277  0.000  0.000  0.000 0.0000000000
96278  0.000  0.000  0.000 0.0000000000
96279  0.000  0.000  0.000 0.0000000000
96282  0.000  0.000  0.000 0.0000000000
96283  0.000  0.000  0.000 0.0000000000
96287  0.000  0.000  0.000 0.0000000000
96292  0.000  0.000  0.000 0.0000000000
96299  0.000  0.000  0.000 0.0000000000
96305  0.000  0.000  0.000 0.0000000000
96312  0.000  0.000  0.000 0.0000000000
96313  0.000  0.000  0.000 0.0000000000
96318  0.000  0.000  0.000 0.0000000000
96319  0.000  0.000  0.000 0.0000000000
96323  0.000  0.000  0.000 0.0000000000
96324  0.000  0.000  0.000 0.0000000000
96326  0.000  0.000  0.000 0.0000000000
96327  0.000  0.000  0.000 0.0000000000
96367  0.000  0.000  0.000 0.0000000000
96368  0.000  0.000  0.000 0.0000000000
96370  0.000  0.000  0.000 0.0000000000
96371  0.000  0.000  0.000 0.0000000000
96373  0.000  0.000  0.000 0.0000000000
96376  0.000  0.000  0.000 0.0000000000
96377  0.000  0.000  0.000 0.0000000000
96379  0.000  0.000  0.000 0.0000000000
96380  0.000  0.000  0.000 0.0000000000
96382  0.000  0.000  0.000 0.0000000000
96384  0.000  0.000  0.000 0.0000000000
96386  0.000  0.000  0.000 0.0000000000
96387  0.000  0.000  0.000 0.0000000000
96389  0.000  0.000  0.000 0.0000000000
96390  0.000  0.000  0.000 0.0000000000
96392  0.000  0.000  0.000 0.0000000000
96393  0.000  0.000  0.000 0.0000000000
96396  0.000  0.000  0.000 0.0000000000
96397  0.000  0.000  0.000 0.0000000000
96398  0.000  0.000  0.000 0.0000000000
96401  0.000  0.000  0.000 0.0000000000
96402  0.000  0.000  0.000 0.0000000000
96428  0.000  0.000  0.000 0.0000000000
96429  0.000  0.000  0.000 0.0000000000
96430  0.000  0.000  0.000 0.0000000000
96433  0.000  0.000  0.000 0.0000000000
96434  0.000  0.000  0.000 0.0000000000
96435  0.000  0.000  0.000 0.0000000000
96436  0.000  0.000  0.000 0.0000000000
96437  0.000  0.000  0.000 0.0000000000
96438  0.000  0.000  0.000 0.0000000000
96443  0.000  0.000  0.000 0.0000000000
96444  0.000  0.000  0.000 0.0000000000
96445  0.000  0.000  0.000 0.0000000000
96446  0.000  0.000  0.000 0.0000000000
96447  0.000  0.000  0.000 0.0000000000
96451  0.000  0.000  0.000 0.0000000000
96452  0.000  0.000  0.000 0.0000000000
96453  0.000  0.000  0.000 0.0000000000
96454  0.000  0.000  0.000 0.0000000000
96457  0.000  0.000  0.000 0.0000000000
96458  0.000  0.000  0.000 0.0000000000
96459  0.000  0.000  0.000 0.0000000000
96463  0.000  0.000  0.000 0.0000000000
96464  0.000  0.000  0.000 0.0000000000
96465  0.000  0.000  0.000 0.0000000000
96466  0.000  0.000  0.000 0.0000000000
96470  0.000  0.000  0.000 0.0000000000
96474  0.000  0.000  0.000 0.0000000000
96479  0.000  0.000  0.000 0.0000000000
96485  0.000  0.000  0.000 0.0000000000
96490  0.000  0.000  0.000 0.0000000000
96495  0.000  0.000  0.000 0.0000000000
96500  0.000  0.000  0.000 0.0000000000
96501  0.000  0.000  0.000 0.0000000000
96505  0.000  0.000  0.000 0.0000000000
96506  0.000  0.000  0.000 0.0000000000
96508  0.000  0.000  0.000 0.0000000000
96509  0.000  0.000  0.000 0.0000000000
96511  0.000  0.000  0.000 0.0000000000
96512  0.000  0.000  0.000 0.0000000000
96514  0.000  0.000  0.000 0.0000000000
96553  0.000  0.000  0.000 0.0000000000
96556  0.000  0.000  0.000 0.0000000000
96559  0.000  0.000  0.000 0.0000000000
96562  0.000  0.000  0.000 0.0000000000
96563  0.000  0.000  0.000 0.0000000000
96565  0.000  0.000  0.000 0.0000000000
96566  0.000  0.000  0.000 0.0000000000
96568  0.000  0.000  0.000 0.0000000000
96569  0.000  0.000  0.000 0.0000000000
96571  0.000  0.000  0.000 0.0000000000
96573  0.000  0.000  0.000 0.0000000000
96574  0.000  0.000  0.000 0.0000000000
96577  0.000  0.000  0.000 0.0000000000
96578  0.000  0.000  0.000 0.0000000000
96581  0.000  0.000  0.000 0.0000000000
96582  0.000  0.000  0.000 0.0000000000
96585  0.000  0.000  0.000 0.0000000000
96586  0.000  0.000  0.000 0.0000000000
96589  0.000  0.000  0.000 0.0000000000
96609  0.000  0.000  0.000 0.0000000000
96610  0.000  0.000  0.000 0.0000000000
96611  0.000  0.000  0.000 0.0000000000
96612  0.000  0.000  0.000 0.0000000000
96613  0.000  0.000  0.000 0.0000000000
96616  0.000  0.000  0.000 0.0000000000
96617  0.000  0.000  0.000 0.0000000000
96618  0.000  0.000  0.000 0.0000000000
96619  0.000  0.000  0.000 0.0000000000
96620  0.000  0.000  0.000 0.0000000000
96621  0.000  0.000  0.000 0.0000000000
96622  0.000  0.000  0.000 0.0000000000
96627  0.000  0.000  0.000 0.0000000000
96628  0.000  0.000  0.000 0.0000000000
96629  0.000  0.000  0.000 0.0000000000
96630  0.000  0.000  0.000 0.0000000000
96631  0.000  0.000  0.000 0.0000000000
96634  0.000  0.000  0.000 0.0000000000
96635  0.000  0.000  0.000 0.0000000000
96636  0.000  0.000  0.000 0.0000000000
96637  0.000  0.000  0.000 0.0000000000
96640  0.000  0.000  0.000 0.0000000000
96641  0.000  0.000  0.000 0.0000000000
96642  0.000  0.000  0.000 0.0000000000
96643  0.000  0.000  0.000 0.0000000000
96646  0.000  0.000  0.000 0.0000000000
96647  0.000  0.000  0.000 0.0000000000
96648  0.000  0.000  0.000 0.0000000000
96652  0.000  0.000  0.000 0.0000000000
96658  0.000  0.000  0.000 0.0000000000
96664  0.000  0.000  0.000 0.0000000000
96670  0.000  0.000  0.000 0.0000000000
96675  0.000  0.000  0.000 0.0000000000
96680  0.000  0.000  0.000 0.0000000000
96684  0.000  0.000  0.000 0.0000000000
96686  0.000  0.000  0.000 0.0000000000
96688  0.000  0.000  0.000 0.0000000000
96689  0.000  0.000  0.000 0.0000000000
96691  0.000  0.000  0.000 0.0000000000
96737  0.000  0.000  0.000 0.0000000000
96740  0.000  0.000  0.000 0.0000000000
96743  0.000  0.000  0.000 0.0000000000
96745  0.000  0.000  0.000 0.0000000000
96747  0.000  0.000  0.000 0.0000000000
96748  0.000  0.000  0.000 0.0000000000
96750  0.000  0.000  0.000 0.0000000000
96751  0.000  0.000  0.000 0.0000000000
96754  0.000  0.000  0.000 0.0000000000
96757  0.000  0.000  0.000 0.0000000000
96758  0.000  0.000  0.000 0.0000000000
96761  0.000  0.000  0.000 0.0000000000
96762  0.000  0.000  0.000 0.0000000000
96763  0.000  0.000  0.000 0.0000000000
96766  0.000  0.000  0.000 0.0000000000
96767  0.000  0.000  0.000 0.0000000000
96768  0.000  0.000  0.000 0.0000000000
96771  0.000  0.000  0.000 0.0000000000
96772  0.000  0.000  0.000 0.0000000000
96792  0.000  0.000  0.000 0.0000000000
96793  0.000  0.000  0.000 0.0000000000
96794  0.000  0.000  0.000 0.0000000000
96795  0.000  0.000  0.000 0.0000000000
96796  0.000  0.000  0.000 0.0000000000
96797  0.000  0.000  0.000 0.0000000000
96798  0.000  0.000  0.000 0.0000000000
96802  0.000  0.000  0.000 0.0000000000
96803  0.000  0.000  0.000 0.0000000000
96804  0.000  0.000  0.000 0.0000000000
96805  0.000  0.000  0.000 0.0000000000
96806  0.000  0.000  0.000 0.0000000000
96811  0.000  0.000  0.000 0.0000000000
96812  0.000  0.000  0.000 0.0000000000
96813  0.000  0.000  0.000 0.0000000000
96814  0.000  0.000  0.000 0.0000000000
96817  0.000  0.000  0.000 0.0000000000
96818  0.000  0.000  0.000 0.0000000000
96819  0.000  0.000  0.000 0.0000000000
96822  0.000  0.000  0.000 0.0000000000
96823  0.000  0.000  0.000 0.0000000000
96827  0.000  0.000  0.000 0.0000000000
96828  0.000  0.000  0.000 0.0000000000
96833  0.000  0.000  0.000 0.0000000000
96834  0.000  0.000  0.000 0.0000000000
96839  0.000  0.000  0.000 0.0000000000
96840  0.000  0.000  0.000 0.0000000000
96845  0.000  0.000  0.000 0.0000000000
96846  0.000  0.000  0.000 0.0000000000
96851  0.000  0.000  0.000 0.0000000000
96855  0.000  0.000  0.000 0.0000000000
96857  0.000  0.000  0.000 0.0000000000
96860  0.000  0.000  0.000 0.0000000000
96863  0.000  0.000  0.000 0.0000000000
96866  0.000  0.000  0.000 0.0000000000
96867  0.000  0.000  0.000 0.0000000000
96870  0.000  0.000  0.000 0.0000000000
96871  0.000  0.000  0.000 0.0000000000
96912  0.000  0.000  0.000 0.0000000000
96915  0.000  0.000  0.000 0.0000000000
96916  0.000  0.000  0.000 0.0000000000
96919  0.000  0.000  0.000 0.0000000000
96922  0.000  0.000  0.000 0.0000000000
96923  0.000  0.000  0.000 0.0000000000
96926  0.000  0.000  0.000 0.0000000000
96927  0.000  0.000  0.000 0.0000000000
96930  0.000  0.000  0.000 0.0000000000
96931  0.000  0.000  0.000 0.0000000000
96934  0.000  0.000  0.000 0.0000000000
96935  0.000  0.000  0.000 0.0000000000
96937  0.000  0.000  0.000 0.0000000000
96938  0.000  0.000  0.000 0.0000000000
96941  0.000  0.000  0.000 0.0000000000
96942  0.000  0.000  0.000 0.0000000000
96945  0.000  0.000  0.000 0.0000000000
96958  0.000  0.000  0.000 0.0000000000
96959  0.000  0.000  0.000 0.0000000000
96963  0.000  0.000  0.000 0.0000000000
96964  0.000  0.000  0.000 0.0000000000
96965  0.000  0.000  0.000 0.0000000000
96966  0.000  0.000  0.000 0.0000000000
96967  0.000  0.000  0.000 0.0000000000
96968  0.000  0.000  0.000 0.0000000000
96969  0.000  0.000  0.000 0.0000000000
96974  0.000  0.000  0.000 0.0000000000
96975  0.000  0.000  0.000 0.0000000000
96976  0.000  0.000  0.000 0.0000000000
96977  0.000  0.000  0.000 0.0000000000
96981  0.000  0.000  0.000 0.0000000000
96982  0.000  0.000  0.000 0.0000000000
96983  0.000  0.000  0.000 0.0000000000
96984  0.000  0.000  0.000 0.0000000000
96988  0.000  0.000  0.000 0.0000000000
96989  0.000  0.000  0.000 0.0000000000
96990  0.000  0.000  0.000 0.0000000000
96994  0.000  0.000  0.000 0.0000000000
96995  0.000  0.000  0.000 0.0000000000
96996  0.000  0.000  0.000 0.0000000000
97000  0.000  0.000  0.000 0.0000000000
97001  0.000  0.000  0.000 0.0000000000
97006  0.000  0.000  0.000 0.0000000000
97011  0.000  0.000  0.000 0.0000000000
97016  0.000  0.000  0.000 0.0000000000
97017  0.000  0.000  0.000 0.0000000000
97019  0.000  0.000  0.000 0.0000000000
97022  0.000  0.000  0.000 0.0000000000
97025  0.000  0.000  0.000 0.0000000000
97028  0.000  0.000  0.000 0.0000000000
97030  0.000  0.000  0.000 0.0000000000
97032  0.000  0.000  0.000 0.0000000000
97075  0.000  0.000  0.000 0.0000000000
97076  0.000  0.000  0.000 0.0000000000
97078  0.000  0.000  0.000 0.0000000000
97079  0.000  0.000  0.000 0.0000000000
97081  0.000  0.000  0.000 0.0000000000
97082  0.000  0.000  0.000 0.0000000000
97085  0.000  0.000  0.000 0.0000000000
97088  0.000  0.000  0.000 0.0000000000
97089  0.000  0.000  0.000 0.0000000000
97091  0.000  0.000  0.000 0.0000000000
97092  0.000  0.000  0.000 0.0000000000
97093  0.000  0.000  0.000 0.0000000000
97096  0.000  0.000  0.000 0.0000000000
97097  0.000  0.000  0.000 0.0000000000
97098  0.000  0.000  0.000 0.0000000000
97101  0.000  0.000  0.000 0.0000000000
97102  0.000  0.000  0.000 0.0000000000
97103  0.000  0.000  0.000 0.0000000000
97105  0.000  0.000  0.000 0.0000000000
97117  0.000  0.000  0.000 0.0000000000
97118  0.000  0.000  0.000 0.0000000000
97119  0.000  0.000  0.000 0.0000000000
97120  0.000  0.000  0.000 0.0000000000
97124  0.000  0.000  0.000 0.0000000000
97125  0.000  0.000  0.000 0.0000000000
97126  0.000  0.000  0.000 0.0000000000
97127  0.000  0.000  0.000 0.0000000000
97128  0.000  0.000  0.000 0.0000000000
97129  0.000  0.000  0.000 0.0000000000
97130  0.000  0.000  0.000 0.0000000000
97135  0.000  0.000  0.000 0.0000000000
97136  0.000  0.000  0.000 0.0000000000
97137  0.000  0.000  0.000 0.0000000000
97138  0.000  0.000  0.000 0.0000000000
97142  0.000  0.000  0.000 0.0000000000
97143  0.000  0.000  0.000 0.0000000000
97144  0.000  0.000  0.000 0.0000000000
97145  0.000  0.000  0.000 0.0000000000
97149  0.000  0.000  0.000 0.0000000000
97150  0.000  0.000  0.000 0.0000000000
97156  0.000  0.000  0.000 0.0000000000
97162  0.000  0.000  0.000 0.0000000000
97168  0.000  0.000  0.000 0.0000000000
97173  0.000  0.000  0.000 0.0000000000
97175  0.000  0.000  0.000 0.0000000000
97176  0.000  0.000  0.000 0.0000000000
97179  0.000  0.000  0.000 0.0000000000
97182  0.000  0.000  0.000 0.0000000000
97184  0.000  0.000  0.000 0.0000000000
97186  0.000  0.000  0.000 0.0000000000
97189  0.000  0.000  0.000 0.0000000000
97236  0.000  0.000  0.000 0.0000000000
97238  0.000  0.000  0.000 0.0000000000
97239  0.000  0.000  0.000 0.0000000000
97242  0.000  0.000  0.000 0.0000000000
97243  0.000  0.000  0.000 0.0000000000
97245  0.000  0.000  0.000 0.0000000000
97246  0.000  0.000  0.000 0.0000000000
97249  0.000  0.000  0.000 0.0000000000
97250  0.000  0.000  0.000 0.0000000000
97253  0.000  0.000  0.000 0.0000000000
97254  0.000  0.000  0.000 0.0000000000
97256  0.000  0.000  0.000 0.0000000000
97257  0.000  0.000  0.000 0.0000000000
97258  0.000  0.000  0.000 0.0000000000
97261  0.000  0.000  0.000 0.0000000000
97262  0.000  0.000  0.000 0.0000000000
97263  0.000  0.000  0.000 0.0000000000
97266  0.000  0.000  0.000 0.0000000000
97267  0.000  0.000  0.000 0.0000000000
97268  0.000  0.000  0.000 0.0000000000
97273  0.000  0.000  0.000 0.0000000000
97274  0.000  0.000  0.000 0.0000000000
97275  0.000  0.000  0.000 0.0000000000
97276  0.000  0.000  0.000 0.0000000000
97277  0.000  0.000  0.000 0.0000000000
97281  0.000  0.000  0.000 0.0000000000
97282  0.000  0.000  0.000 0.0000000000
97283  0.000  0.000  0.000 0.0000000000
97284  0.000  0.000  0.000 0.0000000000
97285  0.000  0.000  0.000 0.0000000000
97286  0.000  0.000  0.000 0.0000000000
97290  0.000  0.000  0.000 0.0000000000
97291  0.000  0.000  0.000 0.0000000000
97292  0.000  0.000  0.000 0.0000000000
97293  0.000  0.000  0.000 0.0000000000
97298  0.000  0.000  0.000 0.0000000000
97299  0.000  0.000  0.000 0.0000000000
97300  0.000  0.000  0.000 0.0000000000
97301  0.000  0.000  0.000 0.0000000000
97302  0.000  0.000  0.000 0.0000000000
97306  0.000  0.000  0.000 0.0000000000
97313  0.000  0.000  0.000 0.0000000000
97318  0.000  0.000  0.000 0.0000000000
97322  0.000  0.000  0.000 0.0000000000
97325  0.000  0.000  0.000 0.0000000000
97328  0.000  0.000  0.000 0.0000000000
97329  0.000  0.000  0.000 0.0000000000
97332  0.000  0.000  0.000 0.0000000000
97334  0.000  0.000  0.000 0.0000000000
97337  0.000  0.000  0.000 0.0000000000
97340  0.000  0.000  0.000 0.0000000000
97343  0.000  0.000  0.000 0.0000000000
97386  0.000  0.000  0.000 0.0000000000
97389  0.000  0.000  0.000 0.0000000000
97392  0.000  0.000  0.000 0.0000000000
97395  0.000  0.000  0.000 0.0000000000
97396  0.000  0.000  0.000 0.0000000000
97399  0.000  0.000  0.000 0.0000000000
97400  0.000  0.000  0.000 0.0000000000
97401  0.000  0.000  0.000 0.0000000000
97403  0.000  0.000  0.000 0.0000000000
97404  0.000  0.000  0.000 0.0000000000
97405  0.000  0.000  0.000 0.0000000000
97407  0.000  0.000  0.000 0.0000000000
97408  0.000  0.000  0.000 0.0000000000
97409  0.000  0.000  0.000 0.0000000000
97412  0.000  0.000  0.000 0.0000000000
97413  0.000  0.000  0.000 0.0000000000
97414  0.000  0.000  0.000 0.0000000000
97416  0.000  0.000  0.000 0.0000000000
97417  0.000  0.000  0.000 0.0000000000
97418  0.000  0.000  0.000 0.0000000000
97420  0.000  0.000  0.000 0.0000000000
97421  0.000  0.000  0.000 0.0000000000
97424  0.000  0.000  0.000 0.0000000000
97425  0.000  0.000  0.000 0.0000000000
97426  0.000  0.000  0.000 0.0000000000
97427  0.000  0.000  0.000 0.0000000000
97428  0.000  0.000  0.000 0.0000000000
97429  0.000  0.000  0.000 0.0000000000
97430  0.000  0.000  0.000 0.0000000000
97434  0.000  0.000  0.000 0.0000000000
97435  0.000  0.000  0.000 0.0000000000
97436  0.000  0.000  0.000 0.0000000000
97437  0.000  0.000  0.000 0.0000000000
97438  0.000  0.000  0.000 0.0000000000
97439  0.000  0.000  0.000 0.0000000000
97443  0.000  0.000  0.000 0.0000000000
97444  0.000  0.000  0.000 0.0000000000
97445  0.000  0.000  0.000 0.0000000000
97446  0.000  0.000  0.000 0.0000000000
97447  0.000  0.000  0.000 0.0000000000
97451  0.000  0.000  0.000 0.0000000000
97452  0.000  0.000  0.000 0.0000000000
97453  0.000  0.000  0.000 0.0000000000
97454  0.000  0.000  0.000 0.0000000000
97455  0.000  0.000  0.000 0.0000000000
97459  0.000  0.000  0.000 0.0000000000
97465  0.000  0.000  0.000 0.0000000000
97468  0.000  0.000  0.000 0.0000000000
97471  0.000  0.000  0.000 0.0000000000
97474  0.000  0.000  0.000 0.0000000000
97476  0.000  0.000  0.000 0.0000000000
97477  0.000  0.000  0.000 0.0000000000
97479  0.000  0.000  0.000 0.0000000000
97482  0.000  0.000  0.000 0.0000000000
97485  0.000  0.000  0.000 0.0000000000
97487  0.000  0.000  0.000 0.0000000000
97525  0.000  0.000  0.000 0.0000000000
97528  0.000  0.000  0.000 0.0000000000
97530  0.000  0.000  0.000 0.0000000000
97531  0.000  0.000  0.000 0.0000000000
97534  0.000  0.000  0.000 0.0000000000
97535  0.000  0.000  0.000 0.0000000000
97537  0.000  0.000  0.000 0.0000000000
97538  0.000  0.000  0.000 0.0000000000
97540  0.000  0.000  0.000 0.0000000000
97541  0.000  0.000  0.000 0.0000000000
97542  0.000  0.000  0.000 0.0000000000
97544  0.000  0.000  0.000 0.0000000000
97545  0.000  0.000  0.000 0.0000000000
97546  0.000  0.000  0.000 0.0000000000
97549  0.000  0.000  0.000 0.0000000000
97550  0.000  0.000  0.000 0.0000000000
97551  0.000  0.000  0.000 0.0000000000
97553  0.000  0.000  0.000 0.0000000000
97554  0.000  0.000  0.000 0.0000000000
97555  0.000  0.000  0.000 0.0000000000
97557  0.000  0.000  0.000 0.0000000000
97558  0.000  0.000  0.000 0.0000000000
97559  0.000  0.000  0.000 0.0000000000
97561  0.000  0.000  0.000 0.0000000000
97562  0.000  0.000  0.000 0.0000000000
97563  0.000  0.000  0.000 0.0000000000
97564  0.000  0.000  0.000 0.0000000000
97565  0.000  0.000  0.000 0.0000000000
97566  0.000  0.000  0.000 0.0000000000
97567  0.000  0.000  0.000 0.0000000000
97568  0.000  0.000  0.000 0.0000000000
97570  0.000  0.000  0.000 0.0000000000
97571  0.000  0.000  0.000 0.0000000000
97572  0.000  0.000  0.000 0.0000000000
97573  0.000  0.000  0.000 0.0000000000
97574  0.000  0.000  0.000 0.0000000000
97575  0.000  0.000  0.000 0.0000000000
97576  0.000  0.000  0.000 0.0000000000
97579  0.000  0.000  0.000 0.0000000000
97580  0.000  0.000  0.000 0.0000000000
97581  0.000  0.000  0.000 0.0000000000
97582  0.000  0.000  0.000 0.0000000000
97583  0.000  0.000  0.000 0.0000000000
97586  0.000  0.000  0.000 0.0000000000
97587  0.000  0.000  0.000 0.0000000000
97588  0.000  0.000  0.000 0.0000000000
97591  0.000  0.000  0.000 0.0000000000
97593  0.000  0.000  0.000 0.0000000000
97595  0.000  0.000  0.000 0.0000000000
97597  0.000  0.000  0.000 0.0000000000
97599  0.000  0.000  0.000 0.0000000000
97602  0.000  0.000  0.000 0.0000000000
97603  0.000  0.000  0.000 0.0000000000
97606  0.000  0.000  0.000 0.0000000000
97609  0.000  0.000  0.000 0.0000000000
97650  0.000  0.000  0.000 0.0000000000
97651  0.000  0.000  0.000 0.0000000000
97653  0.000  0.000  0.000 0.0000000000
97654  0.000  0.000  0.000 0.0000000000
97656  0.000  0.000  0.000 0.0000000000
97657  0.000  0.000  0.000 0.0000000000
97660  0.000  0.000  0.000 0.0000000000
97661  0.000  0.000  0.000 0.0000000000
97662  0.000  0.000  0.000 0.0000000000
97665  0.000  0.000  0.000 0.0000000000
97666  0.000  0.000  0.000 0.0000000000
97667  0.000  0.000  0.000 0.0000000000
97669  0.000  0.000  0.000 0.0000000000
97670  0.000  0.000  0.000 0.0000000000
97672  0.000  0.000  0.000 0.0000000000
97673  0.000  0.000  0.000 0.0000000000
97674  0.000  0.000  0.000 0.0000000000
97676  0.000  0.000  0.000 0.0000000000
97677  0.000  0.000  0.000 0.0000000000
97678  0.000  0.000  0.000 0.0000000000
97679  0.000  0.000  0.000 0.0000000000
97680  0.000  0.000  0.000 0.0000000000
97681  0.000  0.000  0.000 0.0000000000
97682  0.000  0.000  0.000 0.0000000000
97683  0.000  0.000  0.000 0.0000000000
97684  0.000  0.000  0.000 0.0000000000
97685  0.000  0.000  0.000 0.0000000000
97687  0.000  0.000  0.000 0.0000000000
97688  0.000  0.000  0.000 0.0000000000
97689  0.000  0.000  0.000 0.0000000000
97690  0.000  0.000  0.000 0.0000000000
97691  0.000  0.000  0.000 0.0000000000
97692  0.000  0.000  0.000 0.0000000000
97694  0.000  0.000  0.000 0.0000000000
97695  0.000  0.000  0.000 0.0000000000
97696  0.000  0.000  0.000 0.0000000000
97697  0.000  0.000  0.000 0.0000000000
97699  0.000  0.000  0.000 0.0000000000
97701  0.000  0.000  0.000 0.0000000000
97703  0.000  0.000  0.000 0.0000000000
97705  0.000  0.000  0.000 0.0000000000
97707  0.000  0.000  0.000 0.0000000000
97710  0.000  0.000  0.000 0.0000000000
97713  0.000  0.000  0.000 0.0000000000
97714  0.000  0.000  0.000 0.0000000000
97716  0.000  0.000  0.000 0.0000000000
97718  0.000  0.000  0.000 0.0000000000
97761  0.000  0.000  0.000 0.0000000000
97762  0.000  0.000  0.000 0.0000000000
97764  0.000  0.000  0.000 0.0000000000
97765  0.000  0.000  0.000 0.0000000000
97766  0.000  0.000  0.000 0.0000000000
97769  0.000  0.000  0.000 0.0000000000
97770  0.000  0.000  0.000 0.0000000000
97771  0.000  0.000  0.000 0.0000000000
97774  0.000  0.000  0.000 0.0000000000
97775  0.000  0.000  0.000 0.0000000000
97776  0.000  0.000  0.000 0.0000000000
97777  0.000  0.000  0.000 0.0000000000
97779  0.000  0.000  0.000 0.0000000000
97780  0.000  0.000  0.000 0.0000000000
97781  0.000  0.000  0.000 0.0000000000
97783  0.000  0.000  0.000 0.0000000000
97784  0.000  0.000  0.000 0.0000000000
97785  0.000  0.000  0.000 0.0000000000
97787  0.000  0.000  0.000 0.0000000000
97788  0.000  0.000  0.000 0.0000000000
97789  0.000  0.000  0.000 0.0000000000
97790  0.000  0.000  0.000 0.0000000000
97791  0.000  0.000  0.000 0.0000000000
97792  0.000  0.000  0.000 0.0000000000
97793  0.000  0.000  0.000 0.0000000000
97794  0.000  0.000  0.000 0.0000000000
97795  0.000  0.000  0.000 0.0000000000
97797  0.000  0.000  0.000 0.0000000000
97799  0.000  0.000  0.000 0.0000000000
97800  0.000  0.000  0.000 0.0000000000
97802  0.000  0.000  0.000 0.0000000000
97804  0.000  0.000  0.000 0.0000000000
97807  0.000  0.000  0.000 0.0000000000
97810  0.000  0.000  0.000 0.0000000000
97813  0.000  0.000  0.000 0.0000000000
97816  0.000  0.000  0.000 0.0000000000
97817  0.000  0.000  0.000 0.0000000000
97819  0.000  0.000  0.000 0.0000000000
97820  0.000  0.000  0.000 0.0000000000
97822  0.000  0.000  0.000 0.0000000000
97860  0.000  0.000  0.000 0.0000000000
97862  0.000  0.000  0.000 0.0000000000
97863  0.000  0.000  0.000 0.0000000000
97865  0.000  0.000  0.000 0.0000000000
97866  0.000  0.000  0.000 0.0000000000
97867  0.000  0.000  0.000 0.0000000000
97870  0.000  0.000  0.000 0.0000000000
97871  0.000  0.000  0.000 0.0000000000
97872  0.000  0.000  0.000 0.0000000000
97874  0.000  0.000  0.000 0.0000000000
97875  0.000  0.000  0.000 0.0000000000
97876  0.000  0.000  0.000 0.0000000000
97878  0.000  0.000  0.000 0.0000000000
97879  0.000  0.000  0.000 0.0000000000
97880  0.000  0.000  0.000 0.0000000000
97882  0.000  0.000  0.000 0.0000000000
97883  0.000  0.000  0.000 0.0000000000
97884  0.000  0.000  0.000 0.0000000000
97885  0.000  0.000  0.000 0.0000000000
97886  0.000  0.000  0.000 0.0000000000
97887  0.000  0.000  0.000 0.0000000000
97888  0.000  0.000  0.000 0.0000000000
97891  0.000  0.000  0.000 0.0000000000
97894  0.000  0.000  0.000 0.0000000000
97895  0.000  0.000  0.000 0.0000000000
97898  0.000  0.000  0.000 0.0000000000
97901  0.000  0.000  0.000 0.0000000000
97904  0.000  0.000  0.000 0.0000000000
97906  0.000  0.000  0.000 0.0000000000
97907  0.000  0.000  0.000 0.0000000000
97909  0.000  0.000  0.000 0.0000000000
97910  0.000  0.000  0.000 0.0000000000
97912  0.000  0.000  0.000 0.0000000000
97913  0.000  0.000  0.000 0.0000000000
97915  0.000  0.000  0.000 0.0000000000
97918  0.000  0.000  0.000 0.0000000000
97950  0.000  0.000  0.000 0.0000000000
97952  0.000  0.000  0.000 0.0000000000
97953  0.000  0.000  0.000 0.0000000000
97954  0.000  0.000  0.000 0.0000000000
97957  0.000  0.000  0.000 0.0000000000
97958  0.000  0.000  0.000 0.0000000000
97959  0.000  0.000  0.000 0.0000000000
97962  0.000  0.000  0.000 0.0000000000
97963  0.000  0.000  0.000 0.0000000000
97964  0.000  0.000  0.000 0.0000000000
97966  0.000  0.000  0.000 0.0000000000
97967  0.000  0.000  0.000 0.0000000000
97968  0.000  0.000  0.000 0.0000000000
97969  0.000  0.000  0.000 0.0000000000
97972  0.000  0.000  0.000 0.0000000000
97973  0.000  0.000  0.000 0.0000000000
97974  0.000  0.000  0.000 0.0000000000
97975  0.000  0.000  0.000 0.0000000000
97976  0.000  0.000  0.000 0.0000000000
97979  0.000  0.000  0.000 0.0000000000
97981  0.000  0.000  0.000 0.0000000000
97982  0.000  0.000  0.000 0.0000000000
97984  0.000  0.000  0.000 0.0000000000
97986  0.000  0.000  0.000 0.0000000000
97988  0.000  0.000  0.000 0.0000000000
97991  0.000  0.000  0.000 0.0000000000
97992  0.000  0.000  0.000 0.0000000000
98031  0.000  0.000  0.000 0.0000000000
98032  0.000  0.000  0.000 0.0000000000
98034  0.000  0.000  0.000 0.0000000000
98035  0.000  0.000  0.000 0.0000000000
98036  0.000  0.000  0.000 0.0000000000
98039  0.000  0.000  0.000 0.0000000000
98040  0.000  0.000  0.000 0.0000000000
98041  0.000  0.000  0.000 0.0000000000
98044  0.000  0.000  0.000 0.0000000000
98045  0.000  0.000  0.000 0.0000000000
98046  0.000  0.000  0.000 0.0000000000
98047  0.000  0.000  0.000 0.0000000000
98050  0.000  0.000  0.000 0.0000000000
98051  0.000  0.000  0.000 0.0000000000
98052  0.000  0.000  0.000 0.0000000000
98054  0.000  0.000  0.000 0.0000000000
98057  0.000  0.000  0.000 0.0000000000
98103  0.000  0.000  0.000 0.0000000000
98106  0.000  0.000  0.000 0.0000000000
98107  0.000  0.000  0.000 0.0000000000
98108  0.000  0.000  0.000 0.0000000000
98110  0.000  0.000  0.000 0.0000000000
98111  0.000  0.000  0.000 0.0000000000
98112  0.000  0.000  0.000 0.0000000000
98114  0.000  0.000  0.000 0.0000000000
98115  0.000  0.000  0.000 0.0000000000
98116  0.000  0.000  0.000 0.0000000000
98118  0.000  0.000  0.000 0.0000000000
98119  0.000  0.000  0.000 0.0000000000
98171  0.000  0.000  0.000 0.0000000000
98172  0.000  0.000  0.000 0.0000000000
98175  0.000  0.000  0.000 0.0000000000
98176  0.000  0.000  0.000 0.0000000000
