#!ascii label  , from subject Woofsurfer vox2ras=TkReg coords=white
1975
58611  0.000  0.000  0.000 0.0000000000
58619  0.000  0.000  0.000 0.0000000000
58620  0.000  0.000  0.000 0.0000000000
58621  0.000  0.000  0.000 0.0000000000
58628  0.000  0.000  0.000 0.0000000000
58629  0.000  0.000  0.000 0.0000000000
58630  0.000  0.000  0.000 0.0000000000
58631  0.000  0.000  0.000 0.0000000000
58632  0.000  0.000  0.000 0.0000000000
58636  0.000  0.000  0.000 0.0000000000
58637  0.000  0.000  0.000 0.0000000000
58638  0.000  0.000  0.000 0.0000000000
58639  0.000  0.000  0.000 0.0000000000
59193  0.000  0.000  0.000 0.0000000000
59202  0.000  0.000  0.000 0.0000000000
59203  0.000  0.000  0.000 0.0000000000
59204  0.000  0.000  0.000 0.0000000000
59205  0.000  0.000  0.000 0.0000000000
59206  0.000  0.000  0.000 0.0000000000
59207  0.000  0.000  0.000 0.0000000000
59208  0.000  0.000  0.000 0.0000000000
59213  0.000  0.000  0.000 0.0000000000
59214  0.000  0.000  0.000 0.0000000000
59215  0.000  0.000  0.000 0.0000000000
59216  0.000  0.000  0.000 0.0000000000
59217  0.000  0.000  0.000 0.0000000000
59222  0.000  0.000  0.000 0.0000000000
59223  0.000  0.000  0.000 0.0000000000
59224  0.000  0.000  0.000 0.0000000000
59225  0.000  0.000  0.000 0.0000000000
59229  0.000  0.000  0.000 0.0000000000
59230  0.000  0.000  0.000 0.0000000000
59231  0.000  0.000  0.000 0.0000000000
59232  0.000  0.000  0.000 0.0000000000
59233  0.000  0.000  0.000 0.0000000000
59237  0.000  0.000  0.000 0.0000000000
59238  0.000  0.000  0.000 0.0000000000
59763  0.000  0.000  0.000 0.0000000000
59764  0.000  0.000  0.000 0.0000000000
59768  0.000  0.000  0.000 0.0000000000
59775  0.000  0.000  0.000 0.0000000000
59776  0.000  0.000  0.000 0.0000000000
59777  0.000  0.000  0.000 0.0000000000
59786  0.000  0.000  0.000 0.0000000000
59790  0.000  0.000  0.000 0.0000000000
59791  0.000  0.000  0.000 0.0000000000
59792  0.000  0.000  0.000 0.0000000000
59796  0.000  0.000  0.000 0.0000000000
59797  0.000  0.000  0.000 0.0000000000
59798  0.000  0.000  0.000 0.0000000000
59799  0.000  0.000  0.000 0.0000000000
59803  0.000  0.000  0.000 0.0000000000
59804  0.000  0.000  0.000 0.0000000000
59805  0.000  0.000  0.000 0.0000000000
59806  0.000  0.000  0.000 0.0000000000
59807  0.000  0.000  0.000 0.0000000000
59808  0.000  0.000  0.000 0.0000000000
59809  0.000  0.000  0.000 0.0000000000
59810  0.000  0.000  0.000 0.0000000000
59811  0.000  0.000  0.000 0.0000000000
59814  0.000  0.000  0.000 0.0000000000
59815  0.000  0.000  0.000 0.0000000000
59816  0.000  0.000  0.000 0.0000000000
59817  0.000  0.000  0.000 0.0000000000
59818  0.000  0.000  0.000 0.0000000000
59819  0.000  0.000  0.000 0.0000000000
59822  0.000  0.000  0.000 0.0000000000
59823  0.000  0.000  0.000 0.0000000000
59824  0.000  0.000  0.000 0.0000000000
59825  0.000  0.000  0.000 0.0000000000
59828  0.000  0.000  0.000 0.0000000000
59829  0.000  0.000  0.000 0.0000000000
59830  0.000  0.000  0.000 0.0000000000
59831  0.000  0.000  0.000 0.0000000000
59832  0.000  0.000  0.000 0.0000000000
59833  0.000  0.000  0.000 0.0000000000
59837  0.000  0.000  0.000 0.0000000000
59838  0.000  0.000  0.000 0.0000000000
59839  0.000  0.000  0.000 0.0000000000
59840  0.000  0.000  0.000 0.0000000000
59841  0.000  0.000  0.000 0.0000000000
60365  0.000  0.000  0.000 0.0000000000
60366  0.000  0.000  0.000 0.0000000000
60367  0.000  0.000  0.000 0.0000000000
60368  0.000  0.000  0.000 0.0000000000
60369  0.000  0.000  0.000 0.0000000000
60370  0.000  0.000  0.000 0.0000000000
60372  0.000  0.000  0.000 0.0000000000
60373  0.000  0.000  0.000 0.0000000000
60374  0.000  0.000  0.000 0.0000000000
60375  0.000  0.000  0.000 0.0000000000
60376  0.000  0.000  0.000 0.0000000000
60377  0.000  0.000  0.000 0.0000000000
60378  0.000  0.000  0.000 0.0000000000
60379  0.000  0.000  0.000 0.0000000000
60387  0.000  0.000  0.000 0.0000000000
60388  0.000  0.000  0.000 0.0000000000
60392  0.000  0.000  0.000 0.0000000000
60393  0.000  0.000  0.000 0.0000000000
60394  0.000  0.000  0.000 0.0000000000
60397  0.000  0.000  0.000 0.0000000000
60398  0.000  0.000  0.000 0.0000000000
60402  0.000  0.000  0.000 0.0000000000
60403  0.000  0.000  0.000 0.0000000000
60404  0.000  0.000  0.000 0.0000000000
60405  0.000  0.000  0.000 0.0000000000
60406  0.000  0.000  0.000 0.0000000000
60407  0.000  0.000  0.000 0.0000000000
60408  0.000  0.000  0.000 0.0000000000
60411  0.000  0.000  0.000 0.0000000000
60412  0.000  0.000  0.000 0.0000000000
60413  0.000  0.000  0.000 0.0000000000
60414  0.000  0.000  0.000 0.0000000000
60415  0.000  0.000  0.000 0.0000000000
60418  0.000  0.000  0.000 0.0000000000
60419  0.000  0.000  0.000 0.0000000000
60420  0.000  0.000  0.000 0.0000000000
60421  0.000  0.000  0.000 0.0000000000
60425  0.000  0.000  0.000 0.0000000000
60426  0.000  0.000  0.000 0.0000000000
60427  0.000  0.000  0.000 0.0000000000
60428  0.000  0.000  0.000 0.0000000000
60432  0.000  0.000  0.000 0.0000000000
60433  0.000  0.000  0.000 0.0000000000
60434  0.000  0.000  0.000 0.0000000000
60435  0.000  0.000  0.000 0.0000000000
60436  0.000  0.000  0.000 0.0000000000
60437  0.000  0.000  0.000 0.0000000000
60440  0.000  0.000  0.000 0.0000000000
60441  0.000  0.000  0.000 0.0000000000
60442  0.000  0.000  0.000 0.0000000000
60443  0.000  0.000  0.000 0.0000000000
61003  0.000  0.000  0.000 0.0000000000
61004  0.000  0.000  0.000 0.0000000000
61005  0.000  0.000  0.000 0.0000000000
61006  0.000  0.000  0.000 0.0000000000
61007  0.000  0.000  0.000 0.0000000000
61008  0.000  0.000  0.000 0.0000000000
61009  0.000  0.000  0.000 0.0000000000
61010  0.000  0.000  0.000 0.0000000000
61018  0.000  0.000  0.000 0.0000000000
61019  0.000  0.000  0.000 0.0000000000
61020  0.000  0.000  0.000 0.0000000000
61025  0.000  0.000  0.000 0.0000000000
61026  0.000  0.000  0.000 0.0000000000
61027  0.000  0.000  0.000 0.0000000000
61028  0.000  0.000  0.000 0.0000000000
61032  0.000  0.000  0.000 0.0000000000
61033  0.000  0.000  0.000 0.0000000000
61034  0.000  0.000  0.000 0.0000000000
61039  0.000  0.000  0.000 0.0000000000
61040  0.000  0.000  0.000 0.0000000000
61041  0.000  0.000  0.000 0.0000000000
61042  0.000  0.000  0.000 0.0000000000
61043  0.000  0.000  0.000 0.0000000000
61044  0.000  0.000  0.000 0.0000000000
61048  0.000  0.000  0.000 0.0000000000
61049  0.000  0.000  0.000 0.0000000000
61050  0.000  0.000  0.000 0.0000000000
61051  0.000  0.000  0.000 0.0000000000
61052  0.000  0.000  0.000 0.0000000000
61053  0.000  0.000  0.000 0.0000000000
61057  0.000  0.000  0.000 0.0000000000
61058  0.000  0.000  0.000 0.0000000000
61059  0.000  0.000  0.000 0.0000000000
61060  0.000  0.000  0.000 0.0000000000
61065  0.000  0.000  0.000 0.0000000000
61066  0.000  0.000  0.000 0.0000000000
61067  0.000  0.000  0.000 0.0000000000
61068  0.000  0.000  0.000 0.0000000000
61072  0.000  0.000  0.000 0.0000000000
61073  0.000  0.000  0.000 0.0000000000
61074  0.000  0.000  0.000 0.0000000000
61075  0.000  0.000  0.000 0.0000000000
61076  0.000  0.000  0.000 0.0000000000
61080  0.000  0.000  0.000 0.0000000000
61081  0.000  0.000  0.000 0.0000000000
61082  0.000  0.000  0.000 0.0000000000
61083  0.000  0.000  0.000 0.0000000000
61084  0.000  0.000  0.000 0.0000000000
61088  0.000  0.000  0.000 0.0000000000
61089  0.000  0.000  0.000 0.0000000000
61090  0.000  0.000  0.000 0.0000000000
61699  0.000  0.000  0.000 0.0000000000
61700  0.000  0.000  0.000 0.0000000000
61701  0.000  0.000  0.000 0.0000000000
61702  0.000  0.000  0.000 0.0000000000
61703  0.000  0.000  0.000 0.0000000000
61704  0.000  0.000  0.000 0.0000000000
61705  0.000  0.000  0.000 0.0000000000
61712  0.000  0.000  0.000 0.0000000000
61713  0.000  0.000  0.000 0.0000000000
61714  0.000  0.000  0.000 0.0000000000
61715  0.000  0.000  0.000 0.0000000000
61720  0.000  0.000  0.000 0.0000000000
61721  0.000  0.000  0.000 0.0000000000
61722  0.000  0.000  0.000 0.0000000000
61723  0.000  0.000  0.000 0.0000000000
61726  0.000  0.000  0.000 0.0000000000
61727  0.000  0.000  0.000 0.0000000000
61728  0.000  0.000  0.000 0.0000000000
61732  0.000  0.000  0.000 0.0000000000
61733  0.000  0.000  0.000 0.0000000000
61734  0.000  0.000  0.000 0.0000000000
61735  0.000  0.000  0.000 0.0000000000
61736  0.000  0.000  0.000 0.0000000000
61739  0.000  0.000  0.000 0.0000000000
61740  0.000  0.000  0.000 0.0000000000
61741  0.000  0.000  0.000 0.0000000000
61742  0.000  0.000  0.000 0.0000000000
61743  0.000  0.000  0.000 0.0000000000
61744  0.000  0.000  0.000 0.0000000000
61745  0.000  0.000  0.000 0.0000000000
61746  0.000  0.000  0.000 0.0000000000
61750  0.000  0.000  0.000 0.0000000000
61751  0.000  0.000  0.000 0.0000000000
61752  0.000  0.000  0.000 0.0000000000
61753  0.000  0.000  0.000 0.0000000000
61754  0.000  0.000  0.000 0.0000000000
61758  0.000  0.000  0.000 0.0000000000
61759  0.000  0.000  0.000 0.0000000000
61760  0.000  0.000  0.000 0.0000000000
61761  0.000  0.000  0.000 0.0000000000
61762  0.000  0.000  0.000 0.0000000000
61765  0.000  0.000  0.000 0.0000000000
61766  0.000  0.000  0.000 0.0000000000
61767  0.000  0.000  0.000 0.0000000000
61768  0.000  0.000  0.000 0.0000000000
61771  0.000  0.000  0.000 0.0000000000
61772  0.000  0.000  0.000 0.0000000000
61773  0.000  0.000  0.000 0.0000000000
61774  0.000  0.000  0.000 0.0000000000
61777  0.000  0.000  0.000 0.0000000000
61778  0.000  0.000  0.000 0.0000000000
61779  0.000  0.000  0.000 0.0000000000
61780  0.000  0.000  0.000 0.0000000000
61783  0.000  0.000  0.000 0.0000000000
61784  0.000  0.000  0.000 0.0000000000
62364  0.000  0.000  0.000 0.0000000000
62365  0.000  0.000  0.000 0.0000000000
62366  0.000  0.000  0.000 0.0000000000
62367  0.000  0.000  0.000 0.0000000000
62368  0.000  0.000  0.000 0.0000000000
62374  0.000  0.000  0.000 0.0000000000
62375  0.000  0.000  0.000 0.0000000000
62376  0.000  0.000  0.000 0.0000000000
62377  0.000  0.000  0.000 0.0000000000
62378  0.000  0.000  0.000 0.0000000000
62379  0.000  0.000  0.000 0.0000000000
62384  0.000  0.000  0.000 0.0000000000
62385  0.000  0.000  0.000 0.0000000000
62386  0.000  0.000  0.000 0.0000000000
62387  0.000  0.000  0.000 0.0000000000
62388  0.000  0.000  0.000 0.0000000000
62391  0.000  0.000  0.000 0.0000000000
62392  0.000  0.000  0.000 0.0000000000
62393  0.000  0.000  0.000 0.0000000000
62397  0.000  0.000  0.000 0.0000000000
62398  0.000  0.000  0.000 0.0000000000
62401  0.000  0.000  0.000 0.0000000000
62402  0.000  0.000  0.000 0.0000000000
62403  0.000  0.000  0.000 0.0000000000
62404  0.000  0.000  0.000 0.0000000000
62405  0.000  0.000  0.000 0.0000000000
62406  0.000  0.000  0.000 0.0000000000
62410  0.000  0.000  0.000 0.0000000000
62411  0.000  0.000  0.000 0.0000000000
62412  0.000  0.000  0.000 0.0000000000
62413  0.000  0.000  0.000 0.0000000000
62414  0.000  0.000  0.000 0.0000000000
62418  0.000  0.000  0.000 0.0000000000
62419  0.000  0.000  0.000 0.0000000000
62420  0.000  0.000  0.000 0.0000000000
62421  0.000  0.000  0.000 0.0000000000
62426  0.000  0.000  0.000 0.0000000000
62427  0.000  0.000  0.000 0.0000000000
62428  0.000  0.000  0.000 0.0000000000
62429  0.000  0.000  0.000 0.0000000000
62434  0.000  0.000  0.000 0.0000000000
62435  0.000  0.000  0.000 0.0000000000
62436  0.000  0.000  0.000 0.0000000000
62437  0.000  0.000  0.000 0.0000000000
62442  0.000  0.000  0.000 0.0000000000
62443  0.000  0.000  0.000 0.0000000000
62444  0.000  0.000  0.000 0.0000000000
62445  0.000  0.000  0.000 0.0000000000
62446  0.000  0.000  0.000 0.0000000000
62450  0.000  0.000  0.000 0.0000000000
62451  0.000  0.000  0.000 0.0000000000
62452  0.000  0.000  0.000 0.0000000000
63012  0.000  0.000  0.000 0.0000000000
63013  0.000  0.000  0.000 0.0000000000
63020  0.000  0.000  0.000 0.0000000000
63021  0.000  0.000  0.000 0.0000000000
63022  0.000  0.000  0.000 0.0000000000
63023  0.000  0.000  0.000 0.0000000000
63024  0.000  0.000  0.000 0.0000000000
63025  0.000  0.000  0.000 0.0000000000
63031  0.000  0.000  0.000 0.0000000000
63032  0.000  0.000  0.000 0.0000000000
63033  0.000  0.000  0.000 0.0000000000
63034  0.000  0.000  0.000 0.0000000000
63035  0.000  0.000  0.000 0.0000000000
63038  0.000  0.000  0.000 0.0000000000
63039  0.000  0.000  0.000 0.0000000000
63040  0.000  0.000  0.000 0.0000000000
63041  0.000  0.000  0.000 0.0000000000
63042  0.000  0.000  0.000 0.0000000000
63046  0.000  0.000  0.000 0.0000000000
63047  0.000  0.000  0.000 0.0000000000
63048  0.000  0.000  0.000 0.0000000000
63051  0.000  0.000  0.000 0.0000000000
63052  0.000  0.000  0.000 0.0000000000
63053  0.000  0.000  0.000 0.0000000000
63054  0.000  0.000  0.000 0.0000000000
63055  0.000  0.000  0.000 0.0000000000
63059  0.000  0.000  0.000 0.0000000000
63060  0.000  0.000  0.000 0.0000000000
63061  0.000  0.000  0.000 0.0000000000
63062  0.000  0.000  0.000 0.0000000000
63063  0.000  0.000  0.000 0.0000000000
63064  0.000  0.000  0.000 0.0000000000
63065  0.000  0.000  0.000 0.0000000000
63069  0.000  0.000  0.000 0.0000000000
63070  0.000  0.000  0.000 0.0000000000
63071  0.000  0.000  0.000 0.0000000000
63072  0.000  0.000  0.000 0.0000000000
63077  0.000  0.000  0.000 0.0000000000
63078  0.000  0.000  0.000 0.0000000000
63079  0.000  0.000  0.000 0.0000000000
63080  0.000  0.000  0.000 0.0000000000
63085  0.000  0.000  0.000 0.0000000000
63086  0.000  0.000  0.000 0.0000000000
63087  0.000  0.000  0.000 0.0000000000
63088  0.000  0.000  0.000 0.0000000000
63093  0.000  0.000  0.000 0.0000000000
63094  0.000  0.000  0.000 0.0000000000
63095  0.000  0.000  0.000 0.0000000000
63096  0.000  0.000  0.000 0.0000000000
63097  0.000  0.000  0.000 0.0000000000
63101  0.000  0.000  0.000 0.0000000000
63102  0.000  0.000  0.000 0.0000000000
63103  0.000  0.000  0.000 0.0000000000
63104  0.000  0.000  0.000 0.0000000000
63667  0.000  0.000  0.000 0.0000000000
63668  0.000  0.000  0.000 0.0000000000
63669  0.000  0.000  0.000 0.0000000000
63670  0.000  0.000  0.000 0.0000000000
63671  0.000  0.000  0.000 0.0000000000
63679  0.000  0.000  0.000 0.0000000000
63680  0.000  0.000  0.000 0.0000000000
63681  0.000  0.000  0.000 0.0000000000
63685  0.000  0.000  0.000 0.0000000000
63686  0.000  0.000  0.000 0.0000000000
63687  0.000  0.000  0.000 0.0000000000
63688  0.000  0.000  0.000 0.0000000000
63692  0.000  0.000  0.000 0.0000000000
63693  0.000  0.000  0.000 0.0000000000
63694  0.000  0.000  0.000 0.0000000000
63697  0.000  0.000  0.000 0.0000000000
63698  0.000  0.000  0.000 0.0000000000
63699  0.000  0.000  0.000 0.0000000000
63703  0.000  0.000  0.000 0.0000000000
63704  0.000  0.000  0.000 0.0000000000
63705  0.000  0.000  0.000 0.0000000000
63706  0.000  0.000  0.000 0.0000000000
63707  0.000  0.000  0.000 0.0000000000
63708  0.000  0.000  0.000 0.0000000000
63709  0.000  0.000  0.000 0.0000000000
63712  0.000  0.000  0.000 0.0000000000
63713  0.000  0.000  0.000 0.0000000000
63714  0.000  0.000  0.000 0.0000000000
63715  0.000  0.000  0.000 0.0000000000
63716  0.000  0.000  0.000 0.0000000000
63717  0.000  0.000  0.000 0.0000000000
63720  0.000  0.000  0.000 0.0000000000
63721  0.000  0.000  0.000 0.0000000000
63722  0.000  0.000  0.000 0.0000000000
63723  0.000  0.000  0.000 0.0000000000
63724  0.000  0.000  0.000 0.0000000000
63727  0.000  0.000  0.000 0.0000000000
63728  0.000  0.000  0.000 0.0000000000
63729  0.000  0.000  0.000 0.0000000000
63730  0.000  0.000  0.000 0.0000000000
63733  0.000  0.000  0.000 0.0000000000
63734  0.000  0.000  0.000 0.0000000000
63735  0.000  0.000  0.000 0.0000000000
63736  0.000  0.000  0.000 0.0000000000
63739  0.000  0.000  0.000 0.0000000000
63740  0.000  0.000  0.000 0.0000000000
63741  0.000  0.000  0.000 0.0000000000
63742  0.000  0.000  0.000 0.0000000000
63745  0.000  0.000  0.000 0.0000000000
63746  0.000  0.000  0.000 0.0000000000
63747  0.000  0.000  0.000 0.0000000000
64323  0.000  0.000  0.000 0.0000000000
64324  0.000  0.000  0.000 0.0000000000
64325  0.000  0.000  0.000 0.0000000000
64326  0.000  0.000  0.000 0.0000000000
64333  0.000  0.000  0.000 0.0000000000
64334  0.000  0.000  0.000 0.0000000000
64335  0.000  0.000  0.000 0.0000000000
64336  0.000  0.000  0.000 0.0000000000
64337  0.000  0.000  0.000 0.0000000000
64341  0.000  0.000  0.000 0.0000000000
64342  0.000  0.000  0.000 0.0000000000
64343  0.000  0.000  0.000 0.0000000000
64344  0.000  0.000  0.000 0.0000000000
64348  0.000  0.000  0.000 0.0000000000
64349  0.000  0.000  0.000 0.0000000000
64350  0.000  0.000  0.000 0.0000000000
64353  0.000  0.000  0.000 0.0000000000
64354  0.000  0.000  0.000 0.0000000000
64355  0.000  0.000  0.000 0.0000000000
64359  0.000  0.000  0.000 0.0000000000
64360  0.000  0.000  0.000 0.0000000000
64361  0.000  0.000  0.000 0.0000000000
64362  0.000  0.000  0.000 0.0000000000
64365  0.000  0.000  0.000 0.0000000000
64366  0.000  0.000  0.000 0.0000000000
64367  0.000  0.000  0.000 0.0000000000
64368  0.000  0.000  0.000 0.0000000000
64369  0.000  0.000  0.000 0.0000000000
64372  0.000  0.000  0.000 0.0000000000
64373  0.000  0.000  0.000 0.0000000000
64374  0.000  0.000  0.000 0.0000000000
64375  0.000  0.000  0.000 0.0000000000
64378  0.000  0.000  0.000 0.0000000000
64379  0.000  0.000  0.000 0.0000000000
64380  0.000  0.000  0.000 0.0000000000
64381  0.000  0.000  0.000 0.0000000000
64384  0.000  0.000  0.000 0.0000000000
64385  0.000  0.000  0.000 0.0000000000
64386  0.000  0.000  0.000 0.0000000000
64387  0.000  0.000  0.000 0.0000000000
64390  0.000  0.000  0.000 0.0000000000
64391  0.000  0.000  0.000 0.0000000000
64392  0.000  0.000  0.000 0.0000000000
64393  0.000  0.000  0.000 0.0000000000
64396  0.000  0.000  0.000 0.0000000000
64397  0.000  0.000  0.000 0.0000000000
64398  0.000  0.000  0.000 0.0000000000
64399  0.000  0.000  0.000 0.0000000000
64966  0.000  0.000  0.000 0.0000000000
64967  0.000  0.000  0.000 0.0000000000
64974  0.000  0.000  0.000 0.0000000000
64975  0.000  0.000  0.000 0.0000000000
64976  0.000  0.000  0.000 0.0000000000
64977  0.000  0.000  0.000 0.0000000000
64978  0.000  0.000  0.000 0.0000000000
64983  0.000  0.000  0.000 0.0000000000
64984  0.000  0.000  0.000 0.0000000000
64985  0.000  0.000  0.000 0.0000000000
64986  0.000  0.000  0.000 0.0000000000
64990  0.000  0.000  0.000 0.0000000000
64991  0.000  0.000  0.000 0.0000000000
64992  0.000  0.000  0.000 0.0000000000
64995  0.000  0.000  0.000 0.0000000000
64996  0.000  0.000  0.000 0.0000000000
64997  0.000  0.000  0.000 0.0000000000
65001  0.000  0.000  0.000 0.0000000000
65002  0.000  0.000  0.000 0.0000000000
65003  0.000  0.000  0.000 0.0000000000
65004  0.000  0.000  0.000 0.0000000000
65007  0.000  0.000  0.000 0.0000000000
65008  0.000  0.000  0.000 0.0000000000
65009  0.000  0.000  0.000 0.0000000000
65010  0.000  0.000  0.000 0.0000000000
65011  0.000  0.000  0.000 0.0000000000
65012  0.000  0.000  0.000 0.0000000000
65013  0.000  0.000  0.000 0.0000000000
65016  0.000  0.000  0.000 0.0000000000
65017  0.000  0.000  0.000 0.0000000000
65018  0.000  0.000  0.000 0.0000000000
65019  0.000  0.000  0.000 0.0000000000
65023  0.000  0.000  0.000 0.0000000000
65024  0.000  0.000  0.000 0.0000000000
65025  0.000  0.000  0.000 0.0000000000
65026  0.000  0.000  0.000 0.0000000000
65030  0.000  0.000  0.000 0.0000000000
65031  0.000  0.000  0.000 0.0000000000
65032  0.000  0.000  0.000 0.0000000000
65033  0.000  0.000  0.000 0.0000000000
65037  0.000  0.000  0.000 0.0000000000
65038  0.000  0.000  0.000 0.0000000000
65039  0.000  0.000  0.000 0.0000000000
65040  0.000  0.000  0.000 0.0000000000
65041  0.000  0.000  0.000 0.0000000000
65045  0.000  0.000  0.000 0.0000000000
65046  0.000  0.000  0.000 0.0000000000
65047  0.000  0.000  0.000 0.0000000000
65048  0.000  0.000  0.000 0.0000000000
65049  0.000  0.000  0.000 0.0000000000
65652  0.000  0.000  0.000 0.0000000000
65659  0.000  0.000  0.000 0.0000000000
65660  0.000  0.000  0.000 0.0000000000
65661  0.000  0.000  0.000 0.0000000000
65662  0.000  0.000  0.000 0.0000000000
65667  0.000  0.000  0.000 0.0000000000
65668  0.000  0.000  0.000 0.0000000000
65669  0.000  0.000  0.000 0.0000000000
65670  0.000  0.000  0.000 0.0000000000
65674  0.000  0.000  0.000 0.0000000000
65675  0.000  0.000  0.000 0.0000000000
65676  0.000  0.000  0.000 0.0000000000
65677  0.000  0.000  0.000 0.0000000000
65680  0.000  0.000  0.000 0.0000000000
65681  0.000  0.000  0.000 0.0000000000
65682  0.000  0.000  0.000 0.0000000000
65686  0.000  0.000  0.000 0.0000000000
65687  0.000  0.000  0.000 0.0000000000
65688  0.000  0.000  0.000 0.0000000000
65689  0.000  0.000  0.000 0.0000000000
65692  0.000  0.000  0.000 0.0000000000
65693  0.000  0.000  0.000 0.0000000000
65694  0.000  0.000  0.000 0.0000000000
65695  0.000  0.000  0.000 0.0000000000
65696  0.000  0.000  0.000 0.0000000000
65697  0.000  0.000  0.000 0.0000000000
65698  0.000  0.000  0.000 0.0000000000
65703  0.000  0.000  0.000 0.0000000000
65704  0.000  0.000  0.000 0.0000000000
65705  0.000  0.000  0.000 0.0000000000
65706  0.000  0.000  0.000 0.0000000000
65707  0.000  0.000  0.000 0.0000000000
65708  0.000  0.000  0.000 0.0000000000
65713  0.000  0.000  0.000 0.0000000000
65714  0.000  0.000  0.000 0.0000000000
65715  0.000  0.000  0.000 0.0000000000
65716  0.000  0.000  0.000 0.0000000000
65720  0.000  0.000  0.000 0.0000000000
65721  0.000  0.000  0.000 0.0000000000
65722  0.000  0.000  0.000 0.0000000000
65723  0.000  0.000  0.000 0.0000000000
65727  0.000  0.000  0.000 0.0000000000
65728  0.000  0.000  0.000 0.0000000000
65729  0.000  0.000  0.000 0.0000000000
65730  0.000  0.000  0.000 0.0000000000
65734  0.000  0.000  0.000 0.0000000000
65735  0.000  0.000  0.000 0.0000000000
65736  0.000  0.000  0.000 0.0000000000
65737  0.000  0.000  0.000 0.0000000000
65741  0.000  0.000  0.000 0.0000000000
65742  0.000  0.000  0.000 0.0000000000
66337  0.000  0.000  0.000 0.0000000000
66344  0.000  0.000  0.000 0.0000000000
66345  0.000  0.000  0.000 0.0000000000
66346  0.000  0.000  0.000 0.0000000000
66352  0.000  0.000  0.000 0.0000000000
66353  0.000  0.000  0.000 0.0000000000
66357  0.000  0.000  0.000 0.0000000000
66358  0.000  0.000  0.000 0.0000000000
66359  0.000  0.000  0.000 0.0000000000
66363  0.000  0.000  0.000 0.0000000000
66364  0.000  0.000  0.000 0.0000000000
66365  0.000  0.000  0.000 0.0000000000
66369  0.000  0.000  0.000 0.0000000000
66370  0.000  0.000  0.000 0.0000000000
66371  0.000  0.000  0.000 0.0000000000
66372  0.000  0.000  0.000 0.0000000000
66375  0.000  0.000  0.000 0.0000000000
66376  0.000  0.000  0.000 0.0000000000
66377  0.000  0.000  0.000 0.0000000000
66378  0.000  0.000  0.000 0.0000000000
66379  0.000  0.000  0.000 0.0000000000
66384  0.000  0.000  0.000 0.0000000000
66385  0.000  0.000  0.000 0.0000000000
66386  0.000  0.000  0.000 0.0000000000
66387  0.000  0.000  0.000 0.0000000000
66388  0.000  0.000  0.000 0.0000000000
66389  0.000  0.000  0.000 0.0000000000
66393  0.000  0.000  0.000 0.0000000000
66394  0.000  0.000  0.000 0.0000000000
66395  0.000  0.000  0.000 0.0000000000
66396  0.000  0.000  0.000 0.0000000000
66400  0.000  0.000  0.000 0.0000000000
66401  0.000  0.000  0.000 0.0000000000
66402  0.000  0.000  0.000 0.0000000000
66403  0.000  0.000  0.000 0.0000000000
66407  0.000  0.000  0.000 0.0000000000
66408  0.000  0.000  0.000 0.0000000000
66409  0.000  0.000  0.000 0.0000000000
66410  0.000  0.000  0.000 0.0000000000
66414  0.000  0.000  0.000 0.0000000000
66415  0.000  0.000  0.000 0.0000000000
66416  0.000  0.000  0.000 0.0000000000
66417  0.000  0.000  0.000 0.0000000000
66418  0.000  0.000  0.000 0.0000000000
66422  0.000  0.000  0.000 0.0000000000
66423  0.000  0.000  0.000 0.0000000000
66424  0.000  0.000  0.000 0.0000000000
66996  0.000  0.000  0.000 0.0000000000
67004  0.000  0.000  0.000 0.0000000000
67005  0.000  0.000  0.000 0.0000000000
67006  0.000  0.000  0.000 0.0000000000
67013  0.000  0.000  0.000 0.0000000000
67014  0.000  0.000  0.000 0.0000000000
67019  0.000  0.000  0.000 0.0000000000
67024  0.000  0.000  0.000 0.0000000000
67025  0.000  0.000  0.000 0.0000000000
67026  0.000  0.000  0.000 0.0000000000
67031  0.000  0.000  0.000 0.0000000000
67032  0.000  0.000  0.000 0.0000000000
67033  0.000  0.000  0.000 0.0000000000
67034  0.000  0.000  0.000 0.0000000000
67038  0.000  0.000  0.000 0.0000000000
67039  0.000  0.000  0.000 0.0000000000
67040  0.000  0.000  0.000 0.0000000000
67041  0.000  0.000  0.000 0.0000000000
67046  0.000  0.000  0.000 0.0000000000
67047  0.000  0.000  0.000 0.0000000000
67048  0.000  0.000  0.000 0.0000000000
67049  0.000  0.000  0.000 0.0000000000
67050  0.000  0.000  0.000 0.0000000000
67051  0.000  0.000  0.000 0.0000000000
67052  0.000  0.000  0.000 0.0000000000
67056  0.000  0.000  0.000 0.0000000000
67057  0.000  0.000  0.000 0.0000000000
67058  0.000  0.000  0.000 0.0000000000
67059  0.000  0.000  0.000 0.0000000000
67060  0.000  0.000  0.000 0.0000000000
67064  0.000  0.000  0.000 0.0000000000
67065  0.000  0.000  0.000 0.0000000000
67066  0.000  0.000  0.000 0.0000000000
67067  0.000  0.000  0.000 0.0000000000
67071  0.000  0.000  0.000 0.0000000000
67072  0.000  0.000  0.000 0.0000000000
67073  0.000  0.000  0.000 0.0000000000
67074  0.000  0.000  0.000 0.0000000000
67079  0.000  0.000  0.000 0.0000000000
67080  0.000  0.000  0.000 0.0000000000
67081  0.000  0.000  0.000 0.0000000000
67082  0.000  0.000  0.000 0.0000000000
67087  0.000  0.000  0.000 0.0000000000
67088  0.000  0.000  0.000 0.0000000000
67089  0.000  0.000  0.000 0.0000000000
67698  0.000  0.000  0.000 0.0000000000
67705  0.000  0.000  0.000 0.0000000000
67706  0.000  0.000  0.000 0.0000000000
67707  0.000  0.000  0.000 0.0000000000
67714  0.000  0.000  0.000 0.0000000000
67715  0.000  0.000  0.000 0.0000000000
67721  0.000  0.000  0.000 0.0000000000
67722  0.000  0.000  0.000 0.0000000000
67726  0.000  0.000  0.000 0.0000000000
67728  0.000  0.000  0.000 0.0000000000
67732  0.000  0.000  0.000 0.0000000000
67733  0.000  0.000  0.000 0.0000000000
67734  0.000  0.000  0.000 0.0000000000
67735  0.000  0.000  0.000 0.0000000000
67739  0.000  0.000  0.000 0.0000000000
67740  0.000  0.000  0.000 0.0000000000
67741  0.000  0.000  0.000 0.0000000000
67745  0.000  0.000  0.000 0.0000000000
67746  0.000  0.000  0.000 0.0000000000
67747  0.000  0.000  0.000 0.0000000000
67748  0.000  0.000  0.000 0.0000000000
67749  0.000  0.000  0.000 0.0000000000
67752  0.000  0.000  0.000 0.0000000000
67753  0.000  0.000  0.000 0.0000000000
67754  0.000  0.000  0.000 0.0000000000
67755  0.000  0.000  0.000 0.0000000000
67756  0.000  0.000  0.000 0.0000000000
67757  0.000  0.000  0.000 0.0000000000
67761  0.000  0.000  0.000 0.0000000000
67762  0.000  0.000  0.000 0.0000000000
67763  0.000  0.000  0.000 0.0000000000
67764  0.000  0.000  0.000 0.0000000000
67765  0.000  0.000  0.000 0.0000000000
67769  0.000  0.000  0.000 0.0000000000
67770  0.000  0.000  0.000 0.0000000000
67771  0.000  0.000  0.000 0.0000000000
67772  0.000  0.000  0.000 0.0000000000
67776  0.000  0.000  0.000 0.0000000000
67777  0.000  0.000  0.000 0.0000000000
67778  0.000  0.000  0.000 0.0000000000
67779  0.000  0.000  0.000 0.0000000000
67780  0.000  0.000  0.000 0.0000000000
67783  0.000  0.000  0.000 0.0000000000
67784  0.000  0.000  0.000 0.0000000000
67785  0.000  0.000  0.000 0.0000000000
67786  0.000  0.000  0.000 0.0000000000
68358  0.000  0.000  0.000 0.0000000000
68365  0.000  0.000  0.000 0.0000000000
68366  0.000  0.000  0.000 0.0000000000
68367  0.000  0.000  0.000 0.0000000000
68374  0.000  0.000  0.000 0.0000000000
68381  0.000  0.000  0.000 0.0000000000
68382  0.000  0.000  0.000 0.0000000000
68387  0.000  0.000  0.000 0.0000000000
68389  0.000  0.000  0.000 0.0000000000
68390  0.000  0.000  0.000 0.0000000000
68395  0.000  0.000  0.000 0.0000000000
68396  0.000  0.000  0.000 0.0000000000
68398  0.000  0.000  0.000 0.0000000000
68403  0.000  0.000  0.000 0.0000000000
68404  0.000  0.000  0.000 0.0000000000
68405  0.000  0.000  0.000 0.0000000000
68409  0.000  0.000  0.000 0.0000000000
68410  0.000  0.000  0.000 0.0000000000
68411  0.000  0.000  0.000 0.0000000000
68412  0.000  0.000  0.000 0.0000000000
68413  0.000  0.000  0.000 0.0000000000
68418  0.000  0.000  0.000 0.0000000000
68419  0.000  0.000  0.000 0.0000000000
68420  0.000  0.000  0.000 0.0000000000
68421  0.000  0.000  0.000 0.0000000000
68422  0.000  0.000  0.000 0.0000000000
68423  0.000  0.000  0.000 0.0000000000
68428  0.000  0.000  0.000 0.0000000000
68429  0.000  0.000  0.000 0.0000000000
68430  0.000  0.000  0.000 0.0000000000
68431  0.000  0.000  0.000 0.0000000000
68435  0.000  0.000  0.000 0.0000000000
68436  0.000  0.000  0.000 0.0000000000
68437  0.000  0.000  0.000 0.0000000000
68438  0.000  0.000  0.000 0.0000000000
68439  0.000  0.000  0.000 0.0000000000
68443  0.000  0.000  0.000 0.0000000000
68444  0.000  0.000  0.000 0.0000000000
68445  0.000  0.000  0.000 0.0000000000
68446  0.000  0.000  0.000 0.0000000000
68451  0.000  0.000  0.000 0.0000000000
68452  0.000  0.000  0.000 0.0000000000
68453  0.000  0.000  0.000 0.0000000000
69012  0.000  0.000  0.000 0.0000000000
69013  0.000  0.000  0.000 0.0000000000
69015  0.000  0.000  0.000 0.0000000000
69016  0.000  0.000  0.000 0.0000000000
69017  0.000  0.000  0.000 0.0000000000
69024  0.000  0.000  0.000 0.0000000000
69025  0.000  0.000  0.000 0.0000000000
69026  0.000  0.000  0.000 0.0000000000
69033  0.000  0.000  0.000 0.0000000000
69034  0.000  0.000  0.000 0.0000000000
69040  0.000  0.000  0.000 0.0000000000
69045  0.000  0.000  0.000 0.0000000000
69046  0.000  0.000  0.000 0.0000000000
69050  0.000  0.000  0.000 0.0000000000
69051  0.000  0.000  0.000 0.0000000000
69053  0.000  0.000  0.000 0.0000000000
69054  0.000  0.000  0.000 0.0000000000
69058  0.000  0.000  0.000 0.0000000000
69059  0.000  0.000  0.000 0.0000000000
69060  0.000  0.000  0.000 0.0000000000
69064  0.000  0.000  0.000 0.0000000000
69065  0.000  0.000  0.000 0.0000000000
69066  0.000  0.000  0.000 0.0000000000
69070  0.000  0.000  0.000 0.0000000000
69071  0.000  0.000  0.000 0.0000000000
69072  0.000  0.000  0.000 0.0000000000
69073  0.000  0.000  0.000 0.0000000000
69074  0.000  0.000  0.000 0.0000000000
69075  0.000  0.000  0.000 0.0000000000
69078  0.000  0.000  0.000 0.0000000000
69079  0.000  0.000  0.000 0.0000000000
69080  0.000  0.000  0.000 0.0000000000
69081  0.000  0.000  0.000 0.0000000000
69085  0.000  0.000  0.000 0.0000000000
69086  0.000  0.000  0.000 0.0000000000
69087  0.000  0.000  0.000 0.0000000000
69088  0.000  0.000  0.000 0.0000000000
69089  0.000  0.000  0.000 0.0000000000
69093  0.000  0.000  0.000 0.0000000000
69094  0.000  0.000  0.000 0.0000000000
69095  0.000  0.000  0.000 0.0000000000
69096  0.000  0.000  0.000 0.0000000000
69100  0.000  0.000  0.000 0.0000000000
69101  0.000  0.000  0.000 0.0000000000
69102  0.000  0.000  0.000 0.0000000000
69103  0.000  0.000  0.000 0.0000000000
69654  0.000  0.000  0.000 0.0000000000
69655  0.000  0.000  0.000 0.0000000000
69656  0.000  0.000  0.000 0.0000000000
69660  0.000  0.000  0.000 0.0000000000
69661  0.000  0.000  0.000 0.0000000000
69670  0.000  0.000  0.000 0.0000000000
69671  0.000  0.000  0.000 0.0000000000
69679  0.000  0.000  0.000 0.0000000000
69680  0.000  0.000  0.000 0.0000000000
69687  0.000  0.000  0.000 0.0000000000
69695  0.000  0.000  0.000 0.0000000000
69701  0.000  0.000  0.000 0.0000000000
69704  0.000  0.000  0.000 0.0000000000
69705  0.000  0.000  0.000 0.0000000000
69710  0.000  0.000  0.000 0.0000000000
69711  0.000  0.000  0.000 0.0000000000
69712  0.000  0.000  0.000 0.0000000000
69717  0.000  0.000  0.000 0.0000000000
69718  0.000  0.000  0.000 0.0000000000
69722  0.000  0.000  0.000 0.0000000000
69723  0.000  0.000  0.000 0.0000000000
69724  0.000  0.000  0.000 0.0000000000
69725  0.000  0.000  0.000 0.0000000000
69726  0.000  0.000  0.000 0.0000000000
69731  0.000  0.000  0.000 0.0000000000
69732  0.000  0.000  0.000 0.0000000000
69733  0.000  0.000  0.000 0.0000000000
69734  0.000  0.000  0.000 0.0000000000
69739  0.000  0.000  0.000 0.0000000000
69740  0.000  0.000  0.000 0.0000000000
69741  0.000  0.000  0.000 0.0000000000
69742  0.000  0.000  0.000 0.0000000000
69746  0.000  0.000  0.000 0.0000000000
69747  0.000  0.000  0.000 0.0000000000
69748  0.000  0.000  0.000 0.0000000000
69749  0.000  0.000  0.000 0.0000000000
69754  0.000  0.000  0.000 0.0000000000
69755  0.000  0.000  0.000 0.0000000000
69756  0.000  0.000  0.000 0.0000000000
69757  0.000  0.000  0.000 0.0000000000
70268  0.000  0.000  0.000 0.0000000000
70269  0.000  0.000  0.000 0.0000000000
70270  0.000  0.000  0.000 0.0000000000
70273  0.000  0.000  0.000 0.0000000000
70274  0.000  0.000  0.000 0.0000000000
70275  0.000  0.000  0.000 0.0000000000
70278  0.000  0.000  0.000 0.0000000000
70279  0.000  0.000  0.000 0.0000000000
70287  0.000  0.000  0.000 0.0000000000
70288  0.000  0.000  0.000 0.0000000000
70296  0.000  0.000  0.000 0.0000000000
70303  0.000  0.000  0.000 0.0000000000
70309  0.000  0.000  0.000 0.0000000000
70313  0.000  0.000  0.000 0.0000000000
70314  0.000  0.000  0.000 0.0000000000
70316  0.000  0.000  0.000 0.0000000000
70317  0.000  0.000  0.000 0.0000000000
70321  0.000  0.000  0.000 0.0000000000
70322  0.000  0.000  0.000 0.0000000000
70323  0.000  0.000  0.000 0.0000000000
70324  0.000  0.000  0.000 0.0000000000
70325  0.000  0.000  0.000 0.0000000000
70329  0.000  0.000  0.000 0.0000000000
70330  0.000  0.000  0.000 0.0000000000
70331  0.000  0.000  0.000 0.0000000000
70332  0.000  0.000  0.000 0.0000000000
70336  0.000  0.000  0.000 0.0000000000
70337  0.000  0.000  0.000 0.0000000000
70338  0.000  0.000  0.000 0.0000000000
70339  0.000  0.000  0.000 0.0000000000
70340  0.000  0.000  0.000 0.0000000000
70344  0.000  0.000  0.000 0.0000000000
70345  0.000  0.000  0.000 0.0000000000
70346  0.000  0.000  0.000 0.0000000000
70347  0.000  0.000  0.000 0.0000000000
70348  0.000  0.000  0.000 0.0000000000
70352  0.000  0.000  0.000 0.0000000000
70353  0.000  0.000  0.000 0.0000000000
70354  0.000  0.000  0.000 0.0000000000
70355  0.000  0.000  0.000 0.0000000000
70356  0.000  0.000  0.000 0.0000000000
70360  0.000  0.000  0.000 0.0000000000
70361  0.000  0.000  0.000 0.0000000000
70362  0.000  0.000  0.000 0.0000000000
70366  0.000  0.000  0.000 0.0000000000
70367  0.000  0.000  0.000 0.0000000000
70368  0.000  0.000  0.000 0.0000000000
70847  0.000  0.000  0.000 0.0000000000
70848  0.000  0.000  0.000 0.0000000000
70849  0.000  0.000  0.000 0.0000000000
70853  0.000  0.000  0.000 0.0000000000
70854  0.000  0.000  0.000 0.0000000000
70855  0.000  0.000  0.000 0.0000000000
70856  0.000  0.000  0.000 0.0000000000
70859  0.000  0.000  0.000 0.0000000000
70860  0.000  0.000  0.000 0.0000000000
70863  0.000  0.000  0.000 0.0000000000
70864  0.000  0.000  0.000 0.0000000000
70873  0.000  0.000  0.000 0.0000000000
70882  0.000  0.000  0.000 0.0000000000
70889  0.000  0.000  0.000 0.0000000000
70896  0.000  0.000  0.000 0.0000000000
70901  0.000  0.000  0.000 0.0000000000
70902  0.000  0.000  0.000 0.0000000000
70903  0.000  0.000  0.000 0.0000000000
70904  0.000  0.000  0.000 0.0000000000
70909  0.000  0.000  0.000 0.0000000000
70910  0.000  0.000  0.000 0.0000000000
70911  0.000  0.000  0.000 0.0000000000
70912  0.000  0.000  0.000 0.0000000000
70913  0.000  0.000  0.000 0.0000000000
70918  0.000  0.000  0.000 0.0000000000
70919  0.000  0.000  0.000 0.0000000000
70920  0.000  0.000  0.000 0.0000000000
70921  0.000  0.000  0.000 0.0000000000
70926  0.000  0.000  0.000 0.0000000000
70927  0.000  0.000  0.000 0.0000000000
70928  0.000  0.000  0.000 0.0000000000
70929  0.000  0.000  0.000 0.0000000000
70930  0.000  0.000  0.000 0.0000000000
70935  0.000  0.000  0.000 0.0000000000
70936  0.000  0.000  0.000 0.0000000000
70937  0.000  0.000  0.000 0.0000000000
70938  0.000  0.000  0.000 0.0000000000
70943  0.000  0.000  0.000 0.0000000000
70944  0.000  0.000  0.000 0.0000000000
70945  0.000  0.000  0.000 0.0000000000
70946  0.000  0.000  0.000 0.0000000000
70947  0.000  0.000  0.000 0.0000000000
70952  0.000  0.000  0.000 0.0000000000
70953  0.000  0.000  0.000 0.0000000000
70954  0.000  0.000  0.000 0.0000000000
70955  0.000  0.000  0.000 0.0000000000
70956  0.000  0.000  0.000 0.0000000000
70961  0.000  0.000  0.000 0.0000000000
70962  0.000  0.000  0.000 0.0000000000
70963  0.000  0.000  0.000 0.0000000000
71465  0.000  0.000  0.000 0.0000000000
71470  0.000  0.000  0.000 0.0000000000
71471  0.000  0.000  0.000 0.0000000000
71472  0.000  0.000  0.000 0.0000000000
71473  0.000  0.000  0.000 0.0000000000
71476  0.000  0.000  0.000 0.0000000000
71477  0.000  0.000  0.000 0.0000000000
71480  0.000  0.000  0.000 0.0000000000
71486  0.000  0.000  0.000 0.0000000000
71496  0.000  0.000  0.000 0.0000000000
71504  0.000  0.000  0.000 0.0000000000
71512  0.000  0.000  0.000 0.0000000000
71520  0.000  0.000  0.000 0.0000000000
71525  0.000  0.000  0.000 0.0000000000
71526  0.000  0.000  0.000 0.0000000000
71527  0.000  0.000  0.000 0.0000000000
71531  0.000  0.000  0.000 0.0000000000
71532  0.000  0.000  0.000 0.0000000000
71533  0.000  0.000  0.000 0.0000000000
71534  0.000  0.000  0.000 0.0000000000
71535  0.000  0.000  0.000 0.0000000000
71536  0.000  0.000  0.000 0.0000000000
71540  0.000  0.000  0.000 0.0000000000
71541  0.000  0.000  0.000 0.0000000000
71542  0.000  0.000  0.000 0.0000000000
71543  0.000  0.000  0.000 0.0000000000
71544  0.000  0.000  0.000 0.0000000000
71545  0.000  0.000  0.000 0.0000000000
71546  0.000  0.000  0.000 0.0000000000
71547  0.000  0.000  0.000 0.0000000000
71551  0.000  0.000  0.000 0.0000000000
71552  0.000  0.000  0.000 0.0000000000
71553  0.000  0.000  0.000 0.0000000000
71554  0.000  0.000  0.000 0.0000000000
71555  0.000  0.000  0.000 0.0000000000
71556  0.000  0.000  0.000 0.0000000000
71560  0.000  0.000  0.000 0.0000000000
71561  0.000  0.000  0.000 0.0000000000
71562  0.000  0.000  0.000 0.0000000000
71563  0.000  0.000  0.000 0.0000000000
71567  0.000  0.000  0.000 0.0000000000
71568  0.000  0.000  0.000 0.0000000000
71569  0.000  0.000  0.000 0.0000000000
71570  0.000  0.000  0.000 0.0000000000
71571  0.000  0.000  0.000 0.0000000000
71575  0.000  0.000  0.000 0.0000000000
71576  0.000  0.000  0.000 0.0000000000
71577  0.000  0.000  0.000 0.0000000000
71578  0.000  0.000  0.000 0.0000000000
72087  0.000  0.000  0.000 0.0000000000
72088  0.000  0.000  0.000 0.0000000000
72089  0.000  0.000  0.000 0.0000000000
72090  0.000  0.000  0.000 0.0000000000
72092  0.000  0.000  0.000 0.0000000000
72093  0.000  0.000  0.000 0.0000000000
72094  0.000  0.000  0.000 0.0000000000
72095  0.000  0.000  0.000 0.0000000000
72097  0.000  0.000  0.000 0.0000000000
72100  0.000  0.000  0.000 0.0000000000
72106  0.000  0.000  0.000 0.0000000000
72115  0.000  0.000  0.000 0.0000000000
72122  0.000  0.000  0.000 0.0000000000
72123  0.000  0.000  0.000 0.0000000000
72131  0.000  0.000  0.000 0.0000000000
72132  0.000  0.000  0.000 0.0000000000
72140  0.000  0.000  0.000 0.0000000000
72141  0.000  0.000  0.000 0.0000000000
72147  0.000  0.000  0.000 0.0000000000
72148  0.000  0.000  0.000 0.0000000000
72149  0.000  0.000  0.000 0.0000000000
72154  0.000  0.000  0.000 0.0000000000
72155  0.000  0.000  0.000 0.0000000000
72156  0.000  0.000  0.000 0.0000000000
72157  0.000  0.000  0.000 0.0000000000
72161  0.000  0.000  0.000 0.0000000000
72162  0.000  0.000  0.000 0.0000000000
72163  0.000  0.000  0.000 0.0000000000
72164  0.000  0.000  0.000 0.0000000000
72165  0.000  0.000  0.000 0.0000000000
72169  0.000  0.000  0.000 0.0000000000
72170  0.000  0.000  0.000 0.0000000000
72171  0.000  0.000  0.000 0.0000000000
72172  0.000  0.000  0.000 0.0000000000
72173  0.000  0.000  0.000 0.0000000000
72177  0.000  0.000  0.000 0.0000000000
72178  0.000  0.000  0.000 0.0000000000
72179  0.000  0.000  0.000 0.0000000000
72180  0.000  0.000  0.000 0.0000000000
72181  0.000  0.000  0.000 0.0000000000
72185  0.000  0.000  0.000 0.0000000000
72186  0.000  0.000  0.000 0.0000000000
72187  0.000  0.000  0.000 0.0000000000
72188  0.000  0.000  0.000 0.0000000000
72192  0.000  0.000  0.000 0.0000000000
72193  0.000  0.000  0.000 0.0000000000
72669  0.000  0.000  0.000 0.0000000000
72670  0.000  0.000  0.000 0.0000000000
72671  0.000  0.000  0.000 0.0000000000
72676  0.000  0.000  0.000 0.0000000000
72677  0.000  0.000  0.000 0.0000000000
72678  0.000  0.000  0.000 0.0000000000
72679  0.000  0.000  0.000 0.0000000000
72682  0.000  0.000  0.000 0.0000000000
72685  0.000  0.000  0.000 0.0000000000
72688  0.000  0.000  0.000 0.0000000000
72695  0.000  0.000  0.000 0.0000000000
72704  0.000  0.000  0.000 0.0000000000
72705  0.000  0.000  0.000 0.0000000000
72712  0.000  0.000  0.000 0.0000000000
72713  0.000  0.000  0.000 0.0000000000
72719  0.000  0.000  0.000 0.0000000000
72725  0.000  0.000  0.000 0.0000000000
72730  0.000  0.000  0.000 0.0000000000
72731  0.000  0.000  0.000 0.0000000000
72732  0.000  0.000  0.000 0.0000000000
72737  0.000  0.000  0.000 0.0000000000
72738  0.000  0.000  0.000 0.0000000000
72739  0.000  0.000  0.000 0.0000000000
72740  0.000  0.000  0.000 0.0000000000
73229  0.000  0.000  0.000 0.0000000000
73233  0.000  0.000  0.000 0.0000000000
73234  0.000  0.000  0.000 0.0000000000
73235  0.000  0.000  0.000 0.0000000000
73236  0.000  0.000  0.000 0.0000000000
73237  0.000  0.000  0.000 0.0000000000
73239  0.000  0.000  0.000 0.0000000000
73240  0.000  0.000  0.000 0.0000000000
73241  0.000  0.000  0.000 0.0000000000
73243  0.000  0.000  0.000 0.0000000000
73244  0.000  0.000  0.000 0.0000000000
73246  0.000  0.000  0.000 0.0000000000
73248  0.000  0.000  0.000 0.0000000000
73257  0.000  0.000  0.000 0.0000000000
73258  0.000  0.000  0.000 0.0000000000
73267  0.000  0.000  0.000 0.0000000000
73268  0.000  0.000  0.000 0.0000000000
73275  0.000  0.000  0.000 0.0000000000
73281  0.000  0.000  0.000 0.0000000000
73286  0.000  0.000  0.000 0.0000000000
73287  0.000  0.000  0.000 0.0000000000
73292  0.000  0.000  0.000 0.0000000000
73293  0.000  0.000  0.000 0.0000000000
73294  0.000  0.000  0.000 0.0000000000
73295  0.000  0.000  0.000 0.0000000000
73299  0.000  0.000  0.000 0.0000000000
73300  0.000  0.000  0.000 0.0000000000
73301  0.000  0.000  0.000 0.0000000000
73776  0.000  0.000  0.000 0.0000000000
73777  0.000  0.000  0.000 0.0000000000
73778  0.000  0.000  0.000 0.0000000000
73779  0.000  0.000  0.000 0.0000000000
73780  0.000  0.000  0.000 0.0000000000
73782  0.000  0.000  0.000 0.0000000000
73783  0.000  0.000  0.000 0.0000000000
73784  0.000  0.000  0.000 0.0000000000
73785  0.000  0.000  0.000 0.0000000000
73786  0.000  0.000  0.000 0.0000000000
73788  0.000  0.000  0.000 0.0000000000
73790  0.000  0.000  0.000 0.0000000000
73791  0.000  0.000  0.000 0.0000000000
73793  0.000  0.000  0.000 0.0000000000
73800  0.000  0.000  0.000 0.0000000000
73811  0.000  0.000  0.000 0.0000000000
73812  0.000  0.000  0.000 0.0000000000
73820  0.000  0.000  0.000 0.0000000000
73826  0.000  0.000  0.000 0.0000000000
73830  0.000  0.000  0.000 0.0000000000
73831  0.000  0.000  0.000 0.0000000000
73835  0.000  0.000  0.000 0.0000000000
73836  0.000  0.000  0.000 0.0000000000
73837  0.000  0.000  0.000 0.0000000000
73838  0.000  0.000  0.000 0.0000000000
73842  0.000  0.000  0.000 0.0000000000
73843  0.000  0.000  0.000 0.0000000000
73844  0.000  0.000  0.000 0.0000000000
73845  0.000  0.000  0.000 0.0000000000
73849  0.000  0.000  0.000 0.0000000000
73850  0.000  0.000  0.000 0.0000000000
74290  0.000  0.000  0.000 0.0000000000
74291  0.000  0.000  0.000 0.0000000000
74292  0.000  0.000  0.000 0.0000000000
74293  0.000  0.000  0.000 0.0000000000
74294  0.000  0.000  0.000 0.0000000000
74299  0.000  0.000  0.000 0.0000000000
74300  0.000  0.000  0.000 0.0000000000
74301  0.000  0.000  0.000 0.0000000000
74302  0.000  0.000  0.000 0.0000000000
74303  0.000  0.000  0.000 0.0000000000
74305  0.000  0.000  0.000 0.0000000000
74308  0.000  0.000  0.000 0.0000000000
74309  0.000  0.000  0.000 0.0000000000
74312  0.000  0.000  0.000 0.0000000000
74313  0.000  0.000  0.000 0.0000000000
74319  0.000  0.000  0.000 0.0000000000
74320  0.000  0.000  0.000 0.0000000000
74330  0.000  0.000  0.000 0.0000000000
74331  0.000  0.000  0.000 0.0000000000
74342  0.000  0.000  0.000 0.0000000000
74343  0.000  0.000  0.000 0.0000000000
74350  0.000  0.000  0.000 0.0000000000
74351  0.000  0.000  0.000 0.0000000000
74352  0.000  0.000  0.000 0.0000000000
74363  0.000  0.000  0.000 0.0000000000
74364  0.000  0.000  0.000 0.0000000000
74365  0.000  0.000  0.000 0.0000000000
74377  0.000  0.000  0.000 0.0000000000
74378  0.000  0.000  0.000 0.0000000000
74379  0.000  0.000  0.000 0.0000000000
74391  0.000  0.000  0.000 0.0000000000
74392  0.000  0.000  0.000 0.0000000000
74393  0.000  0.000  0.000 0.0000000000
74394  0.000  0.000  0.000 0.0000000000
74406  0.000  0.000  0.000 0.0000000000
74407  0.000  0.000  0.000 0.0000000000
74903  0.000  0.000  0.000 0.0000000000
74904  0.000  0.000  0.000 0.0000000000
74905  0.000  0.000  0.000 0.0000000000
74906  0.000  0.000  0.000 0.0000000000
74907  0.000  0.000  0.000 0.0000000000
74910  0.000  0.000  0.000 0.0000000000
74912  0.000  0.000  0.000 0.0000000000
74915  0.000  0.000  0.000 0.0000000000
74916  0.000  0.000  0.000 0.0000000000
74922  0.000  0.000  0.000 0.0000000000
74932  0.000  0.000  0.000 0.0000000000
74933  0.000  0.000  0.000 0.0000000000
74945  0.000  0.000  0.000 0.0000000000
74955  0.000  0.000  0.000 0.0000000000
74964  0.000  0.000  0.000 0.0000000000
74965  0.000  0.000  0.000 0.0000000000
74966  0.000  0.000  0.000 0.0000000000
74975  0.000  0.000  0.000 0.0000000000
74976  0.000  0.000  0.000 0.0000000000
74981  0.000  0.000  0.000 0.0000000000
74982  0.000  0.000  0.000 0.0000000000
74983  0.000  0.000  0.000 0.0000000000
74988  0.000  0.000  0.000 0.0000000000
74989  0.000  0.000  0.000 0.0000000000
74990  0.000  0.000  0.000 0.0000000000
75473  0.000  0.000  0.000 0.0000000000
75474  0.000  0.000  0.000 0.0000000000
75475  0.000  0.000  0.000 0.0000000000
75476  0.000  0.000  0.000 0.0000000000
75478  0.000  0.000  0.000 0.0000000000
75479  0.000  0.000  0.000 0.0000000000
75480  0.000  0.000  0.000 0.0000000000
75481  0.000  0.000  0.000 0.0000000000
75482  0.000  0.000  0.000 0.0000000000
75484  0.000  0.000  0.000 0.0000000000
75486  0.000  0.000  0.000 0.0000000000
75491  0.000  0.000  0.000 0.0000000000
75492  0.000  0.000  0.000 0.0000000000
75502  0.000  0.000  0.000 0.0000000000
75503  0.000  0.000  0.000 0.0000000000
75515  0.000  0.000  0.000 0.0000000000
75516  0.000  0.000  0.000 0.0000000000
75527  0.000  0.000  0.000 0.0000000000
75535  0.000  0.000  0.000 0.0000000000
75536  0.000  0.000  0.000 0.0000000000
75537  0.000  0.000  0.000 0.0000000000
75545  0.000  0.000  0.000 0.0000000000
75546  0.000  0.000  0.000 0.0000000000
75547  0.000  0.000  0.000 0.0000000000
75555  0.000  0.000  0.000 0.0000000000
75556  0.000  0.000  0.000 0.0000000000
75557  0.000  0.000  0.000 0.0000000000
75565  0.000  0.000  0.000 0.0000000000
75566  0.000  0.000  0.000 0.0000000000
75567  0.000  0.000  0.000 0.0000000000
75573  0.000  0.000  0.000 0.0000000000
75574  0.000  0.000  0.000 0.0000000000
76039  0.000  0.000  0.000 0.0000000000
76044  0.000  0.000  0.000 0.0000000000
76045  0.000  0.000  0.000 0.0000000000
76046  0.000  0.000  0.000 0.0000000000
76047  0.000  0.000  0.000 0.0000000000
76048  0.000  0.000  0.000 0.0000000000
76050  0.000  0.000  0.000 0.0000000000
76051  0.000  0.000  0.000 0.0000000000
76053  0.000  0.000  0.000 0.0000000000
76055  0.000  0.000  0.000 0.0000000000
76056  0.000  0.000  0.000 0.0000000000
76066  0.000  0.000  0.000 0.0000000000
76067  0.000  0.000  0.000 0.0000000000
76080  0.000  0.000  0.000 0.0000000000
76081  0.000  0.000  0.000 0.0000000000
76091  0.000  0.000  0.000 0.0000000000
76100  0.000  0.000  0.000 0.0000000000
76101  0.000  0.000  0.000 0.0000000000
76107  0.000  0.000  0.000 0.0000000000
76108  0.000  0.000  0.000 0.0000000000
76109  0.000  0.000  0.000 0.0000000000
76115  0.000  0.000  0.000 0.0000000000
76116  0.000  0.000  0.000 0.0000000000
76117  0.000  0.000  0.000 0.0000000000
76125  0.000  0.000  0.000 0.0000000000
76126  0.000  0.000  0.000 0.0000000000
76127  0.000  0.000  0.000 0.0000000000
76135  0.000  0.000  0.000 0.0000000000
76136  0.000  0.000  0.000 0.0000000000
76612  0.000  0.000  0.000 0.0000000000
76613  0.000  0.000  0.000 0.0000000000
76614  0.000  0.000  0.000 0.0000000000
76619  0.000  0.000  0.000 0.0000000000
76620  0.000  0.000  0.000 0.0000000000
76621  0.000  0.000  0.000 0.0000000000
76622  0.000  0.000  0.000 0.0000000000
76624  0.000  0.000  0.000 0.0000000000
76626  0.000  0.000  0.000 0.0000000000
76627  0.000  0.000  0.000 0.0000000000
76636  0.000  0.000  0.000 0.0000000000
76637  0.000  0.000  0.000 0.0000000000
76650  0.000  0.000  0.000 0.0000000000
76660  0.000  0.000  0.000 0.0000000000
76661  0.000  0.000  0.000 0.0000000000
76670  0.000  0.000  0.000 0.0000000000
76678  0.000  0.000  0.000 0.0000000000
76679  0.000  0.000  0.000 0.0000000000
76685  0.000  0.000  0.000 0.0000000000
76686  0.000  0.000  0.000 0.0000000000
76687  0.000  0.000  0.000 0.0000000000
76692  0.000  0.000  0.000 0.0000000000
76693  0.000  0.000  0.000 0.0000000000
76694  0.000  0.000  0.000 0.0000000000
76700  0.000  0.000  0.000 0.0000000000
76701  0.000  0.000  0.000 0.0000000000
77159  0.000  0.000  0.000 0.0000000000
77160  0.000  0.000  0.000 0.0000000000
77161  0.000  0.000  0.000 0.0000000000
77162  0.000  0.000  0.000 0.0000000000
77168  0.000  0.000  0.000 0.0000000000
77169  0.000  0.000  0.000 0.0000000000
77172  0.000  0.000  0.000 0.0000000000
77173  0.000  0.000  0.000 0.0000000000
77182  0.000  0.000  0.000 0.0000000000
77183  0.000  0.000  0.000 0.0000000000
77196  0.000  0.000  0.000 0.0000000000
77207  0.000  0.000  0.000 0.0000000000
77208  0.000  0.000  0.000 0.0000000000
77218  0.000  0.000  0.000 0.0000000000
77219  0.000  0.000  0.000 0.0000000000
77227  0.000  0.000  0.000 0.0000000000
77228  0.000  0.000  0.000 0.0000000000
77236  0.000  0.000  0.000 0.0000000000
77237  0.000  0.000  0.000 0.0000000000
77243  0.000  0.000  0.000 0.0000000000
77244  0.000  0.000  0.000 0.0000000000
77245  0.000  0.000  0.000 0.0000000000
77250  0.000  0.000  0.000 0.0000000000
77251  0.000  0.000  0.000 0.0000000000
77255  0.000  0.000  0.000 0.0000000000
77256  0.000  0.000  0.000 0.0000000000
77707  0.000  0.000  0.000 0.0000000000
77708  0.000  0.000  0.000 0.0000000000
77712  0.000  0.000  0.000 0.0000000000
77713  0.000  0.000  0.000 0.0000000000
77714  0.000  0.000  0.000 0.0000000000
77715  0.000  0.000  0.000 0.0000000000
77720  0.000  0.000  0.000 0.0000000000
77727  0.000  0.000  0.000 0.0000000000
77728  0.000  0.000  0.000 0.0000000000
77741  0.000  0.000  0.000 0.0000000000
77751  0.000  0.000  0.000 0.0000000000
77752  0.000  0.000  0.000 0.0000000000
77761  0.000  0.000  0.000 0.0000000000
77762  0.000  0.000  0.000 0.0000000000
77770  0.000  0.000  0.000 0.0000000000
77777  0.000  0.000  0.000 0.0000000000
77778  0.000  0.000  0.000 0.0000000000
77785  0.000  0.000  0.000 0.0000000000
77786  0.000  0.000  0.000 0.0000000000
77791  0.000  0.000  0.000 0.0000000000
77792  0.000  0.000  0.000 0.0000000000
77793  0.000  0.000  0.000 0.0000000000
77798  0.000  0.000  0.000 0.0000000000
77799  0.000  0.000  0.000 0.0000000000
78260  0.000  0.000  0.000 0.0000000000
78261  0.000  0.000  0.000 0.0000000000
78264  0.000  0.000  0.000 0.0000000000
78265  0.000  0.000  0.000 0.0000000000
78266  0.000  0.000  0.000 0.0000000000
78270  0.000  0.000  0.000 0.0000000000
78271  0.000  0.000  0.000 0.0000000000
78276  0.000  0.000  0.000 0.0000000000
78277  0.000  0.000  0.000 0.0000000000
78291  0.000  0.000  0.000 0.0000000000
78292  0.000  0.000  0.000 0.0000000000
78307  0.000  0.000  0.000 0.0000000000
78308  0.000  0.000  0.000 0.0000000000
78316  0.000  0.000  0.000 0.0000000000
78317  0.000  0.000  0.000 0.0000000000
78325  0.000  0.000  0.000 0.0000000000
78326  0.000  0.000  0.000 0.0000000000
78333  0.000  0.000  0.000 0.0000000000
78334  0.000  0.000  0.000 0.0000000000
78340  0.000  0.000  0.000 0.0000000000
78341  0.000  0.000  0.000 0.0000000000
78342  0.000  0.000  0.000 0.0000000000
78347  0.000  0.000  0.000 0.0000000000
78348  0.000  0.000  0.000 0.0000000000
78349  0.000  0.000  0.000 0.0000000000
78353  0.000  0.000  0.000 0.0000000000
78354  0.000  0.000  0.000 0.0000000000
78355  0.000  0.000  0.000 0.0000000000
78359  0.000  0.000  0.000 0.0000000000
78360  0.000  0.000  0.000 0.0000000000
78775  0.000  0.000  0.000 0.0000000000
78776  0.000  0.000  0.000 0.0000000000
78779  0.000  0.000  0.000 0.0000000000
78780  0.000  0.000  0.000 0.0000000000
78781  0.000  0.000  0.000 0.0000000000
78783  0.000  0.000  0.000 0.0000000000
78784  0.000  0.000  0.000 0.0000000000
78787  0.000  0.000  0.000 0.0000000000
78797  0.000  0.000  0.000 0.0000000000
78798  0.000  0.000  0.000 0.0000000000
78815  0.000  0.000  0.000 0.0000000000
78828  0.000  0.000  0.000 0.0000000000
78829  0.000  0.000  0.000 0.0000000000
78837  0.000  0.000  0.000 0.0000000000
78844  0.000  0.000  0.000 0.0000000000
78845  0.000  0.000  0.000 0.0000000000
78851  0.000  0.000  0.000 0.0000000000
78852  0.000  0.000  0.000 0.0000000000
78853  0.000  0.000  0.000 0.0000000000
78858  0.000  0.000  0.000 0.0000000000
78859  0.000  0.000  0.000 0.0000000000
78860  0.000  0.000  0.000 0.0000000000
78865  0.000  0.000  0.000 0.0000000000
78866  0.000  0.000  0.000 0.0000000000
78867  0.000  0.000  0.000 0.0000000000
78871  0.000  0.000  0.000 0.0000000000
78872  0.000  0.000  0.000 0.0000000000
79332  0.000  0.000  0.000 0.0000000000
79333  0.000  0.000  0.000 0.0000000000
79335  0.000  0.000  0.000 0.0000000000
79336  0.000  0.000  0.000 0.0000000000
79338  0.000  0.000  0.000 0.0000000000
79339  0.000  0.000  0.000 0.0000000000
79341  0.000  0.000  0.000 0.0000000000
79344  0.000  0.000  0.000 0.0000000000
79345  0.000  0.000  0.000 0.0000000000
79358  0.000  0.000  0.000 0.0000000000
79359  0.000  0.000  0.000 0.0000000000
79372  0.000  0.000  0.000 0.0000000000
79373  0.000  0.000  0.000 0.0000000000
79385  0.000  0.000  0.000 0.0000000000
79386  0.000  0.000  0.000 0.0000000000
79396  0.000  0.000  0.000 0.0000000000
79402  0.000  0.000  0.000 0.0000000000
79403  0.000  0.000  0.000 0.0000000000
79404  0.000  0.000  0.000 0.0000000000
79410  0.000  0.000  0.000 0.0000000000
79411  0.000  0.000  0.000 0.0000000000
79412  0.000  0.000  0.000 0.0000000000
79417  0.000  0.000  0.000 0.0000000000
79418  0.000  0.000  0.000 0.0000000000
79419  0.000  0.000  0.000 0.0000000000
79424  0.000  0.000  0.000 0.0000000000
79425  0.000  0.000  0.000 0.0000000000
79426  0.000  0.000  0.000 0.0000000000
79430  0.000  0.000  0.000 0.0000000000
79431  0.000  0.000  0.000 0.0000000000
79838  0.000  0.000  0.000 0.0000000000
79840  0.000  0.000  0.000 0.0000000000
79841  0.000  0.000  0.000 0.0000000000
79843  0.000  0.000  0.000 0.0000000000
79844  0.000  0.000  0.000 0.0000000000
79846  0.000  0.000  0.000 0.0000000000
79847  0.000  0.000  0.000 0.0000000000
79849  0.000  0.000  0.000 0.0000000000
79853  0.000  0.000  0.000 0.0000000000
79854  0.000  0.000  0.000 0.0000000000
79868  0.000  0.000  0.000 0.0000000000
79869  0.000  0.000  0.000 0.0000000000
79879  0.000  0.000  0.000 0.0000000000
79880  0.000  0.000  0.000 0.0000000000
79893  0.000  0.000  0.000 0.0000000000
79903  0.000  0.000  0.000 0.0000000000
79904  0.000  0.000  0.000 0.0000000000
79911  0.000  0.000  0.000 0.0000000000
79912  0.000  0.000  0.000 0.0000000000
79913  0.000  0.000  0.000 0.0000000000
79918  0.000  0.000  0.000 0.0000000000
79919  0.000  0.000  0.000 0.0000000000
79920  0.000  0.000  0.000 0.0000000000
79921  0.000  0.000  0.000 0.0000000000
79927  0.000  0.000  0.000 0.0000000000
79928  0.000  0.000  0.000 0.0000000000
79929  0.000  0.000  0.000 0.0000000000
79935  0.000  0.000  0.000 0.0000000000
79936  0.000  0.000  0.000 0.0000000000
80359  0.000  0.000  0.000 0.0000000000
80362  0.000  0.000  0.000 0.0000000000
80363  0.000  0.000  0.000 0.0000000000
80366  0.000  0.000  0.000 0.0000000000
80367  0.000  0.000  0.000 0.0000000000
80369  0.000  0.000  0.000 0.0000000000
80370  0.000  0.000  0.000 0.0000000000
80372  0.000  0.000  0.000 0.0000000000
80374  0.000  0.000  0.000 0.0000000000
80375  0.000  0.000  0.000 0.0000000000
80384  0.000  0.000  0.000 0.0000000000
80385  0.000  0.000  0.000 0.0000000000
80401  0.000  0.000  0.000 0.0000000000
80402  0.000  0.000  0.000 0.0000000000
80412  0.000  0.000  0.000 0.0000000000
80423  0.000  0.000  0.000 0.0000000000
80424  0.000  0.000  0.000 0.0000000000
80434  0.000  0.000  0.000 0.0000000000
80435  0.000  0.000  0.000 0.0000000000
80436  0.000  0.000  0.000 0.0000000000
80437  0.000  0.000  0.000 0.0000000000
80446  0.000  0.000  0.000 0.0000000000
80447  0.000  0.000  0.000 0.0000000000
80448  0.000  0.000  0.000 0.0000000000
80449  0.000  0.000  0.000 0.0000000000
80455  0.000  0.000  0.000 0.0000000000
80456  0.000  0.000  0.000 0.0000000000
80457  0.000  0.000  0.000 0.0000000000
80458  0.000  0.000  0.000 0.0000000000
80464  0.000  0.000  0.000 0.0000000000
80465  0.000  0.000  0.000 0.0000000000
80843  0.000  0.000  0.000 0.0000000000
80852  0.000  0.000  0.000 0.0000000000
80853  0.000  0.000  0.000 0.0000000000
80863  0.000  0.000  0.000 0.0000000000
80864  0.000  0.000  0.000 0.0000000000
80867  0.000  0.000  0.000 0.0000000000
80868  0.000  0.000  0.000 0.0000000000
80871  0.000  0.000  0.000 0.0000000000
80873  0.000  0.000  0.000 0.0000000000
80875  0.000  0.000  0.000 0.0000000000
80876  0.000  0.000  0.000 0.0000000000
80878  0.000  0.000  0.000 0.0000000000
80879  0.000  0.000  0.000 0.0000000000
80890  0.000  0.000  0.000 0.0000000000
80891  0.000  0.000  0.000 0.0000000000
80903  0.000  0.000  0.000 0.0000000000
80904  0.000  0.000  0.000 0.0000000000
80915  0.000  0.000  0.000 0.0000000000
80916  0.000  0.000  0.000 0.0000000000
80926  0.000  0.000  0.000 0.0000000000
80927  0.000  0.000  0.000 0.0000000000
80934  0.000  0.000  0.000 0.0000000000
80935  0.000  0.000  0.000 0.0000000000
80936  0.000  0.000  0.000 0.0000000000
80945  0.000  0.000  0.000 0.0000000000
80946  0.000  0.000  0.000 0.0000000000
80947  0.000  0.000  0.000 0.0000000000
80954  0.000  0.000  0.000 0.0000000000
80955  0.000  0.000  0.000 0.0000000000
80956  0.000  0.000  0.000 0.0000000000
80963  0.000  0.000  0.000 0.0000000000
80964  0.000  0.000  0.000 0.0000000000
81343  0.000  0.000  0.000 0.0000000000
81352  0.000  0.000  0.000 0.0000000000
81362  0.000  0.000  0.000 0.0000000000
81365  0.000  0.000  0.000 0.0000000000
81368  0.000  0.000  0.000 0.0000000000
81371  0.000  0.000  0.000 0.0000000000
81372  0.000  0.000  0.000 0.0000000000
81374  0.000  0.000  0.000 0.0000000000
81375  0.000  0.000  0.000 0.0000000000
81377  0.000  0.000  0.000 0.0000000000
81390  0.000  0.000  0.000 0.0000000000
81391  0.000  0.000  0.000 0.0000000000
81403  0.000  0.000  0.000 0.0000000000
81404  0.000  0.000  0.000 0.0000000000
81415  0.000  0.000  0.000 0.0000000000
81416  0.000  0.000  0.000 0.0000000000
81425  0.000  0.000  0.000 0.0000000000
81426  0.000  0.000  0.000 0.0000000000
81434  0.000  0.000  0.000 0.0000000000
81435  0.000  0.000  0.000 0.0000000000
81436  0.000  0.000  0.000 0.0000000000
81443  0.000  0.000  0.000 0.0000000000
81444  0.000  0.000  0.000 0.0000000000
81445  0.000  0.000  0.000 0.0000000000
81451  0.000  0.000  0.000 0.0000000000
81452  0.000  0.000  0.000 0.0000000000
81453  0.000  0.000  0.000 0.0000000000
81810  0.000  0.000  0.000 0.0000000000
81811  0.000  0.000  0.000 0.0000000000
81818  0.000  0.000  0.000 0.0000000000
81819  0.000  0.000  0.000 0.0000000000
81827  0.000  0.000  0.000 0.0000000000
81839  0.000  0.000  0.000 0.0000000000
81845  0.000  0.000  0.000 0.0000000000
81847  0.000  0.000  0.000 0.0000000000
81848  0.000  0.000  0.000 0.0000000000
81851  0.000  0.000  0.000 0.0000000000
81852  0.000  0.000  0.000 0.0000000000
81855  0.000  0.000  0.000 0.0000000000
81857  0.000  0.000  0.000 0.0000000000
81858  0.000  0.000  0.000 0.0000000000
81877  0.000  0.000  0.000 0.0000000000
81878  0.000  0.000  0.000 0.0000000000
81879  0.000  0.000  0.000 0.0000000000
81896  0.000  0.000  0.000 0.0000000000
81897  0.000  0.000  0.000 0.0000000000
81910  0.000  0.000  0.000 0.0000000000
81919  0.000  0.000  0.000 0.0000000000
81920  0.000  0.000  0.000 0.0000000000
81927  0.000  0.000  0.000 0.0000000000
81928  0.000  0.000  0.000 0.0000000000
81929  0.000  0.000  0.000 0.0000000000
81936  0.000  0.000  0.000 0.0000000000
81937  0.000  0.000  0.000 0.0000000000
81938  0.000  0.000  0.000 0.0000000000
81939  0.000  0.000  0.000 0.0000000000
81946  0.000  0.000  0.000 0.0000000000
81947  0.000  0.000  0.000 0.0000000000
81948  0.000  0.000  0.000 0.0000000000
82317  0.000  0.000  0.000 0.0000000000
82328  0.000  0.000  0.000 0.0000000000
82329  0.000  0.000  0.000 0.0000000000
82340  0.000  0.000  0.000 0.0000000000
82356  0.000  0.000  0.000 0.0000000000
82369  0.000  0.000  0.000 0.0000000000
82370  0.000  0.000  0.000 0.0000000000
82378  0.000  0.000  0.000 0.0000000000
82379  0.000  0.000  0.000 0.0000000000
82387  0.000  0.000  0.000 0.0000000000
82397  0.000  0.000  0.000 0.0000000000
82398  0.000  0.000  0.000 0.0000000000
82411  0.000  0.000  0.000 0.0000000000
82412  0.000  0.000  0.000 0.0000000000
82438  0.000  0.000  0.000 0.0000000000
82439  0.000  0.000  0.000 0.0000000000
82455  0.000  0.000  0.000 0.0000000000
82462  0.000  0.000  0.000 0.0000000000
82467  0.000  0.000  0.000 0.0000000000
82468  0.000  0.000  0.000 0.0000000000
82469  0.000  0.000  0.000 0.0000000000
82470  0.000  0.000  0.000 0.0000000000
82471  0.000  0.000  0.000 0.0000000000
82476  0.000  0.000  0.000 0.0000000000
82477  0.000  0.000  0.000 0.0000000000
82478  0.000  0.000  0.000 0.0000000000
82479  0.000  0.000  0.000 0.0000000000
82485  0.000  0.000  0.000 0.0000000000
82486  0.000  0.000  0.000 0.0000000000
82487  0.000  0.000  0.000 0.0000000000
82488  0.000  0.000  0.000 0.0000000000
82889  0.000  0.000  0.000 0.0000000000
82903  0.000  0.000  0.000 0.0000000000
82919  0.000  0.000  0.000 0.0000000000
82920  0.000  0.000  0.000 0.0000000000
82933  0.000  0.000  0.000 0.0000000000
82950  0.000  0.000  0.000 0.0000000000
82965  0.000  0.000  0.000 0.0000000000
82966  0.000  0.000  0.000 0.0000000000
82976  0.000  0.000  0.000 0.0000000000
82985  0.000  0.000  0.000 0.0000000000
82986  0.000  0.000  0.000 0.0000000000
82995  0.000  0.000  0.000 0.0000000000
82996  0.000  0.000  0.000 0.0000000000
83008  0.000  0.000  0.000 0.0000000000
83009  0.000  0.000  0.000 0.0000000000
83029  0.000  0.000  0.000 0.0000000000
83030  0.000  0.000  0.000 0.0000000000
83039  0.000  0.000  0.000 0.0000000000
83045  0.000  0.000  0.000 0.0000000000
83046  0.000  0.000  0.000 0.0000000000
83050  0.000  0.000  0.000 0.0000000000
83051  0.000  0.000  0.000 0.0000000000
83052  0.000  0.000  0.000 0.0000000000
83053  0.000  0.000  0.000 0.0000000000
83054  0.000  0.000  0.000 0.0000000000
83059  0.000  0.000  0.000 0.0000000000
83060  0.000  0.000  0.000 0.0000000000
83061  0.000  0.000  0.000 0.0000000000
83066  0.000  0.000  0.000 0.0000000000
83067  0.000  0.000  0.000 0.0000000000
83068  0.000  0.000  0.000 0.0000000000
83542  0.000  0.000  0.000 0.0000000000
83552  0.000  0.000  0.000 0.0000000000
83553  0.000  0.000  0.000 0.0000000000
83564  0.000  0.000  0.000 0.0000000000
83565  0.000  0.000  0.000 0.0000000000
83575  0.000  0.000  0.000 0.0000000000
83576  0.000  0.000  0.000 0.0000000000
83587  0.000  0.000  0.000 0.0000000000
83601  0.000  0.000  0.000 0.0000000000
83602  0.000  0.000  0.000 0.0000000000
83616  0.000  0.000  0.000 0.0000000000
83617  0.000  0.000  0.000 0.0000000000
83625  0.000  0.000  0.000 0.0000000000
83626  0.000  0.000  0.000 0.0000000000
83634  0.000  0.000  0.000 0.0000000000
83635  0.000  0.000  0.000 0.0000000000
83643  0.000  0.000  0.000 0.0000000000
83644  0.000  0.000  0.000 0.0000000000
83656  0.000  0.000  0.000 0.0000000000
83657  0.000  0.000  0.000 0.0000000000
83674  0.000  0.000  0.000 0.0000000000
83683  0.000  0.000  0.000 0.0000000000
83684  0.000  0.000  0.000 0.0000000000
83690  0.000  0.000  0.000 0.0000000000
83691  0.000  0.000  0.000 0.0000000000
83692  0.000  0.000  0.000 0.0000000000
83697  0.000  0.000  0.000 0.0000000000
83698  0.000  0.000  0.000 0.0000000000
83699  0.000  0.000  0.000 0.0000000000
83700  0.000  0.000  0.000 0.0000000000
83704  0.000  0.000  0.000 0.0000000000
83705  0.000  0.000  0.000 0.0000000000
83706  0.000  0.000  0.000 0.0000000000
83707  0.000  0.000  0.000 0.0000000000
83711  0.000  0.000  0.000 0.0000000000
83712  0.000  0.000  0.000 0.0000000000
83713  0.000  0.000  0.000 0.0000000000
84178  0.000  0.000  0.000 0.0000000000
84180  0.000  0.000  0.000 0.0000000000
84191  0.000  0.000  0.000 0.0000000000
84192  0.000  0.000  0.000 0.0000000000
84193  0.000  0.000  0.000 0.0000000000
84194  0.000  0.000  0.000 0.0000000000
84202  0.000  0.000  0.000 0.0000000000
84203  0.000  0.000  0.000 0.0000000000
84204  0.000  0.000  0.000 0.0000000000
84211  0.000  0.000  0.000 0.0000000000
84212  0.000  0.000  0.000 0.0000000000
84213  0.000  0.000  0.000 0.0000000000
84214  0.000  0.000  0.000 0.0000000000
84224  0.000  0.000  0.000 0.0000000000
84225  0.000  0.000  0.000 0.0000000000
84235  0.000  0.000  0.000 0.0000000000
84236  0.000  0.000  0.000 0.0000000000
84247  0.000  0.000  0.000 0.0000000000
84248  0.000  0.000  0.000 0.0000000000
84260  0.000  0.000  0.000 0.0000000000
84261  0.000  0.000  0.000 0.0000000000
84275  0.000  0.000  0.000 0.0000000000
84276  0.000  0.000  0.000 0.0000000000
84284  0.000  0.000  0.000 0.0000000000
84285  0.000  0.000  0.000 0.0000000000
84293  0.000  0.000  0.000 0.0000000000
84294  0.000  0.000  0.000 0.0000000000
84302  0.000  0.000  0.000 0.0000000000
84303  0.000  0.000  0.000 0.0000000000
84314  0.000  0.000  0.000 0.0000000000
84328  0.000  0.000  0.000 0.0000000000
84329  0.000  0.000  0.000 0.0000000000
84339  0.000  0.000  0.000 0.0000000000
84340  0.000  0.000  0.000 0.0000000000
84345  0.000  0.000  0.000 0.0000000000
84346  0.000  0.000  0.000 0.0000000000
84347  0.000  0.000  0.000 0.0000000000
84353  0.000  0.000  0.000 0.0000000000
84354  0.000  0.000  0.000 0.0000000000
84355  0.000  0.000  0.000 0.0000000000
84356  0.000  0.000  0.000 0.0000000000
84357  0.000  0.000  0.000 0.0000000000
84362  0.000  0.000  0.000 0.0000000000
84363  0.000  0.000  0.000 0.0000000000
84364  0.000  0.000  0.000 0.0000000000
84365  0.000  0.000  0.000 0.0000000000
84848  0.000  0.000  0.000 0.0000000000
84849  0.000  0.000  0.000 0.0000000000
84850  0.000  0.000  0.000 0.0000000000
84860  0.000  0.000  0.000 0.0000000000
84861  0.000  0.000  0.000 0.0000000000
84862  0.000  0.000  0.000 0.0000000000
84863  0.000  0.000  0.000 0.0000000000
84872  0.000  0.000  0.000 0.0000000000
84873  0.000  0.000  0.000 0.0000000000
84874  0.000  0.000  0.000 0.0000000000
84882  0.000  0.000  0.000 0.0000000000
84883  0.000  0.000  0.000 0.0000000000
84891  0.000  0.000  0.000 0.0000000000
84892  0.000  0.000  0.000 0.0000000000
84893  0.000  0.000  0.000 0.0000000000
84894  0.000  0.000  0.000 0.0000000000
84902  0.000  0.000  0.000 0.0000000000
84903  0.000  0.000  0.000 0.0000000000
84904  0.000  0.000  0.000 0.0000000000
84905  0.000  0.000  0.000 0.0000000000
84913  0.000  0.000  0.000 0.0000000000
84914  0.000  0.000  0.000 0.0000000000
84915  0.000  0.000  0.000 0.0000000000
84925  0.000  0.000  0.000 0.0000000000
84937  0.000  0.000  0.000 0.0000000000
84938  0.000  0.000  0.000 0.0000000000
84953  0.000  0.000  0.000 0.0000000000
84954  0.000  0.000  0.000 0.0000000000
84961  0.000  0.000  0.000 0.0000000000
84962  0.000  0.000  0.000 0.0000000000
84970  0.000  0.000  0.000 0.0000000000
84971  0.000  0.000  0.000 0.0000000000
84980  0.000  0.000  0.000 0.0000000000
84990  0.000  0.000  0.000 0.0000000000
84991  0.000  0.000  0.000 0.0000000000
85004  0.000  0.000  0.000 0.0000000000
85005  0.000  0.000  0.000 0.0000000000
85016  0.000  0.000  0.000 0.0000000000
85023  0.000  0.000  0.000 0.0000000000
85024  0.000  0.000  0.000 0.0000000000
85025  0.000  0.000  0.000 0.0000000000
85026  0.000  0.000  0.000 0.0000000000
85031  0.000  0.000  0.000 0.0000000000
85032  0.000  0.000  0.000 0.0000000000
85033  0.000  0.000  0.000 0.0000000000
85034  0.000  0.000  0.000 0.0000000000
85035  0.000  0.000  0.000 0.0000000000
85036  0.000  0.000  0.000 0.0000000000
85042  0.000  0.000  0.000 0.0000000000
85043  0.000  0.000  0.000 0.0000000000
85044  0.000  0.000  0.000 0.0000000000
85596  0.000  0.000  0.000 0.0000000000
85597  0.000  0.000  0.000 0.0000000000
85598  0.000  0.000  0.000 0.0000000000
85607  0.000  0.000  0.000 0.0000000000
85608  0.000  0.000  0.000 0.0000000000
85609  0.000  0.000  0.000 0.0000000000
85610  0.000  0.000  0.000 0.0000000000
85611  0.000  0.000  0.000 0.0000000000
85617  0.000  0.000  0.000 0.0000000000
85618  0.000  0.000  0.000 0.0000000000
85619  0.000  0.000  0.000 0.0000000000
85620  0.000  0.000  0.000 0.0000000000
85626  0.000  0.000  0.000 0.0000000000
85627  0.000  0.000  0.000 0.0000000000
85628  0.000  0.000  0.000 0.0000000000
85635  0.000  0.000  0.000 0.0000000000
85636  0.000  0.000  0.000 0.0000000000
85637  0.000  0.000  0.000 0.0000000000
85638  0.000  0.000  0.000 0.0000000000
85646  0.000  0.000  0.000 0.0000000000
85647  0.000  0.000  0.000 0.0000000000
85648  0.000  0.000  0.000 0.0000000000
85656  0.000  0.000  0.000 0.0000000000
85657  0.000  0.000  0.000 0.0000000000
85666  0.000  0.000  0.000 0.0000000000
85667  0.000  0.000  0.000 0.0000000000
85677  0.000  0.000  0.000 0.0000000000
85678  0.000  0.000  0.000 0.0000000000
85694  0.000  0.000  0.000 0.0000000000
85695  0.000  0.000  0.000 0.0000000000
85704  0.000  0.000  0.000 0.0000000000
85705  0.000  0.000  0.000 0.0000000000
85710  0.000  0.000  0.000 0.0000000000
85718  0.000  0.000  0.000 0.0000000000
85719  0.000  0.000  0.000 0.0000000000
85729  0.000  0.000  0.000 0.0000000000
85730  0.000  0.000  0.000 0.0000000000
85739  0.000  0.000  0.000 0.0000000000
85740  0.000  0.000  0.000 0.0000000000
85747  0.000  0.000  0.000 0.0000000000
85748  0.000  0.000  0.000 0.0000000000
85753  0.000  0.000  0.000 0.0000000000
85754  0.000  0.000  0.000 0.0000000000
85755  0.000  0.000  0.000 0.0000000000
85756  0.000  0.000  0.000 0.0000000000
85759  0.000  0.000  0.000 0.0000000000
85760  0.000  0.000  0.000 0.0000000000
85761  0.000  0.000  0.000 0.0000000000
85762  0.000  0.000  0.000 0.0000000000
85763  0.000  0.000  0.000 0.0000000000
85767  0.000  0.000  0.000 0.0000000000
85768  0.000  0.000  0.000 0.0000000000
86299  0.000  0.000  0.000 0.0000000000
86300  0.000  0.000  0.000 0.0000000000
86308  0.000  0.000  0.000 0.0000000000
86309  0.000  0.000  0.000 0.0000000000
86310  0.000  0.000  0.000 0.0000000000
86311  0.000  0.000  0.000 0.0000000000
86319  0.000  0.000  0.000 0.0000000000
86320  0.000  0.000  0.000 0.0000000000
86321  0.000  0.000  0.000 0.0000000000
86322  0.000  0.000  0.000 0.0000000000
86323  0.000  0.000  0.000 0.0000000000
86330  0.000  0.000  0.000 0.0000000000
86331  0.000  0.000  0.000 0.0000000000
86332  0.000  0.000  0.000 0.0000000000
86339  0.000  0.000  0.000 0.0000000000
86340  0.000  0.000  0.000 0.0000000000
86341  0.000  0.000  0.000 0.0000000000
86342  0.000  0.000  0.000 0.0000000000
86350  0.000  0.000  0.000 0.0000000000
86351  0.000  0.000  0.000 0.0000000000
86352  0.000  0.000  0.000 0.0000000000
86353  0.000  0.000  0.000 0.0000000000
86360  0.000  0.000  0.000 0.0000000000
86361  0.000  0.000  0.000 0.0000000000
86362  0.000  0.000  0.000 0.0000000000
86370  0.000  0.000  0.000 0.0000000000
86379  0.000  0.000  0.000 0.0000000000
86380  0.000  0.000  0.000 0.0000000000
86394  0.000  0.000  0.000 0.0000000000
86395  0.000  0.000  0.000 0.0000000000
86405  0.000  0.000  0.000 0.0000000000
86411  0.000  0.000  0.000 0.0000000000
86412  0.000  0.000  0.000 0.0000000000
86420  0.000  0.000  0.000 0.0000000000
86421  0.000  0.000  0.000 0.0000000000
86431  0.000  0.000  0.000 0.0000000000
86432  0.000  0.000  0.000 0.0000000000
86441  0.000  0.000  0.000 0.0000000000
86442  0.000  0.000  0.000 0.0000000000
86450  0.000  0.000  0.000 0.0000000000
86457  0.000  0.000  0.000 0.0000000000
86458  0.000  0.000  0.000 0.0000000000
86459  0.000  0.000  0.000 0.0000000000
86462  0.000  0.000  0.000 0.0000000000
86463  0.000  0.000  0.000 0.0000000000
86464  0.000  0.000  0.000 0.0000000000
86465  0.000  0.000  0.000 0.0000000000
86466  0.000  0.000  0.000 0.0000000000
86990  0.000  0.000  0.000 0.0000000000
86991  0.000  0.000  0.000 0.0000000000
86999  0.000  0.000  0.000 0.0000000000
87000  0.000  0.000  0.000 0.0000000000
87001  0.000  0.000  0.000 0.0000000000
87002  0.000  0.000  0.000 0.0000000000
87008  0.000  0.000  0.000 0.0000000000
87009  0.000  0.000  0.000 0.0000000000
87010  0.000  0.000  0.000 0.0000000000
87011  0.000  0.000  0.000 0.0000000000
87017  0.000  0.000  0.000 0.0000000000
87018  0.000  0.000  0.000 0.0000000000
87019  0.000  0.000  0.000 0.0000000000
87026  0.000  0.000  0.000 0.0000000000
87027  0.000  0.000  0.000 0.0000000000
87028  0.000  0.000  0.000 0.0000000000
87029  0.000  0.000  0.000 0.0000000000
87037  0.000  0.000  0.000 0.0000000000
87038  0.000  0.000  0.000 0.0000000000
87039  0.000  0.000  0.000 0.0000000000
87040  0.000  0.000  0.000 0.0000000000
87047  0.000  0.000  0.000 0.0000000000
87048  0.000  0.000  0.000 0.0000000000
87049  0.000  0.000  0.000 0.0000000000
87050  0.000  0.000  0.000 0.0000000000
87061  0.000  0.000  0.000 0.0000000000
87062  0.000  0.000  0.000 0.0000000000
87076  0.000  0.000  0.000 0.0000000000
87077  0.000  0.000  0.000 0.0000000000
87089  0.000  0.000  0.000 0.0000000000
87090  0.000  0.000  0.000 0.0000000000
87095  0.000  0.000  0.000 0.0000000000
87096  0.000  0.000  0.000 0.0000000000
87102  0.000  0.000  0.000 0.0000000000
87103  0.000  0.000  0.000 0.0000000000
87112  0.000  0.000  0.000 0.0000000000
87113  0.000  0.000  0.000 0.0000000000
87121  0.000  0.000  0.000 0.0000000000
87122  0.000  0.000  0.000 0.0000000000
87129  0.000  0.000  0.000 0.0000000000
87130  0.000  0.000  0.000 0.0000000000
87138  0.000  0.000  0.000 0.0000000000
87139  0.000  0.000  0.000 0.0000000000
87140  0.000  0.000  0.000 0.0000000000
87143  0.000  0.000  0.000 0.0000000000
87144  0.000  0.000  0.000 0.0000000000
87145  0.000  0.000  0.000 0.0000000000
87146  0.000  0.000  0.000 0.0000000000
87654  0.000  0.000  0.000 0.0000000000
87655  0.000  0.000  0.000 0.0000000000
87661  0.000  0.000  0.000 0.0000000000
87662  0.000  0.000  0.000 0.0000000000
87663  0.000  0.000  0.000 0.0000000000
87664  0.000  0.000  0.000 0.0000000000
87669  0.000  0.000  0.000 0.0000000000
87670  0.000  0.000  0.000 0.0000000000
87671  0.000  0.000  0.000 0.0000000000
87672  0.000  0.000  0.000 0.0000000000
87678  0.000  0.000  0.000 0.0000000000
87679  0.000  0.000  0.000 0.0000000000
87680  0.000  0.000  0.000 0.0000000000
87681  0.000  0.000  0.000 0.0000000000
87690  0.000  0.000  0.000 0.0000000000
87691  0.000  0.000  0.000 0.0000000000
87692  0.000  0.000  0.000 0.0000000000
87700  0.000  0.000  0.000 0.0000000000
87701  0.000  0.000  0.000 0.0000000000
87702  0.000  0.000  0.000 0.0000000000
87712  0.000  0.000  0.000 0.0000000000
87713  0.000  0.000  0.000 0.0000000000
87724  0.000  0.000  0.000 0.0000000000
87725  0.000  0.000  0.000 0.0000000000
87737  0.000  0.000  0.000 0.0000000000
87738  0.000  0.000  0.000 0.0000000000
87744  0.000  0.000  0.000 0.0000000000
87745  0.000  0.000  0.000 0.0000000000
87752  0.000  0.000  0.000 0.0000000000
87753  0.000  0.000  0.000 0.0000000000
87754  0.000  0.000  0.000 0.0000000000
87763  0.000  0.000  0.000 0.0000000000
87764  0.000  0.000  0.000 0.0000000000
87773  0.000  0.000  0.000 0.0000000000
87774  0.000  0.000  0.000 0.0000000000
87775  0.000  0.000  0.000 0.0000000000
87782  0.000  0.000  0.000 0.0000000000
87783  0.000  0.000  0.000 0.0000000000
87791  0.000  0.000  0.000 0.0000000000
87792  0.000  0.000  0.000 0.0000000000
87793  0.000  0.000  0.000 0.0000000000
87797  0.000  0.000  0.000 0.0000000000
87798  0.000  0.000  0.000 0.0000000000
88311  0.000  0.000  0.000 0.0000000000
88312  0.000  0.000  0.000 0.0000000000
88313  0.000  0.000  0.000 0.0000000000
88319  0.000  0.000  0.000 0.0000000000
88320  0.000  0.000  0.000 0.0000000000
88321  0.000  0.000  0.000 0.0000000000
88322  0.000  0.000  0.000 0.0000000000
88328  0.000  0.000  0.000 0.0000000000
88329  0.000  0.000  0.000 0.0000000000
88330  0.000  0.000  0.000 0.0000000000
88331  0.000  0.000  0.000 0.0000000000
88338  0.000  0.000  0.000 0.0000000000
88339  0.000  0.000  0.000 0.0000000000
88340  0.000  0.000  0.000 0.0000000000
88341  0.000  0.000  0.000 0.0000000000
88350  0.000  0.000  0.000 0.0000000000
88351  0.000  0.000  0.000 0.0000000000
88360  0.000  0.000  0.000 0.0000000000
88361  0.000  0.000  0.000 0.0000000000
88371  0.000  0.000  0.000 0.0000000000
88372  0.000  0.000  0.000 0.0000000000
88384  0.000  0.000  0.000 0.0000000000
88385  0.000  0.000  0.000 0.0000000000
88390  0.000  0.000  0.000 0.0000000000
88391  0.000  0.000  0.000 0.0000000000
88397  0.000  0.000  0.000 0.0000000000
88398  0.000  0.000  0.000 0.0000000000
88407  0.000  0.000  0.000 0.0000000000
88417  0.000  0.000  0.000 0.0000000000
88418  0.000  0.000  0.000 0.0000000000
88428  0.000  0.000  0.000 0.0000000000
88437  0.000  0.000  0.000 0.0000000000
88911  0.000  0.000  0.000 0.0000000000
88912  0.000  0.000  0.000 0.0000000000
88913  0.000  0.000  0.000 0.0000000000
88918  0.000  0.000  0.000 0.0000000000
88919  0.000  0.000  0.000 0.0000000000
88920  0.000  0.000  0.000 0.0000000000
88921  0.000  0.000  0.000 0.0000000000
88927  0.000  0.000  0.000 0.0000000000
88928  0.000  0.000  0.000 0.0000000000
88929  0.000  0.000  0.000 0.0000000000
88930  0.000  0.000  0.000 0.0000000000
88940  0.000  0.000  0.000 0.0000000000
88941  0.000  0.000  0.000 0.0000000000
88951  0.000  0.000  0.000 0.0000000000
88952  0.000  0.000  0.000 0.0000000000
88964  0.000  0.000  0.000 0.0000000000
88965  0.000  0.000  0.000 0.0000000000
88977  0.000  0.000  0.000 0.0000000000
88978  0.000  0.000  0.000 0.0000000000
88986  0.000  0.000  0.000 0.0000000000
88987  0.000  0.000  0.000 0.0000000000
88994  0.000  0.000  0.000 0.0000000000
89488  0.000  0.000  0.000 0.0000000000
89489  0.000  0.000  0.000 0.0000000000
89490  0.000  0.000  0.000 0.0000000000
89498  0.000  0.000  0.000 0.0000000000
89499  0.000  0.000  0.000 0.0000000000
89500  0.000  0.000  0.000 0.0000000000
89510  0.000  0.000  0.000 0.0000000000
89511  0.000  0.000  0.000 0.0000000000
89520  0.000  0.000  0.000 0.0000000000
89521  0.000  0.000  0.000 0.0000000000
89534  0.000  0.000  0.000 0.0000000000
89535  0.000  0.000  0.000 0.0000000000
