#!ascii label  , from subject Woofsurfer vox2ras=TkReg coords=white
1304
572  0.000  0.000  0.000 0.0000000000
573  0.000  0.000  0.000 0.0000000000
581  0.000  0.000  0.000 0.0000000000
582  0.000  0.000  0.000 0.0000000000
589  0.000  0.000  0.000 0.0000000000
590  0.000  0.000  0.000 0.0000000000
598  0.000  0.000  0.000 0.0000000000
599  0.000  0.000  0.000 0.0000000000
607  0.000  0.000  0.000 0.0000000000
615  0.000  0.000  0.000 0.0000000000
741  0.000  0.000  0.000 0.0000000000
750  0.000  0.000  0.000 0.0000000000
751  0.000  0.000  0.000 0.0000000000
759  0.000  0.000  0.000 0.0000000000
760  0.000  0.000  0.000 0.0000000000
768  0.000  0.000  0.000 0.0000000000
769  0.000  0.000  0.000 0.0000000000
776  0.000  0.000  0.000 0.0000000000
777  0.000  0.000  0.000 0.0000000000
778  0.000  0.000  0.000 0.0000000000
783  0.000  0.000  0.000 0.0000000000
784  0.000  0.000  0.000 0.0000000000
787  0.000  0.000  0.000 0.0000000000
788  0.000  0.000  0.000 0.0000000000
791  0.000  0.000  0.000 0.0000000000
792  0.000  0.000  0.000 0.0000000000
795  0.000  0.000  0.000 0.0000000000
796  0.000  0.000  0.000 0.0000000000
797  0.000  0.000  0.000 0.0000000000
798  0.000  0.000  0.000 0.0000000000
800  0.000  0.000  0.000 0.0000000000
801  0.000  0.000  0.000 0.0000000000
802  0.000  0.000  0.000 0.0000000000
805  0.000  0.000  0.000 0.0000000000
806  0.000  0.000  0.000 0.0000000000
807  0.000  0.000  0.000 0.0000000000
813  0.000  0.000  0.000 0.0000000000
814  0.000  0.000  0.000 0.0000000000
821  0.000  0.000  0.000 0.0000000000
822  0.000  0.000  0.000 0.0000000000
833  0.000  0.000  0.000 0.0000000000
834  0.000  0.000  0.000 0.0000000000
843  0.000  0.000  0.000 0.0000000000
844  0.000  0.000  0.000 0.0000000000
949  0.000  0.000  0.000 0.0000000000
957  0.000  0.000  0.000 0.0000000000
958  0.000  0.000  0.000 0.0000000000
965  0.000  0.000  0.000 0.0000000000
966  0.000  0.000  0.000 0.0000000000
967  0.000  0.000  0.000 0.0000000000
976  0.000  0.000  0.000 0.0000000000
977  0.000  0.000  0.000 0.0000000000
978  0.000  0.000  0.000 0.0000000000
987  0.000  0.000  0.000 0.0000000000
988  0.000  0.000  0.000 0.0000000000
996  0.000  0.000  0.000 0.0000000000
997  0.000  0.000  0.000 0.0000000000
1003  0.000  0.000  0.000 0.0000000000
1004  0.000  0.000  0.000 0.0000000000
1005  0.000  0.000  0.000 0.0000000000
1007  0.000  0.000  0.000 0.0000000000
1008  0.000  0.000  0.000 0.0000000000
1010  0.000  0.000  0.000 0.0000000000
1011  0.000  0.000  0.000 0.0000000000
1012  0.000  0.000  0.000 0.0000000000
1015  0.000  0.000  0.000 0.0000000000
1016  0.000  0.000  0.000 0.0000000000
1017  0.000  0.000  0.000 0.0000000000
1020  0.000  0.000  0.000 0.0000000000
1021  0.000  0.000  0.000 0.0000000000
1022  0.000  0.000  0.000 0.0000000000
1023  0.000  0.000  0.000 0.0000000000
1028  0.000  0.000  0.000 0.0000000000
1029  0.000  0.000  0.000 0.0000000000
1030  0.000  0.000  0.000 0.0000000000
1036  0.000  0.000  0.000 0.0000000000
1037  0.000  0.000  0.000 0.0000000000
1038  0.000  0.000  0.000 0.0000000000
1046  0.000  0.000  0.000 0.0000000000
1047  0.000  0.000  0.000 0.0000000000
1058  0.000  0.000  0.000 0.0000000000
1059  0.000  0.000  0.000 0.0000000000
1060  0.000  0.000  0.000 0.0000000000
1072  0.000  0.000  0.000 0.0000000000
1073  0.000  0.000  0.000 0.0000000000
1082  0.000  0.000  0.000 0.0000000000
1083  0.000  0.000  0.000 0.0000000000
1091  0.000  0.000  0.000 0.0000000000
1092  0.000  0.000  0.000 0.0000000000
1093  0.000  0.000  0.000 0.0000000000
1098  0.000  0.000  0.000 0.0000000000
1099  0.000  0.000  0.000 0.0000000000
1196  0.000  0.000  0.000 0.0000000000
1197  0.000  0.000  0.000 0.0000000000
1204  0.000  0.000  0.000 0.0000000000
1205  0.000  0.000  0.000 0.0000000000
1212  0.000  0.000  0.000 0.0000000000
1213  0.000  0.000  0.000 0.0000000000
1221  0.000  0.000  0.000 0.0000000000
1222  0.000  0.000  0.000 0.0000000000
1223  0.000  0.000  0.000 0.0000000000
1232  0.000  0.000  0.000 0.0000000000
1233  0.000  0.000  0.000 0.0000000000
1241  0.000  0.000  0.000 0.0000000000
1250  0.000  0.000  0.000 0.0000000000
1251  0.000  0.000  0.000 0.0000000000
1257  0.000  0.000  0.000 0.0000000000
1258  0.000  0.000  0.000 0.0000000000
1265  0.000  0.000  0.000 0.0000000000
1272  0.000  0.000  0.000 0.0000000000
1273  0.000  0.000  0.000 0.0000000000
1274  0.000  0.000  0.000 0.0000000000
1281  0.000  0.000  0.000 0.0000000000
1282  0.000  0.000  0.000 0.0000000000
1288  0.000  0.000  0.000 0.0000000000
1289  0.000  0.000  0.000 0.0000000000
1290  0.000  0.000  0.000 0.0000000000
1297  0.000  0.000  0.000 0.0000000000
1298  0.000  0.000  0.000 0.0000000000
1306  0.000  0.000  0.000 0.0000000000
1307  0.000  0.000  0.000 0.0000000000
1317  0.000  0.000  0.000 0.0000000000
1318  0.000  0.000  0.000 0.0000000000
1328  0.000  0.000  0.000 0.0000000000
1329  0.000  0.000  0.000 0.0000000000
1335  0.000  0.000  0.000 0.0000000000
1336  0.000  0.000  0.000 0.0000000000
1341  0.000  0.000  0.000 0.0000000000
1342  0.000  0.000  0.000 0.0000000000
1350  0.000  0.000  0.000 0.0000000000
1351  0.000  0.000  0.000 0.0000000000
1352  0.000  0.000  0.000 0.0000000000
1358  0.000  0.000  0.000 0.0000000000
1359  0.000  0.000  0.000 0.0000000000
1362  0.000  0.000  0.000 0.0000000000
1363  0.000  0.000  0.000 0.0000000000
1455  0.000  0.000  0.000 0.0000000000
1462  0.000  0.000  0.000 0.0000000000
1470  0.000  0.000  0.000 0.0000000000
1471  0.000  0.000  0.000 0.0000000000
1478  0.000  0.000  0.000 0.0000000000
1479  0.000  0.000  0.000 0.0000000000
1488  0.000  0.000  0.000 0.0000000000
1489  0.000  0.000  0.000 0.0000000000
1500  0.000  0.000  0.000 0.0000000000
1501  0.000  0.000  0.000 0.0000000000
1514  0.000  0.000  0.000 0.0000000000
1526  0.000  0.000  0.000 0.0000000000
1536  0.000  0.000  0.000 0.0000000000
1537  0.000  0.000  0.000 0.0000000000
1547  0.000  0.000  0.000 0.0000000000
1548  0.000  0.000  0.000 0.0000000000
1549  0.000  0.000  0.000 0.0000000000
1559  0.000  0.000  0.000 0.0000000000
1560  0.000  0.000  0.000 0.0000000000
1561  0.000  0.000  0.000 0.0000000000
1569  0.000  0.000  0.000 0.0000000000
1570  0.000  0.000  0.000 0.0000000000
1571  0.000  0.000  0.000 0.0000000000
1572  0.000  0.000  0.000 0.0000000000
1573  0.000  0.000  0.000 0.0000000000
1584  0.000  0.000  0.000 0.0000000000
1585  0.000  0.000  0.000 0.0000000000
1586  0.000  0.000  0.000 0.0000000000
1587  0.000  0.000  0.000 0.0000000000
1588  0.000  0.000  0.000 0.0000000000
1601  0.000  0.000  0.000 0.0000000000
1602  0.000  0.000  0.000 0.0000000000
1603  0.000  0.000  0.000 0.0000000000
1604  0.000  0.000  0.000 0.0000000000
1605  0.000  0.000  0.000 0.0000000000
1606  0.000  0.000  0.000 0.0000000000
1615  0.000  0.000  0.000 0.0000000000
1616  0.000  0.000  0.000 0.0000000000
1617  0.000  0.000  0.000 0.0000000000
1618  0.000  0.000  0.000 0.0000000000
1619  0.000  0.000  0.000 0.0000000000
1620  0.000  0.000  0.000 0.0000000000
1629  0.000  0.000  0.000 0.0000000000
1630  0.000  0.000  0.000 0.0000000000
1631  0.000  0.000  0.000 0.0000000000
1632  0.000  0.000  0.000 0.0000000000
1640  0.000  0.000  0.000 0.0000000000
1641  0.000  0.000  0.000 0.0000000000
1642  0.000  0.000  0.000 0.0000000000
1649  0.000  0.000  0.000 0.0000000000
1653  0.000  0.000  0.000 0.0000000000
1654  0.000  0.000  0.000 0.0000000000
1657  0.000  0.000  0.000 0.0000000000
1658  0.000  0.000  0.000 0.0000000000
1666  0.000  0.000  0.000 0.0000000000
1667  0.000  0.000  0.000 0.0000000000
1676  0.000  0.000  0.000 0.0000000000
1677  0.000  0.000  0.000 0.0000000000
1682  0.000  0.000  0.000 0.0000000000
1683  0.000  0.000  0.000 0.0000000000
1685  0.000  0.000  0.000 0.0000000000
1686  0.000  0.000  0.000 0.0000000000
1687  0.000  0.000  0.000 0.0000000000
1691  0.000  0.000  0.000 0.0000000000
1692  0.000  0.000  0.000 0.0000000000
1696  0.000  0.000  0.000 0.0000000000
1697  0.000  0.000  0.000 0.0000000000
1701  0.000  0.000  0.000 0.0000000000
1702  0.000  0.000  0.000 0.0000000000
1779  0.000  0.000  0.000 0.0000000000
1780  0.000  0.000  0.000 0.0000000000
1787  0.000  0.000  0.000 0.0000000000
1788  0.000  0.000  0.000 0.0000000000
1796  0.000  0.000  0.000 0.0000000000
1797  0.000  0.000  0.000 0.0000000000
1806  0.000  0.000  0.000 0.0000000000
1807  0.000  0.000  0.000 0.0000000000
1815  0.000  0.000  0.000 0.0000000000
1816  0.000  0.000  0.000 0.0000000000
1826  0.000  0.000  0.000 0.0000000000
1837  0.000  0.000  0.000 0.0000000000
1838  0.000  0.000  0.000 0.0000000000
1847  0.000  0.000  0.000 0.0000000000
1848  0.000  0.000  0.000 0.0000000000
1851  0.000  0.000  0.000 0.0000000000
1852  0.000  0.000  0.000 0.0000000000
1860  0.000  0.000  0.000 0.0000000000
1861  0.000  0.000  0.000 0.0000000000
1871  0.000  0.000  0.000 0.0000000000
1872  0.000  0.000  0.000 0.0000000000
1909  0.000  0.000  0.000 0.0000000000
1910  0.000  0.000  0.000 0.0000000000
1920  0.000  0.000  0.000 0.0000000000
1921  0.000  0.000  0.000 0.0000000000
1922  0.000  0.000  0.000 0.0000000000
1923  0.000  0.000  0.000 0.0000000000
1924  0.000  0.000  0.000 0.0000000000
1930  0.000  0.000  0.000 0.0000000000
1931  0.000  0.000  0.000 0.0000000000
1932  0.000  0.000  0.000 0.0000000000
1933  0.000  0.000  0.000 0.0000000000
1934  0.000  0.000  0.000 0.0000000000
1935  0.000  0.000  0.000 0.0000000000
1936  0.000  0.000  0.000 0.0000000000
1944  0.000  0.000  0.000 0.0000000000
1945  0.000  0.000  0.000 0.0000000000
1946  0.000  0.000  0.000 0.0000000000
1947  0.000  0.000  0.000 0.0000000000
1948  0.000  0.000  0.000 0.0000000000
1949  0.000  0.000  0.000 0.0000000000
1950  0.000  0.000  0.000 0.0000000000
1951  0.000  0.000  0.000 0.0000000000
1960  0.000  0.000  0.000 0.0000000000
1961  0.000  0.000  0.000 0.0000000000
1962  0.000  0.000  0.000 0.0000000000
1963  0.000  0.000  0.000 0.0000000000
1964  0.000  0.000  0.000 0.0000000000
1965  0.000  0.000  0.000 0.0000000000
1966  0.000  0.000  0.000 0.0000000000
1970  0.000  0.000  0.000 0.0000000000
1971  0.000  0.000  0.000 0.0000000000
1975  0.000  0.000  0.000 0.0000000000
1976  0.000  0.000  0.000 0.0000000000
1979  0.000  0.000  0.000 0.0000000000
1980  0.000  0.000  0.000 0.0000000000
1988  0.000  0.000  0.000 0.0000000000
1989  0.000  0.000  0.000 0.0000000000
1998  0.000  0.000  0.000 0.0000000000
1999  0.000  0.000  0.000 0.0000000000
2004  0.000  0.000  0.000 0.0000000000
2005  0.000  0.000  0.000 0.0000000000
2006  0.000  0.000  0.000 0.0000000000
2009  0.000  0.000  0.000 0.0000000000
2010  0.000  0.000  0.000 0.0000000000
2012  0.000  0.000  0.000 0.0000000000
2013  0.000  0.000  0.000 0.0000000000
2016  0.000  0.000  0.000 0.0000000000
2017  0.000  0.000  0.000 0.0000000000
2018  0.000  0.000  0.000 0.0000000000
2021  0.000  0.000  0.000 0.0000000000
2022  0.000  0.000  0.000 0.0000000000
2023  0.000  0.000  0.000 0.0000000000
2025  0.000  0.000  0.000 0.0000000000
2026  0.000  0.000  0.000 0.0000000000
2027  0.000  0.000  0.000 0.0000000000
2101  0.000  0.000  0.000 0.0000000000
2102  0.000  0.000  0.000 0.0000000000
2109  0.000  0.000  0.000 0.0000000000
2110  0.000  0.000  0.000 0.0000000000
2118  0.000  0.000  0.000 0.0000000000
2126  0.000  0.000  0.000 0.0000000000
2127  0.000  0.000  0.000 0.0000000000
2135  0.000  0.000  0.000 0.0000000000
2142  0.000  0.000  0.000 0.0000000000
2143  0.000  0.000  0.000 0.0000000000
2152  0.000  0.000  0.000 0.0000000000
2153  0.000  0.000  0.000 0.0000000000
2162  0.000  0.000  0.000 0.0000000000
2163  0.000  0.000  0.000 0.0000000000
2170  0.000  0.000  0.000 0.0000000000
2171  0.000  0.000  0.000 0.0000000000
2172  0.000  0.000  0.000 0.0000000000
2177  0.000  0.000  0.000 0.0000000000
2178  0.000  0.000  0.000 0.0000000000
2220  0.000  0.000  0.000 0.0000000000
2221  0.000  0.000  0.000 0.0000000000
2222  0.000  0.000  0.000 0.0000000000
2223  0.000  0.000  0.000 0.0000000000
2224  0.000  0.000  0.000 0.0000000000
2225  0.000  0.000  0.000 0.0000000000
2235  0.000  0.000  0.000 0.0000000000
2236  0.000  0.000  0.000 0.0000000000
2237  0.000  0.000  0.000 0.0000000000
2238  0.000  0.000  0.000 0.0000000000
2239  0.000  0.000  0.000 0.0000000000
2240  0.000  0.000  0.000 0.0000000000
2241  0.000  0.000  0.000 0.0000000000
2250  0.000  0.000  0.000 0.0000000000
2251  0.000  0.000  0.000 0.0000000000
2252  0.000  0.000  0.000 0.0000000000
2253  0.000  0.000  0.000 0.0000000000
2254  0.000  0.000  0.000 0.0000000000
2255  0.000  0.000  0.000 0.0000000000
2256  0.000  0.000  0.000 0.0000000000
2257  0.000  0.000  0.000 0.0000000000
2261  0.000  0.000  0.000 0.0000000000
2262  0.000  0.000  0.000 0.0000000000
2263  0.000  0.000  0.000 0.0000000000
2270  0.000  0.000  0.000 0.0000000000
2271  0.000  0.000  0.000 0.0000000000
2281  0.000  0.000  0.000 0.0000000000
2282  0.000  0.000  0.000 0.0000000000
2289  0.000  0.000  0.000 0.0000000000
2290  0.000  0.000  0.000 0.0000000000
2297  0.000  0.000  0.000 0.0000000000
2300  0.000  0.000  0.000 0.0000000000
2301  0.000  0.000  0.000 0.0000000000
2304  0.000  0.000  0.000 0.0000000000
2305  0.000  0.000  0.000 0.0000000000
2307  0.000  0.000  0.000 0.0000000000
2308  0.000  0.000  0.000 0.0000000000
2310  0.000  0.000  0.000 0.0000000000
2311  0.000  0.000  0.000 0.0000000000
2312  0.000  0.000  0.000 0.0000000000
2316  0.000  0.000  0.000 0.0000000000
2382  0.000  0.000  0.000 0.0000000000
2383  0.000  0.000  0.000 0.0000000000
2391  0.000  0.000  0.000 0.0000000000
2392  0.000  0.000  0.000 0.0000000000
2399  0.000  0.000  0.000 0.0000000000
2400  0.000  0.000  0.000 0.0000000000
2406  0.000  0.000  0.000 0.0000000000
2414  0.000  0.000  0.000 0.0000000000
2421  0.000  0.000  0.000 0.0000000000
2422  0.000  0.000  0.000 0.0000000000
2577  0.000  0.000  0.000 0.0000000000
2578  0.000  0.000  0.000 0.0000000000
2579  0.000  0.000  0.000 0.0000000000
2580  0.000  0.000  0.000 0.0000000000
2581  0.000  0.000  0.000 0.0000000000
2582  0.000  0.000  0.000 0.0000000000
2583  0.000  0.000  0.000 0.0000000000
2593  0.000  0.000  0.000 0.0000000000
2594  0.000  0.000  0.000 0.0000000000
2595  0.000  0.000  0.000 0.0000000000
2596  0.000  0.000  0.000 0.0000000000
2597  0.000  0.000  0.000 0.0000000000
2598  0.000  0.000  0.000 0.0000000000
2599  0.000  0.000  0.000 0.0000000000
2608  0.000  0.000  0.000 0.0000000000
2609  0.000  0.000  0.000 0.0000000000
2610  0.000  0.000  0.000 0.0000000000
2611  0.000  0.000  0.000 0.0000000000
2612  0.000  0.000  0.000 0.0000000000
2621  0.000  0.000  0.000 0.0000000000
2622  0.000  0.000  0.000 0.0000000000
2631  0.000  0.000  0.000 0.0000000000
2632  0.000  0.000  0.000 0.0000000000
2642  0.000  0.000  0.000 0.0000000000
2649  0.000  0.000  0.000 0.0000000000
2650  0.000  0.000  0.000 0.0000000000
2656  0.000  0.000  0.000 0.0000000000
2657  0.000  0.000  0.000 0.0000000000
2660  0.000  0.000  0.000 0.0000000000
2661  0.000  0.000  0.000 0.0000000000
2664  0.000  0.000  0.000 0.0000000000
2665  0.000  0.000  0.000 0.0000000000
2668  0.000  0.000  0.000 0.0000000000
2669  0.000  0.000  0.000 0.0000000000
2673  0.000  0.000  0.000 0.0000000000
2734  0.000  0.000  0.000 0.0000000000
2740  0.000  0.000  0.000 0.0000000000
2741  0.000  0.000  0.000 0.0000000000
2748  0.000  0.000  0.000 0.0000000000
2754  0.000  0.000  0.000 0.0000000000
2761  0.000  0.000  0.000 0.0000000000
2769  0.000  0.000  0.000 0.0000000000
2956  0.000  0.000  0.000 0.0000000000
2957  0.000  0.000  0.000 0.0000000000
2958  0.000  0.000  0.000 0.0000000000
2959  0.000  0.000  0.000 0.0000000000
2971  0.000  0.000  0.000 0.0000000000
2972  0.000  0.000  0.000 0.0000000000
2973  0.000  0.000  0.000 0.0000000000
2974  0.000  0.000  0.000 0.0000000000
2975  0.000  0.000  0.000 0.0000000000
2976  0.000  0.000  0.000 0.0000000000
2986  0.000  0.000  0.000 0.0000000000
2987  0.000  0.000  0.000 0.0000000000
2988  0.000  0.000  0.000 0.0000000000
2989  0.000  0.000  0.000 0.0000000000
2990  0.000  0.000  0.000 0.0000000000
2991  0.000  0.000  0.000 0.0000000000
2998  0.000  0.000  0.000 0.0000000000
2999  0.000  0.000  0.000 0.0000000000
3000  0.000  0.000  0.000 0.0000000000
3011  0.000  0.000  0.000 0.0000000000
3012  0.000  0.000  0.000 0.0000000000
3022  0.000  0.000  0.000 0.0000000000
3023  0.000  0.000  0.000 0.0000000000
3030  0.000  0.000  0.000 0.0000000000
3031  0.000  0.000  0.000 0.0000000000
3034  0.000  0.000  0.000 0.0000000000
3037  0.000  0.000  0.000 0.0000000000
3040  0.000  0.000  0.000 0.0000000000
3041  0.000  0.000  0.000 0.0000000000
3045  0.000  0.000  0.000 0.0000000000
3046  0.000  0.000  0.000 0.0000000000
3113  0.000  0.000  0.000 0.0000000000
3114  0.000  0.000  0.000 0.0000000000
3121  0.000  0.000  0.000 0.0000000000
3127  0.000  0.000  0.000 0.0000000000
3134  0.000  0.000  0.000 0.0000000000
3141  0.000  0.000  0.000 0.0000000000
3148  0.000  0.000  0.000 0.0000000000
3327  0.000  0.000  0.000 0.0000000000
3328  0.000  0.000  0.000 0.0000000000
3329  0.000  0.000  0.000 0.0000000000
3330  0.000  0.000  0.000 0.0000000000
3331  0.000  0.000  0.000 0.0000000000
3342  0.000  0.000  0.000 0.0000000000
3343  0.000  0.000  0.000 0.0000000000
3344  0.000  0.000  0.000 0.0000000000
3345  0.000  0.000  0.000 0.0000000000
3346  0.000  0.000  0.000 0.0000000000
3355  0.000  0.000  0.000 0.0000000000
3356  0.000  0.000  0.000 0.0000000000
3357  0.000  0.000  0.000 0.0000000000
3369  0.000  0.000  0.000 0.0000000000
3370  0.000  0.000  0.000 0.0000000000
3371  0.000  0.000  0.000 0.0000000000
3383  0.000  0.000  0.000 0.0000000000
3384  0.000  0.000  0.000 0.0000000000
3393  0.000  0.000  0.000 0.0000000000
3394  0.000  0.000  0.000 0.0000000000
3397  0.000  0.000  0.000 0.0000000000
3400  0.000  0.000  0.000 0.0000000000
3402  0.000  0.000  0.000 0.0000000000
3403  0.000  0.000  0.000 0.0000000000
3405  0.000  0.000  0.000 0.0000000000
3406  0.000  0.000  0.000 0.0000000000
3469  0.000  0.000  0.000 0.0000000000
3470  0.000  0.000  0.000 0.0000000000
3477  0.000  0.000  0.000 0.0000000000
3478  0.000  0.000  0.000 0.0000000000
3484  0.000  0.000  0.000 0.0000000000
3489  0.000  0.000  0.000 0.0000000000
3495  0.000  0.000  0.000 0.0000000000
3502  0.000  0.000  0.000 0.0000000000
3797  0.000  0.000  0.000 0.0000000000
3798  0.000  0.000  0.000 0.0000000000
3799  0.000  0.000  0.000 0.0000000000
3800  0.000  0.000  0.000 0.0000000000
3810  0.000  0.000  0.000 0.0000000000
3811  0.000  0.000  0.000 0.0000000000
3812  0.000  0.000  0.000 0.0000000000
3813  0.000  0.000  0.000 0.0000000000
3814  0.000  0.000  0.000 0.0000000000
3822  0.000  0.000  0.000 0.0000000000
3823  0.000  0.000  0.000 0.0000000000
3824  0.000  0.000  0.000 0.0000000000
3825  0.000  0.000  0.000 0.0000000000
3826  0.000  0.000  0.000 0.0000000000
3838  0.000  0.000  0.000 0.0000000000
3839  0.000  0.000  0.000 0.0000000000
3853  0.000  0.000  0.000 0.0000000000
3854  0.000  0.000  0.000 0.0000000000
3861  0.000  0.000  0.000 0.0000000000
3865  0.000  0.000  0.000 0.0000000000
3868  0.000  0.000  0.000 0.0000000000
3871  0.000  0.000  0.000 0.0000000000
3872  0.000  0.000  0.000 0.0000000000
3875  0.000  0.000  0.000 0.0000000000
3876  0.000  0.000  0.000 0.0000000000
3879  0.000  0.000  0.000 0.0000000000
3946  0.000  0.000  0.000 0.0000000000
3947  0.000  0.000  0.000 0.0000000000
3954  0.000  0.000  0.000 0.0000000000
3959  0.000  0.000  0.000 0.0000000000
3964  0.000  0.000  0.000 0.0000000000
3971  0.000  0.000  0.000 0.0000000000
4250  0.000  0.000  0.000 0.0000000000
4251  0.000  0.000  0.000 0.0000000000
4260  0.000  0.000  0.000 0.0000000000
4261  0.000  0.000  0.000 0.0000000000
4262  0.000  0.000  0.000 0.0000000000
4263  0.000  0.000  0.000 0.0000000000
4264  0.000  0.000  0.000 0.0000000000
4272  0.000  0.000  0.000 0.0000000000
4273  0.000  0.000  0.000 0.0000000000
4274  0.000  0.000  0.000 0.0000000000
4275  0.000  0.000  0.000 0.0000000000
4276  0.000  0.000  0.000 0.0000000000
4277  0.000  0.000  0.000 0.0000000000
4292  0.000  0.000  0.000 0.0000000000
4293  0.000  0.000  0.000 0.0000000000
4294  0.000  0.000  0.000 0.0000000000
4309  0.000  0.000  0.000 0.0000000000
4310  0.000  0.000  0.000 0.0000000000
4314  0.000  0.000  0.000 0.0000000000
4317  0.000  0.000  0.000 0.0000000000
4319  0.000  0.000  0.000 0.0000000000
4321  0.000  0.000  0.000 0.0000000000
4322  0.000  0.000  0.000 0.0000000000
4324  0.000  0.000  0.000 0.0000000000
4325  0.000  0.000  0.000 0.0000000000
4392  0.000  0.000  0.000 0.0000000000
4393  0.000  0.000  0.000 0.0000000000
4400  0.000  0.000  0.000 0.0000000000
4401  0.000  0.000  0.000 0.0000000000
4407  0.000  0.000  0.000 0.0000000000
4411  0.000  0.000  0.000 0.0000000000
4417  0.000  0.000  0.000 0.0000000000
4424  0.000  0.000  0.000 0.0000000000
4645  0.000  0.000  0.000 0.0000000000
4653  0.000  0.000  0.000 0.0000000000
4654  0.000  0.000  0.000 0.0000000000
4655  0.000  0.000  0.000 0.0000000000
4656  0.000  0.000  0.000 0.0000000000
4657  0.000  0.000  0.000 0.0000000000
4665  0.000  0.000  0.000 0.0000000000
4666  0.000  0.000  0.000 0.0000000000
4667  0.000  0.000  0.000 0.0000000000
4668  0.000  0.000  0.000 0.0000000000
4669  0.000  0.000  0.000 0.0000000000
4686  0.000  0.000  0.000 0.0000000000
4687  0.000  0.000  0.000 0.0000000000
4702  0.000  0.000  0.000 0.0000000000
4711  0.000  0.000  0.000 0.0000000000
4714  0.000  0.000  0.000 0.0000000000
4716  0.000  0.000  0.000 0.0000000000
4718  0.000  0.000  0.000 0.0000000000
4719  0.000  0.000  0.000 0.0000000000
4721  0.000  0.000  0.000 0.0000000000
4722  0.000  0.000  0.000 0.0000000000
4788  0.000  0.000  0.000 0.0000000000
4794  0.000  0.000  0.000 0.0000000000
4795  0.000  0.000  0.000 0.0000000000
4801  0.000  0.000  0.000 0.0000000000
4805  0.000  0.000  0.000 0.0000000000
4811  0.000  0.000  0.000 0.0000000000
4818  0.000  0.000  0.000 0.0000000000
4827  0.000  0.000  0.000 0.0000000000
5055  0.000  0.000  0.000 0.0000000000
5056  0.000  0.000  0.000 0.0000000000
5065  0.000  0.000  0.000 0.0000000000
5066  0.000  0.000  0.000 0.0000000000
5067  0.000  0.000  0.000 0.0000000000
5068  0.000  0.000  0.000 0.0000000000
5069  0.000  0.000  0.000 0.0000000000
5078  0.000  0.000  0.000 0.0000000000
5079  0.000  0.000  0.000 0.0000000000
5080  0.000  0.000  0.000 0.0000000000
5081  0.000  0.000  0.000 0.0000000000
5096  0.000  0.000  0.000 0.0000000000
5097  0.000  0.000  0.000 0.0000000000
5110  0.000  0.000  0.000 0.0000000000
5111  0.000  0.000  0.000 0.0000000000
5121  0.000  0.000  0.000 0.0000000000
5127  0.000  0.000  0.000 0.0000000000
5130  0.000  0.000  0.000 0.0000000000
5132  0.000  0.000  0.000 0.0000000000
5133  0.000  0.000  0.000 0.0000000000
5135  0.000  0.000  0.000 0.0000000000
5202  0.000  0.000  0.000 0.0000000000
5207  0.000  0.000  0.000 0.0000000000
5208  0.000  0.000  0.000 0.0000000000
5213  0.000  0.000  0.000 0.0000000000
5218  0.000  0.000  0.000 0.0000000000
5224  0.000  0.000  0.000 0.0000000000
5231  0.000  0.000  0.000 0.0000000000
5232  0.000  0.000  0.000 0.0000000000
5242  0.000  0.000  0.000 0.0000000000
5466  0.000  0.000  0.000 0.0000000000
5467  0.000  0.000  0.000 0.0000000000
5468  0.000  0.000  0.000 0.0000000000
5474  0.000  0.000  0.000 0.0000000000
5475  0.000  0.000  0.000 0.0000000000
5476  0.000  0.000  0.000 0.0000000000
5477  0.000  0.000  0.000 0.0000000000
5478  0.000  0.000  0.000 0.0000000000
5479  0.000  0.000  0.000 0.0000000000
5490  0.000  0.000  0.000 0.0000000000
5491  0.000  0.000  0.000 0.0000000000
5505  0.000  0.000  0.000 0.0000000000
5506  0.000  0.000  0.000 0.0000000000
5517  0.000  0.000  0.000 0.0000000000
5518  0.000  0.000  0.000 0.0000000000
5528  0.000  0.000  0.000 0.0000000000
5536  0.000  0.000  0.000 0.0000000000
5542  0.000  0.000  0.000 0.0000000000
5543  0.000  0.000  0.000 0.0000000000
5546  0.000  0.000  0.000 0.0000000000
5548  0.000  0.000  0.000 0.0000000000
5620  0.000  0.000  0.000 0.0000000000
5624  0.000  0.000  0.000 0.0000000000
5625  0.000  0.000  0.000 0.0000000000
5631  0.000  0.000  0.000 0.0000000000
5636  0.000  0.000  0.000 0.0000000000
5643  0.000  0.000  0.000 0.0000000000
5650  0.000  0.000  0.000 0.0000000000
5651  0.000  0.000  0.000 0.0000000000
5874  0.000  0.000  0.000 0.0000000000
5875  0.000  0.000  0.000 0.0000000000
5876  0.000  0.000  0.000 0.0000000000
5877  0.000  0.000  0.000 0.0000000000
5878  0.000  0.000  0.000 0.0000000000
5886  0.000  0.000  0.000 0.0000000000
5887  0.000  0.000  0.000 0.0000000000
5888  0.000  0.000  0.000 0.0000000000
5889  0.000  0.000  0.000 0.0000000000
5890  0.000  0.000  0.000 0.0000000000
5891  0.000  0.000  0.000 0.0000000000
5904  0.000  0.000  0.000 0.0000000000
5905  0.000  0.000  0.000 0.0000000000
5918  0.000  0.000  0.000 0.0000000000
5919  0.000  0.000  0.000 0.0000000000
5920  0.000  0.000  0.000 0.0000000000
5930  0.000  0.000  0.000 0.0000000000
5931  0.000  0.000  0.000 0.0000000000
5940  0.000  0.000  0.000 0.0000000000
5948  0.000  0.000  0.000 0.0000000000
5949  0.000  0.000  0.000 0.0000000000
5957  0.000  0.000  0.000 0.0000000000
5963  0.000  0.000  0.000 0.0000000000
6041  0.000  0.000  0.000 0.0000000000
6046  0.000  0.000  0.000 0.0000000000
6051  0.000  0.000  0.000 0.0000000000
6052  0.000  0.000  0.000 0.0000000000
6058  0.000  0.000  0.000 0.0000000000
6063  0.000  0.000  0.000 0.0000000000
6070  0.000  0.000  0.000 0.0000000000
6071  0.000  0.000  0.000 0.0000000000
6079  0.000  0.000  0.000 0.0000000000
6080  0.000  0.000  0.000 0.0000000000
6319  0.000  0.000  0.000 0.0000000000
6320  0.000  0.000  0.000 0.0000000000
6321  0.000  0.000  0.000 0.0000000000
6322  0.000  0.000  0.000 0.0000000000
6323  0.000  0.000  0.000 0.0000000000
6329  0.000  0.000  0.000 0.0000000000
6330  0.000  0.000  0.000 0.0000000000
6331  0.000  0.000  0.000 0.0000000000
6332  0.000  0.000  0.000 0.0000000000
6344  0.000  0.000  0.000 0.0000000000
6345  0.000  0.000  0.000 0.0000000000
6346  0.000  0.000  0.000 0.0000000000
6358  0.000  0.000  0.000 0.0000000000
6359  0.000  0.000  0.000 0.0000000000
6360  0.000  0.000  0.000 0.0000000000
6369  0.000  0.000  0.000 0.0000000000
6370  0.000  0.000  0.000 0.0000000000
6378  0.000  0.000  0.000 0.0000000000
6379  0.000  0.000  0.000 0.0000000000
6387  0.000  0.000  0.000 0.0000000000
6395  0.000  0.000  0.000 0.0000000000
6504  0.000  0.000  0.000 0.0000000000
6510  0.000  0.000  0.000 0.0000000000
6514  0.000  0.000  0.000 0.0000000000
6519  0.000  0.000  0.000 0.0000000000
6520  0.000  0.000  0.000 0.0000000000
6525  0.000  0.000  0.000 0.0000000000
6526  0.000  0.000  0.000 0.0000000000
6532  0.000  0.000  0.000 0.0000000000
6533  0.000  0.000  0.000 0.0000000000
6540  0.000  0.000  0.000 0.0000000000
6541  0.000  0.000  0.000 0.0000000000
6542  0.000  0.000  0.000 0.0000000000
6558  0.000  0.000  0.000 0.0000000000
6836  0.000  0.000  0.000 0.0000000000
6837  0.000  0.000  0.000 0.0000000000
6838  0.000  0.000  0.000 0.0000000000
6842  0.000  0.000  0.000 0.0000000000
6843  0.000  0.000  0.000 0.0000000000
6844  0.000  0.000  0.000 0.0000000000
6845  0.000  0.000  0.000 0.0000000000
6846  0.000  0.000  0.000 0.0000000000
6853  0.000  0.000  0.000 0.0000000000
6854  0.000  0.000  0.000 0.0000000000
6855  0.000  0.000  0.000 0.0000000000
6856  0.000  0.000  0.000 0.0000000000
6869  0.000  0.000  0.000 0.0000000000
6870  0.000  0.000  0.000 0.0000000000
6871  0.000  0.000  0.000 0.0000000000
6886  0.000  0.000  0.000 0.0000000000
6887  0.000  0.000  0.000 0.0000000000
6897  0.000  0.000  0.000 0.0000000000
6905  0.000  0.000  0.000 0.0000000000
6913  0.000  0.000  0.000 0.0000000000
6914  0.000  0.000  0.000 0.0000000000
6921  0.000  0.000  0.000 0.0000000000
6922  0.000  0.000  0.000 0.0000000000
7048  0.000  0.000  0.000 0.0000000000
7054  0.000  0.000  0.000 0.0000000000
7059  0.000  0.000  0.000 0.0000000000
7064  0.000  0.000  0.000 0.0000000000
7069  0.000  0.000  0.000 0.0000000000
7074  0.000  0.000  0.000 0.0000000000
7081  0.000  0.000  0.000 0.0000000000
7087  0.000  0.000  0.000 0.0000000000
7099  0.000  0.000  0.000 0.0000000000
7377  0.000  0.000  0.000 0.0000000000
7378  0.000  0.000  0.000 0.0000000000
7379  0.000  0.000  0.000 0.0000000000
7383  0.000  0.000  0.000 0.0000000000
7384  0.000  0.000  0.000 0.0000000000
7385  0.000  0.000  0.000 0.0000000000
7386  0.000  0.000  0.000 0.0000000000
7387  0.000  0.000  0.000 0.0000000000
7392  0.000  0.000  0.000 0.0000000000
7393  0.000  0.000  0.000 0.0000000000
7394  0.000  0.000  0.000 0.0000000000
7405  0.000  0.000  0.000 0.0000000000
7406  0.000  0.000  0.000 0.0000000000
7407  0.000  0.000  0.000 0.0000000000
7421  0.000  0.000  0.000 0.0000000000
7422  0.000  0.000  0.000 0.0000000000
7431  0.000  0.000  0.000 0.0000000000
7432  0.000  0.000  0.000 0.0000000000
7441  0.000  0.000  0.000 0.0000000000
7442  0.000  0.000  0.000 0.0000000000
7450  0.000  0.000  0.000 0.0000000000
7451  0.000  0.000  0.000 0.0000000000
7624  0.000  0.000  0.000 0.0000000000
7630  0.000  0.000  0.000 0.0000000000
7635  0.000  0.000  0.000 0.0000000000
7641  0.000  0.000  0.000 0.0000000000
7647  0.000  0.000  0.000 0.0000000000
7651  0.000  0.000  0.000 0.0000000000
7658  0.000  0.000  0.000 0.0000000000
7664  0.000  0.000  0.000 0.0000000000
7959  0.000  0.000  0.000 0.0000000000
7960  0.000  0.000  0.000 0.0000000000
7961  0.000  0.000  0.000 0.0000000000
7962  0.000  0.000  0.000 0.0000000000
7965  0.000  0.000  0.000 0.0000000000
7966  0.000  0.000  0.000 0.0000000000
7967  0.000  0.000  0.000 0.0000000000
7968  0.000  0.000  0.000 0.0000000000
7970  0.000  0.000  0.000 0.0000000000
7971  0.000  0.000  0.000 0.0000000000
7972  0.000  0.000  0.000 0.0000000000
7982  0.000  0.000  0.000 0.0000000000
7983  0.000  0.000  0.000 0.0000000000
7996  0.000  0.000  0.000 0.0000000000
7997  0.000  0.000  0.000 0.0000000000
8012  0.000  0.000  0.000 0.0000000000
8013  0.000  0.000  0.000 0.0000000000
8022  0.000  0.000  0.000 0.0000000000
8032  0.000  0.000  0.000 0.0000000000
8184  0.000  0.000  0.000 0.0000000000
8190  0.000  0.000  0.000 0.0000000000
8191  0.000  0.000  0.000 0.0000000000
8197  0.000  0.000  0.000 0.0000000000
8202  0.000  0.000  0.000 0.0000000000
8207  0.000  0.000  0.000 0.0000000000
8212  0.000  0.000  0.000 0.0000000000
8218  0.000  0.000  0.000 0.0000000000
8225  0.000  0.000  0.000 0.0000000000
8226  0.000  0.000  0.000 0.0000000000
8239  0.000  0.000  0.000 0.0000000000
8240  0.000  0.000  0.000 0.0000000000
8520  0.000  0.000  0.000 0.0000000000
8521  0.000  0.000  0.000 0.0000000000
8522  0.000  0.000  0.000 0.0000000000
8527  0.000  0.000  0.000 0.0000000000
8528  0.000  0.000  0.000 0.0000000000
8529  0.000  0.000  0.000 0.0000000000
8530  0.000  0.000  0.000 0.0000000000
8531  0.000  0.000  0.000 0.0000000000
8532  0.000  0.000  0.000 0.0000000000
8535  0.000  0.000  0.000 0.0000000000
8536  0.000  0.000  0.000 0.0000000000
8537  0.000  0.000  0.000 0.0000000000
8538  0.000  0.000  0.000 0.0000000000
8541  0.000  0.000  0.000 0.0000000000
8542  0.000  0.000  0.000 0.0000000000
8543  0.000  0.000  0.000 0.0000000000
8547  0.000  0.000  0.000 0.0000000000
8548  0.000  0.000  0.000 0.0000000000
8559  0.000  0.000  0.000 0.0000000000
8560  0.000  0.000  0.000 0.0000000000
8573  0.000  0.000  0.000 0.0000000000
8574  0.000  0.000  0.000 0.0000000000
8588  0.000  0.000  0.000 0.0000000000
8589  0.000  0.000  0.000 0.0000000000
8603  0.000  0.000  0.000 0.0000000000
8604  0.000  0.000  0.000 0.0000000000
8763  0.000  0.000  0.000 0.0000000000
8766  0.000  0.000  0.000 0.0000000000
8769  0.000  0.000  0.000 0.0000000000
8776  0.000  0.000  0.000 0.0000000000
8777  0.000  0.000  0.000 0.0000000000
8782  0.000  0.000  0.000 0.0000000000
8787  0.000  0.000  0.000 0.0000000000
8791  0.000  0.000  0.000 0.0000000000
8797  0.000  0.000  0.000 0.0000000000
8803  0.000  0.000  0.000 0.0000000000
8812  0.000  0.000  0.000 0.0000000000
8813  0.000  0.000  0.000 0.0000000000
8829  0.000  0.000  0.000 0.0000000000
9104  0.000  0.000  0.000 0.0000000000
9105  0.000  0.000  0.000 0.0000000000
9106  0.000  0.000  0.000 0.0000000000
9107  0.000  0.000  0.000 0.0000000000
9110  0.000  0.000  0.000 0.0000000000
9111  0.000  0.000  0.000 0.0000000000
9112  0.000  0.000  0.000 0.0000000000
9113  0.000  0.000  0.000 0.0000000000
9114  0.000  0.000  0.000 0.0000000000
9115  0.000  0.000  0.000 0.0000000000
9119  0.000  0.000  0.000 0.0000000000
9120  0.000  0.000  0.000 0.0000000000
9121  0.000  0.000  0.000 0.0000000000
9122  0.000  0.000  0.000 0.0000000000
9126  0.000  0.000  0.000 0.0000000000
9127  0.000  0.000  0.000 0.0000000000
9128  0.000  0.000  0.000 0.0000000000
9132  0.000  0.000  0.000 0.0000000000
9133  0.000  0.000  0.000 0.0000000000
9137  0.000  0.000  0.000 0.0000000000
9138  0.000  0.000  0.000 0.0000000000
9145  0.000  0.000  0.000 0.0000000000
9158  0.000  0.000  0.000 0.0000000000
9171  0.000  0.000  0.000 0.0000000000
9337  0.000  0.000  0.000 0.0000000000
9340  0.000  0.000  0.000 0.0000000000
9341  0.000  0.000  0.000 0.0000000000
9343  0.000  0.000  0.000 0.0000000000
9348  0.000  0.000  0.000 0.0000000000
9349  0.000  0.000  0.000 0.0000000000
9355  0.000  0.000  0.000 0.0000000000
9356  0.000  0.000  0.000 0.0000000000
9361  0.000  0.000  0.000 0.0000000000
9366  0.000  0.000  0.000 0.0000000000
9372  0.000  0.000  0.000 0.0000000000
9378  0.000  0.000  0.000 0.0000000000
9384  0.000  0.000  0.000 0.0000000000
9385  0.000  0.000  0.000 0.0000000000
9398  0.000  0.000  0.000 0.0000000000
9399  0.000  0.000  0.000 0.0000000000
9400  0.000  0.000  0.000 0.0000000000
9415  0.000  0.000  0.000 0.0000000000
9676  0.000  0.000  0.000 0.0000000000
9687  0.000  0.000  0.000 0.0000000000
9688  0.000  0.000  0.000 0.0000000000
9689  0.000  0.000  0.000 0.0000000000
9690  0.000  0.000  0.000 0.0000000000
9691  0.000  0.000  0.000 0.0000000000
9697  0.000  0.000  0.000 0.0000000000
9698  0.000  0.000  0.000 0.0000000000
9699  0.000  0.000  0.000 0.0000000000
9700  0.000  0.000  0.000 0.0000000000
9703  0.000  0.000  0.000 0.0000000000
9704  0.000  0.000  0.000 0.0000000000
9705  0.000  0.000  0.000 0.0000000000
9706  0.000  0.000  0.000 0.0000000000
9710  0.000  0.000  0.000 0.0000000000
9711  0.000  0.000  0.000 0.0000000000
9712  0.000  0.000  0.000 0.0000000000
9716  0.000  0.000  0.000 0.0000000000
9717  0.000  0.000  0.000 0.0000000000
9718  0.000  0.000  0.000 0.0000000000
9722  0.000  0.000  0.000 0.0000000000
9723  0.000  0.000  0.000 0.0000000000
9724  0.000  0.000  0.000 0.0000000000
9729  0.000  0.000  0.000 0.0000000000
9730  0.000  0.000  0.000 0.0000000000
9735  0.000  0.000  0.000 0.0000000000
9736  0.000  0.000  0.000 0.0000000000
9742  0.000  0.000  0.000 0.0000000000
9743  0.000  0.000  0.000 0.0000000000
9915  0.000  0.000  0.000 0.0000000000
9918  0.000  0.000  0.000 0.0000000000
9919  0.000  0.000  0.000 0.0000000000
9921  0.000  0.000  0.000 0.0000000000
9922  0.000  0.000  0.000 0.0000000000
9925  0.000  0.000  0.000 0.0000000000
9932  0.000  0.000  0.000 0.0000000000
9933  0.000  0.000  0.000 0.0000000000
9940  0.000  0.000  0.000 0.0000000000
9945  0.000  0.000  0.000 0.0000000000
9951  0.000  0.000  0.000 0.0000000000
9957  0.000  0.000  0.000 0.0000000000
9963  0.000  0.000  0.000 0.0000000000
9964  0.000  0.000  0.000 0.0000000000
9977  0.000  0.000  0.000 0.0000000000
9978  0.000  0.000  0.000 0.0000000000
9994  0.000  0.000  0.000 0.0000000000
10270  0.000  0.000  0.000 0.0000000000
10271  0.000  0.000  0.000 0.0000000000
10272  0.000  0.000  0.000 0.0000000000
10283  0.000  0.000  0.000 0.0000000000
10284  0.000  0.000  0.000 0.0000000000
10285  0.000  0.000  0.000 0.0000000000
10286  0.000  0.000  0.000 0.0000000000
10293  0.000  0.000  0.000 0.0000000000
10294  0.000  0.000  0.000 0.0000000000
10295  0.000  0.000  0.000 0.0000000000
10296  0.000  0.000  0.000 0.0000000000
10299  0.000  0.000  0.000 0.0000000000
10300  0.000  0.000  0.000 0.0000000000
10301  0.000  0.000  0.000 0.0000000000
10302  0.000  0.000  0.000 0.0000000000
10305  0.000  0.000  0.000 0.0000000000
10306  0.000  0.000  0.000 0.0000000000
10307  0.000  0.000  0.000 0.0000000000
10310  0.000  0.000  0.000 0.0000000000
10311  0.000  0.000  0.000 0.0000000000
10312  0.000  0.000  0.000 0.0000000000
10316  0.000  0.000  0.000 0.0000000000
10317  0.000  0.000  0.000 0.0000000000
10318  0.000  0.000  0.000 0.0000000000
10322  0.000  0.000  0.000 0.0000000000
10323  0.000  0.000  0.000 0.0000000000
10327  0.000  0.000  0.000 0.0000000000
10328  0.000  0.000  0.000 0.0000000000
10477  0.000  0.000  0.000 0.0000000000
10478  0.000  0.000  0.000 0.0000000000
10481  0.000  0.000  0.000 0.0000000000
10482  0.000  0.000  0.000 0.0000000000
10485  0.000  0.000  0.000 0.0000000000
10486  0.000  0.000  0.000 0.0000000000
10489  0.000  0.000  0.000 0.0000000000
10492  0.000  0.000  0.000 0.0000000000
10498  0.000  0.000  0.000 0.0000000000
10499  0.000  0.000  0.000 0.0000000000
10504  0.000  0.000  0.000 0.0000000000
10509  0.000  0.000  0.000 0.0000000000
10515  0.000  0.000  0.000 0.0000000000
10520  0.000  0.000  0.000 0.0000000000
10526  0.000  0.000  0.000 0.0000000000
10527  0.000  0.000  0.000 0.0000000000
10830  0.000  0.000  0.000 0.0000000000
10842  0.000  0.000  0.000 0.0000000000
10843  0.000  0.000  0.000 0.0000000000
10853  0.000  0.000  0.000 0.0000000000
10854  0.000  0.000  0.000 0.0000000000
10863  0.000  0.000  0.000 0.0000000000
10864  0.000  0.000  0.000 0.0000000000
10867  0.000  0.000  0.000 0.0000000000
10868  0.000  0.000  0.000 0.0000000000
10870  0.000  0.000  0.000 0.0000000000
10871  0.000  0.000  0.000 0.0000000000
10872  0.000  0.000  0.000 0.0000000000
10875  0.000  0.000  0.000 0.0000000000
10876  0.000  0.000  0.000 0.0000000000
11037  0.000  0.000  0.000 0.0000000000
11038  0.000  0.000  0.000 0.0000000000
11041  0.000  0.000  0.000 0.0000000000
11043  0.000  0.000  0.000 0.0000000000
11044  0.000  0.000  0.000 0.0000000000
11047  0.000  0.000  0.000 0.0000000000
11051  0.000  0.000  0.000 0.0000000000
11057  0.000  0.000  0.000 0.0000000000
11058  0.000  0.000  0.000 0.0000000000
11063  0.000  0.000  0.000 0.0000000000
11069  0.000  0.000  0.000 0.0000000000
11074  0.000  0.000  0.000 0.0000000000
11080  0.000  0.000  0.000 0.0000000000
11081  0.000  0.000  0.000 0.0000000000
11093  0.000  0.000  0.000 0.0000000000
11094  0.000  0.000  0.000 0.0000000000
11621  0.000  0.000  0.000 0.0000000000
11622  0.000  0.000  0.000 0.0000000000
11625  0.000  0.000  0.000 0.0000000000
11628  0.000  0.000  0.000 0.0000000000
11629  0.000  0.000  0.000 0.0000000000
11632  0.000  0.000  0.000 0.0000000000
11637  0.000  0.000  0.000 0.0000000000
11644  0.000  0.000  0.000 0.0000000000
11645  0.000  0.000  0.000 0.0000000000
11651  0.000  0.000  0.000 0.0000000000
11652  0.000  0.000  0.000 0.0000000000
11658  0.000  0.000  0.000 0.0000000000
11659  0.000  0.000  0.000 0.0000000000
11664  0.000  0.000  0.000 0.0000000000
11665  0.000  0.000  0.000 0.0000000000
11675  0.000  0.000  0.000 0.0000000000
11676  0.000  0.000  0.000 0.0000000000
11690  0.000  0.000  0.000 0.0000000000
12207  0.000  0.000  0.000 0.0000000000
12210  0.000  0.000  0.000 0.0000000000
12211  0.000  0.000  0.000 0.0000000000
12214  0.000  0.000  0.000 0.0000000000
12217  0.000  0.000  0.000 0.0000000000
12218  0.000  0.000  0.000 0.0000000000
12220  0.000  0.000  0.000 0.0000000000
12225  0.000  0.000  0.000 0.0000000000
12232  0.000  0.000  0.000 0.0000000000
12237  0.000  0.000  0.000 0.0000000000
12243  0.000  0.000  0.000 0.0000000000
12248  0.000  0.000  0.000 0.0000000000
12260  0.000  0.000  0.000 0.0000000000
12273  0.000  0.000  0.000 0.0000000000
12833  0.000  0.000  0.000 0.0000000000
12835  0.000  0.000  0.000 0.0000000000
12836  0.000  0.000  0.000 0.0000000000
12839  0.000  0.000  0.000 0.0000000000
12841  0.000  0.000  0.000 0.0000000000
12842  0.000  0.000  0.000 0.0000000000
12844  0.000  0.000  0.000 0.0000000000
12849  0.000  0.000  0.000 0.0000000000
12856  0.000  0.000  0.000 0.0000000000
12861  0.000  0.000  0.000 0.0000000000
12867  0.000  0.000  0.000 0.0000000000
12874  0.000  0.000  0.000 0.0000000000
12875  0.000  0.000  0.000 0.0000000000
12890  0.000  0.000  0.000 0.0000000000
13474  0.000  0.000  0.000 0.0000000000
13477  0.000  0.000  0.000 0.0000000000
13478  0.000  0.000  0.000 0.0000000000
13480  0.000  0.000  0.000 0.0000000000
13481  0.000  0.000  0.000 0.0000000000
13484  0.000  0.000  0.000 0.0000000000
13486  0.000  0.000  0.000 0.0000000000
13487  0.000  0.000  0.000 0.0000000000
13489  0.000  0.000  0.000 0.0000000000
13495  0.000  0.000  0.000 0.0000000000
13502  0.000  0.000  0.000 0.0000000000
13507  0.000  0.000  0.000 0.0000000000
13513  0.000  0.000  0.000 0.0000000000
13514  0.000  0.000  0.000 0.0000000000
13525  0.000  0.000  0.000 0.0000000000
13526  0.000  0.000  0.000 0.0000000000
14133  0.000  0.000  0.000 0.0000000000
14136  0.000  0.000  0.000 0.0000000000
14137  0.000  0.000  0.000 0.0000000000
14140  0.000  0.000  0.000 0.0000000000
14143  0.000  0.000  0.000 0.0000000000
14144  0.000  0.000  0.000 0.0000000000
14146  0.000  0.000  0.000 0.0000000000
14147  0.000  0.000  0.000 0.0000000000
14151  0.000  0.000  0.000 0.0000000000
14157  0.000  0.000  0.000 0.0000000000
14162  0.000  0.000  0.000 0.0000000000
14166  0.000  0.000  0.000 0.0000000000
14171  0.000  0.000  0.000 0.0000000000
14172  0.000  0.000  0.000 0.0000000000
14786  0.000  0.000  0.000 0.0000000000
14788  0.000  0.000  0.000 0.0000000000
14789  0.000  0.000  0.000 0.0000000000
14792  0.000  0.000  0.000 0.0000000000
14794  0.000  0.000  0.000 0.0000000000
14795  0.000  0.000  0.000 0.0000000000
14797  0.000  0.000  0.000 0.0000000000
14802  0.000  0.000  0.000 0.0000000000
14808  0.000  0.000  0.000 0.0000000000
14813  0.000  0.000  0.000 0.0000000000
14818  0.000  0.000  0.000 0.0000000000
14826  0.000  0.000  0.000 0.0000000000
14827  0.000  0.000  0.000 0.0000000000
15439  0.000  0.000  0.000 0.0000000000
15441  0.000  0.000  0.000 0.0000000000
15442  0.000  0.000  0.000 0.0000000000
15445  0.000  0.000  0.000 0.0000000000
15447  0.000  0.000  0.000 0.0000000000
15448  0.000  0.000  0.000 0.0000000000
15450  0.000  0.000  0.000 0.0000000000
15455  0.000  0.000  0.000 0.0000000000
15460  0.000  0.000  0.000 0.0000000000
15465  0.000  0.000  0.000 0.0000000000
15470  0.000  0.000  0.000 0.0000000000
15471  0.000  0.000  0.000 0.0000000000
15482  0.000  0.000  0.000 0.0000000000
15483  0.000  0.000  0.000 0.0000000000
16111  0.000  0.000  0.000 0.0000000000
16114  0.000  0.000  0.000 0.0000000000
16116  0.000  0.000  0.000 0.0000000000
16117  0.000  0.000  0.000 0.0000000000
16120  0.000  0.000  0.000 0.0000000000
16122  0.000  0.000  0.000 0.0000000000
16123  0.000  0.000  0.000 0.0000000000
16125  0.000  0.000  0.000 0.0000000000
16131  0.000  0.000  0.000 0.0000000000
16136  0.000  0.000  0.000 0.0000000000
16142  0.000  0.000  0.000 0.0000000000
16147  0.000  0.000  0.000 0.0000000000
16148  0.000  0.000  0.000 0.0000000000
16812  0.000  0.000  0.000 0.0000000000
16815  0.000  0.000  0.000 0.0000000000
16817  0.000  0.000  0.000 0.0000000000
16818  0.000  0.000  0.000 0.0000000000
16821  0.000  0.000  0.000 0.0000000000
16823  0.000  0.000  0.000 0.0000000000
16824  0.000  0.000  0.000 0.0000000000
16826  0.000  0.000  0.000 0.0000000000
16832  0.000  0.000  0.000 0.0000000000
16836  0.000  0.000  0.000 0.0000000000
16842  0.000  0.000  0.000 0.0000000000
16843  0.000  0.000  0.000 0.0000000000
16850  0.000  0.000  0.000 0.0000000000
16851  0.000  0.000  0.000 0.0000000000
17539  0.000  0.000  0.000 0.0000000000
17542  0.000  0.000  0.000 0.0000000000
17544  0.000  0.000  0.000 0.0000000000
17545  0.000  0.000  0.000 0.0000000000
17548  0.000  0.000  0.000 0.0000000000
17550  0.000  0.000  0.000 0.0000000000
17551  0.000  0.000  0.000 0.0000000000
17553  0.000  0.000  0.000 0.0000000000
17554  0.000  0.000  0.000 0.0000000000
17560  0.000  0.000  0.000 0.0000000000
17564  0.000  0.000  0.000 0.0000000000
17565  0.000  0.000  0.000 0.0000000000
17571  0.000  0.000  0.000 0.0000000000
17572  0.000  0.000  0.000 0.0000000000
17583  0.000  0.000  0.000 0.0000000000
18287  0.000  0.000  0.000 0.0000000000
18290  0.000  0.000  0.000 0.0000000000
18292  0.000  0.000  0.000 0.0000000000
18293  0.000  0.000  0.000 0.0000000000
18296  0.000  0.000  0.000 0.0000000000
18298  0.000  0.000  0.000 0.0000000000
18300  0.000  0.000  0.000 0.0000000000
18301  0.000  0.000  0.000 0.0000000000
18307  0.000  0.000  0.000 0.0000000000
18308  0.000  0.000  0.000 0.0000000000
18312  0.000  0.000  0.000 0.0000000000
18313  0.000  0.000  0.000 0.0000000000
18319  0.000  0.000  0.000 0.0000000000
18320  0.000  0.000  0.000 0.0000000000
18330  0.000  0.000  0.000 0.0000000000
18331  0.000  0.000  0.000 0.0000000000
19035  0.000  0.000  0.000 0.0000000000
19038  0.000  0.000  0.000 0.0000000000
19039  0.000  0.000  0.000 0.0000000000
19041  0.000  0.000  0.000 0.0000000000
19042  0.000  0.000  0.000 0.0000000000
19045  0.000  0.000  0.000 0.0000000000
19047  0.000  0.000  0.000 0.0000000000
19049  0.000  0.000  0.000 0.0000000000
19050  0.000  0.000  0.000 0.0000000000
19056  0.000  0.000  0.000 0.0000000000
19057  0.000  0.000  0.000 0.0000000000
19062  0.000  0.000  0.000 0.0000000000
19068  0.000  0.000  0.000 0.0000000000
19069  0.000  0.000  0.000 0.0000000000
19795  0.000  0.000  0.000 0.0000000000
19798  0.000  0.000  0.000 0.0000000000
19799  0.000  0.000  0.000 0.0000000000
19801  0.000  0.000  0.000 0.0000000000
19804  0.000  0.000  0.000 0.0000000000
19806  0.000  0.000  0.000 0.0000000000
19808  0.000  0.000  0.000 0.0000000000
19814  0.000  0.000  0.000 0.0000000000
19819  0.000  0.000  0.000 0.0000000000
19820  0.000  0.000  0.000 0.0000000000
19826  0.000  0.000  0.000 0.0000000000
19827  0.000  0.000  0.000 0.0000000000
20592  0.000  0.000  0.000 0.0000000000
20593  0.000  0.000  0.000 0.0000000000
20595  0.000  0.000  0.000 0.0000000000
20596  0.000  0.000  0.000 0.0000000000
20599  0.000  0.000  0.000 0.0000000000
20602  0.000  0.000  0.000 0.0000000000
20604  0.000  0.000  0.000 0.0000000000
20610  0.000  0.000  0.000 0.0000000000
20615  0.000  0.000  0.000 0.0000000000
20616  0.000  0.000  0.000 0.0000000000
20625  0.000  0.000  0.000 0.0000000000
21426  0.000  0.000  0.000 0.0000000000
21428  0.000  0.000  0.000 0.0000000000
21429  0.000  0.000  0.000 0.0000000000
21431  0.000  0.000  0.000 0.0000000000
21434  0.000  0.000  0.000 0.0000000000
21436  0.000  0.000  0.000 0.0000000000
21442  0.000  0.000  0.000 0.0000000000
21443  0.000  0.000  0.000 0.0000000000
21449  0.000  0.000  0.000 0.0000000000
21450  0.000  0.000  0.000 0.0000000000
21451  0.000  0.000  0.000 0.0000000000
21461  0.000  0.000  0.000 0.0000000000
21462  0.000  0.000  0.000 0.0000000000
22283  0.000  0.000  0.000 0.0000000000
22284  0.000  0.000  0.000 0.0000000000
22287  0.000  0.000  0.000 0.0000000000
22289  0.000  0.000  0.000 0.0000000000
22290  0.000  0.000  0.000 0.0000000000
22292  0.000  0.000  0.000 0.0000000000
22293  0.000  0.000  0.000 0.0000000000
22296  0.000  0.000  0.000 0.0000000000
22298  0.000  0.000  0.000 0.0000000000
22299  0.000  0.000  0.000 0.0000000000
22304  0.000  0.000  0.000 0.0000000000
22305  0.000  0.000  0.000 0.0000000000
22311  0.000  0.000  0.000 0.0000000000
22312  0.000  0.000  0.000 0.0000000000
23110  0.000  0.000  0.000 0.0000000000
23111  0.000  0.000  0.000 0.0000000000
23114  0.000  0.000  0.000 0.0000000000
23116  0.000  0.000  0.000 0.0000000000
23118  0.000  0.000  0.000 0.0000000000
23119  0.000  0.000  0.000 0.0000000000
23122  0.000  0.000  0.000 0.0000000000
23123  0.000  0.000  0.000 0.0000000000
23125  0.000  0.000  0.000 0.0000000000
23126  0.000  0.000  0.000 0.0000000000
23131  0.000  0.000  0.000 0.0000000000
23132  0.000  0.000  0.000 0.0000000000
23139  0.000  0.000  0.000 0.0000000000
23140  0.000  0.000  0.000 0.0000000000
23884  0.000  0.000  0.000 0.0000000000
23886  0.000  0.000  0.000 0.0000000000
23887  0.000  0.000  0.000 0.0000000000
23890  0.000  0.000  0.000 0.0000000000
23892  0.000  0.000  0.000 0.0000000000
23894  0.000  0.000  0.000 0.0000000000
23897  0.000  0.000  0.000 0.0000000000
23902  0.000  0.000  0.000 0.0000000000
23907  0.000  0.000  0.000 0.0000000000
23908  0.000  0.000  0.000 0.0000000000
23914  0.000  0.000  0.000 0.0000000000
24630  0.000  0.000  0.000 0.0000000000
24632  0.000  0.000  0.000 0.0000000000
24634  0.000  0.000  0.000 0.0000000000
24635  0.000  0.000  0.000 0.0000000000
24638  0.000  0.000  0.000 0.0000000000
24640  0.000  0.000  0.000 0.0000000000
24642  0.000  0.000  0.000 0.0000000000
24644  0.000  0.000  0.000 0.0000000000
24650  0.000  0.000  0.000 0.0000000000
24651  0.000  0.000  0.000 0.0000000000
24657  0.000  0.000  0.000 0.0000000000
24658  0.000  0.000  0.000 0.0000000000
25419  0.000  0.000  0.000 0.0000000000
25421  0.000  0.000  0.000 0.0000000000
25423  0.000  0.000  0.000 0.0000000000
25424  0.000  0.000  0.000 0.0000000000
25427  0.000  0.000  0.000 0.0000000000
25429  0.000  0.000  0.000 0.0000000000
25431  0.000  0.000  0.000 0.0000000000
25433  0.000  0.000  0.000 0.0000000000
25439  0.000  0.000  0.000 0.0000000000
25440  0.000  0.000  0.000 0.0000000000
25445  0.000  0.000  0.000 0.0000000000
26212  0.000  0.000  0.000 0.0000000000
26214  0.000  0.000  0.000 0.0000000000
26216  0.000  0.000  0.000 0.0000000000
26217  0.000  0.000  0.000 0.0000000000
26220  0.000  0.000  0.000 0.0000000000
26222  0.000  0.000  0.000 0.0000000000
26224  0.000  0.000  0.000 0.0000000000
26226  0.000  0.000  0.000 0.0000000000
26232  0.000  0.000  0.000 0.0000000000
26233  0.000  0.000  0.000 0.0000000000
26239  0.000  0.000  0.000 0.0000000000
27001  0.000  0.000  0.000 0.0000000000
27003  0.000  0.000  0.000 0.0000000000
27005  0.000  0.000  0.000 0.0000000000
27006  0.000  0.000  0.000 0.0000000000
27009  0.000  0.000  0.000 0.0000000000
27011  0.000  0.000  0.000 0.0000000000
27013  0.000  0.000  0.000 0.0000000000
27015  0.000  0.000  0.000 0.0000000000
27016  0.000  0.000  0.000 0.0000000000
27023  0.000  0.000  0.000 0.0000000000
27024  0.000  0.000  0.000 0.0000000000
27777  0.000  0.000  0.000 0.0000000000
27779  0.000  0.000  0.000 0.0000000000
27781  0.000  0.000  0.000 0.0000000000
27782  0.000  0.000  0.000 0.0000000000
27785  0.000  0.000  0.000 0.0000000000
27787  0.000  0.000  0.000 0.0000000000
27789  0.000  0.000  0.000 0.0000000000
27793  0.000  0.000  0.000 0.0000000000
27794  0.000  0.000  0.000 0.0000000000
28546  0.000  0.000  0.000 0.0000000000
28548  0.000  0.000  0.000 0.0000000000
28551  0.000  0.000  0.000 0.0000000000
28552  0.000  0.000  0.000 0.0000000000
28555  0.000  0.000  0.000 0.0000000000
28556  0.000  0.000  0.000 0.0000000000
28558  0.000  0.000  0.000 0.0000000000
28560  0.000  0.000  0.000 0.0000000000
28561  0.000  0.000  0.000 0.0000000000
28568  0.000  0.000  0.000 0.0000000000
28569  0.000  0.000  0.000 0.0000000000
29327  0.000  0.000  0.000 0.0000000000
29330  0.000  0.000  0.000 0.0000000000
29332  0.000  0.000  0.000 0.0000000000
29333  0.000  0.000  0.000 0.0000000000
29335  0.000  0.000  0.000 0.0000000000
29336  0.000  0.000  0.000 0.0000000000
29340  0.000  0.000  0.000 0.0000000000
30062  0.000  0.000  0.000 0.0000000000
30066  0.000  0.000  0.000 0.0000000000
30068  0.000  0.000  0.000 0.0000000000
